'20231120',500,113700,4,'',1,40000,4,'',1,20300,4,'',1,8500,4,'',1,3000,4,'',1,5500,4,'',1,3000,4,'',1,39800,4,'',1,10000,4,'',1
'20231120',501,51800,,'',1,3000,,'',1,7000,,'',1,3000,,'',1,5500,,'',1,10000,,'',1,9900,,'',1,40300,,'',1,80000,,'',1
'20231121',500,113700,4,'',1,40000,4,'',1,20300,4,'',1,8500,4,'',1,3000,4,'',1,5500,4,'',1,3000,4,'',1,39800,4,'',1,10000,4,'',1
'20231121',501,51800,,'',1,3000,,'',1,7000,,'',1,3000,,'',1,5500,,'',1,10000,,'',1,9900,,'',1,40300,,'',1,80000,,'',1
'20231122',500,113700,4,'',1,40000,4,'',1,20300,4,'',1,8500,4,'',1,3000,4,'',1,5500,4,'',1,3000,4,'',1,39800,4,'',1,10000,4,'',1
'20231122',501,51800,,'',1,3000,,'',1,7000,,'',1,3000,,'',1,5500,,'',1,10000,,'',1,9900,,'',1,40300,,'',1,80000,,'',1
'20231123',500,113700,4,'',1,40000,4,'',1,20300,4,'',1,8500,4,'',1,3000,4,'',1,5500,4,'',1,3000,4,'',1,39800,4,'',1,10000,4,'',1
'20231123',501,51800,,'',1,3000,,'',1,7000,,'',1,3000,,'',1,5500,,'',1,10000,,'',1,9900,,'',1,40300,,'',1,80000,,'',1
'20231124',500,113700,4,'',1,40000,4,'',1,20300,4,'',1,8500,4,'',1,3000,4,'',1,5500,4,'',1,3000,4,'',1,39800,4,'',1,10000,4,'',1
'20231124',501,51800,,'',1,3000,,'',1,7000,,'',1,3000,,'',1,5500,,'',1,10000,,'',1,9900,,'',1,40300,,'',1,80000,,'',1
'20231125',500,103700,4,'',1,30000,4,'',1,30000,4,'',1,30000,4,'',1,30000,4,'',1,20000,4,'',1
'20231125',501,65100,,'',1,15500,,'',1,30000,,'',1,30000,,'',1,30000,,'',1,30000,,'',1
'20231126',500,103700,4,'',1,30000,4,'',1,30000,4,'',1,30000,4,'',1,30000,4,'',1,20000,4,'',1
'20231126',501,65100,,'',1,15500,,'',1,30000,,'',1,30000,,'',1,30000,,'',1,30000,,'',1
'20231127',500,113700,4,'',1,40000,4,'',1,20300,4,'',1,8500,4,'',1,3000,4,'',1,5500,4,'',1,3000,4,'',1,39800,4,'',1,10000,4,'',1
'20231127',501,51800,,'',1,3000,,'',1,7000,,'',1,3000,,'',1,5500,,'',1,10000,,'',1,9900,,'',1,40300,,'',1,80000,,'',1
'20231128',500,113700,4,'',1,40000,4,'',1,20300,4,'',1,8500,4,'',1,3000,4,'',1,5500,4,'',1,3000,4,'',1,39800,4,'',1,10000,4,'',1
'20231128',501,51800,,'',1,3000,,'',1,7000,,'',1,3000,,'',1,5500,,'',1,10000,,'',1,9900,,'',1,40300,,'',1,80000,,'',1
'20231129',500,113700,4,'',1,40000,4,'',1,20300,4,'',1,8500,4,'',1,3000,4,'',1,5500,4,'',1,3000,4,'',1,39800,4,'',1,10000,4,'',1
'20231129',501,51800,,'',1,3000,,'',1,7000,,'',1,3000,,'',1,5500,,'',1,10000,,'',1,9900,,'',1,40300,,'',1,80000,,'',1
'20231130',500,113700,4,'',1,40000,4,'',1,20300,4,'',1,8500,4,'',1,3000,4,'',1,5500,4,'',1,3000,4,'',1,39800,4,'',1,10000,4,'',1
'20231130',501,51800,,'',1,3000,,'',1,7000,,'',1,3000,,'',1,5500,,'',1,10000,,'',1,9900,,'',1,40300,,'',1,80000,,'',1
'20231201',500,113700,4,'',1,40000,4,'',1,20300,4,'',1,8500,4,'',1,3000,4,'',1,5500,4,'',1,3000,4,'',1,39800,4,'',1,10000,4,'',1
'20231201',501,51800,,'',1,3000,,'',1,7000,,'',1,3000,,'',1,5500,,'',1,10000,,'',1,9900,,'',1,40300,,'',1,80000,,'',1
