'20230828',100,80300,4,'',1,10200,4,'',1,10000,4,'',1,10600,4,'',1,10000,4,'',1,10000,4,'',1,10000,4,'',1,10000,4,'',1,10000,4,'',1,10300,4,'',1,10000,4,'',1,1000,,'',1,9200,4,'',1,10000,4,'',1,9800,4,'',1,10000,4,'',1,10000,4,'',1,10000,4,'',1,10000,4,'',1,9600,4,'',1
'20230828',101,51300,,'',1,9700,,'',1,10000,,'',1,4700,,'',1,5800,,'',1,10000,,'',1,10000,,'',1,10000,,'',1,10000,,'',1,10000,,'',1,10000,,'',1,10000,,'',1,10000,,'',1,10200,,'',1,10000,,'',1,10400,,'',1,10000,,'',1,10000,,'',1,10000,,'',1,10100,,'',1
'20230829',100,80300,4,'',1,10200,4,'',1,10000,4,'',1,10600,4,'',1,10000,4,'',1,10000,4,'',1,10000,4,'',1,10000,4,'',1,10000,4,'',1,10300,4,'',1,10000,4,'',1,1000,,'',1,9200,4,'',1,10000,4,'',1,9800,4,'',1,10000,4,'',1,10000,4,'',1,10000,4,'',1,10000,4,'',1,9600,4,'',1
'20230829',101,51300,,'',1,9700,,'',1,10000,,'',1,4700,,'',1,5800,,'',1,10000,,'',1,10000,,'',1,10000,,'',1,10000,,'',1,10000,,'',1,10000,,'',1,10000,,'',1,10000,,'',1,10200,,'',1,10000,,'',1,10400,,'',1,10000,,'',1,10000,,'',1,10000,,'',1,10100,,'',1
'20230830',100,80300,4,'',1,10200,4,'',1,10000,4,'',1,10600,4,'',1,10000,4,'',1,10000,4,'',1,10000,4,'',1,10000,4,'',1,10000,4,'',1,10300,4,'',1,10000,4,'',1,1000,,'',1,9200,4,'',1,10000,4,'',1,9800,4,'',1,10000,4,'',1,10000,4,'',1,10000,4,'',1,10000,4,'',1,9600,4,'',1
'20230830',101,51300,,'',1,9700,,'',1,10000,,'',1,4700,,'',1,5800,,'',1,10000,,'',1,10000,,'',1,10000,,'',1,10000,,'',1,10000,,'',1,10000,,'',1,10000,,'',1,10000,,'',1,10200,,'',1,10000,,'',1,10400,,'',1,10000,,'',1,10000,,'',1,10000,,'',1,10100,,'',1
'20230831',100,80300,4,'',1,10200,4,'',1,10000,4,'',1,10600,4,'',1,10000,4,'',1,10000,4,'',1,10000,4,'',1,10000,4,'',1,10000,4,'',1,10300,4,'',1,10000,4,'',1,1000,,'',1,9200,4,'',1,10000,4,'',1,9800,4,'',1,10000,4,'',1,10000,4,'',1,10000,4,'',1,10000,4,'',1,9600,4,'',1
'20230831',101,51300,,'',1,9700,,'',1,10000,,'',1,4700,,'',1,5800,,'',1,10000,,'',1,10000,,'',1,10000,,'',1,10000,,'',1,10000,,'',1,10000,,'',1,10000,,'',1,10000,,'',1,10200,,'',1,10000,,'',1,10400,,'',1,10000,,'',1,10000,,'',1,10000,,'',1,10100,,'',1
'20230901',100,80300,4,'',1,10200,4,'',1,10000,4,'',1,10600,4,'',1,10000,4,'',1,10000,4,'',1,10000,4,'',1,10000,4,'',1,10000,4,'',1,10300,4,'',1,10000,4,'',1,1000,,'',1,9200,4,'',1,10000,4,'',1,9800,4,'',1,10000,4,'',1,10000,4,'',1,10000,4,'',1,10000,4,'',1,9600,4,'',1
'20230901',101,51300,,'',1,9700,,'',1,10000,,'',1,4700,,'',1,5800,,'',1,10000,,'',1,10000,,'',1,10000,,'',1,10000,,'',1,10000,,'',1,10000,,'',1,10000,,'',1,10000,,'',1,10200,,'',1,10000,,'',1,10400,,'',1,10000,,'',1,10000,,'',1,10000,,'',1,10100,,'',1
'20230902',100,100600,4,'',1,10500,4,'',1,10000,4,'',1,10000,4,'',1,10000,4,'',1,10000,4,'',1,10000,4,'',1,10000,4,'',1,10000,4,'',1,10400,4,'',1,10000,4,'',1,10000,4,'',1,10000,4,'',1,9500,4,'',1,10500,4,'',1,10100,4,'',1,9400,4,'',1
'20230902',101,72200,,'',1,10000,,'',1,10000,,'',1,10000,,'',1,10000,,'',1,10000,,'',1,10000,,'',1,10000,,'',1,10000,,'',1,10000,,'',1,10000,,'',1,10000,,'',1,10000,,'',1,10000,,'',1,10000,,'',1,10000,,'',1,10100,,'',1
'20230903',100,100600,4,'',1,10500,4,'',1,10000,4,'',1,10000,4,'',1,10000,4,'',1,10000,4,'',1,10000,4,'',1,10000,4,'',1,10000,4,'',1,10400,4,'',1,10000,4,'',1,10000,4,'',1,10000,4,'',1,9500,4,'',1,10500,4,'',1,10100,4,'',1,9400,4,'',1
'20230903',101,72200,,'',1,10000,,'',1,10000,,'',1,10000,,'',1,10000,,'',1,10000,,'',1,10000,,'',1,10000,,'',1,10000,,'',1,10000,,'',1,10000,,'',1,10000,,'',1,10000,,'',1,10000,,'',1,10000,,'',1,10000,,'',1,10100,,'',1
'20230904',100,100600,4,'',1,10500,4,'',1,10000,4,'',1,10000,4,'',1,10000,4,'',1,10000,4,'',1,10000,4,'',1,10000,4,'',1,10000,4,'',1,10400,4,'',1,10000,4,'',1,10000,4,'',1,10000,4,'',1,9500,4,'',1,10500,4,'',1,10100,4,'',1,9400,4,'',1
'20230904',101,72200,,'',1,10000,,'',1,10000,,'',1,10000,,'',1,10000,,'',1,10000,,'',1,10000,,'',1,10000,,'',1,10000,,'',1,10000,,'',1,10000,,'',1,10000,,'',1,10000,,'',1,10000,,'',1,10000,,'',1,10000,,'',1,10100,,'',1
'20230905',100,80200,4,'',1,10700,4,'',1,10000,4,'',1,10000,4,'',1,10000,4,'',1,10000,4,'',1,10000,4,'',1,10000,4,'',1,10000,4,'',1,10400,4,'',1,10000,4,'',1,1800,,'',1,7900,4,'',1,10000,4,'',1,10000,4,'',1,10000,4,'',1,10000,4,'',1,10000,4,'',1,10000,4,'',1
'20230905',101,51000,,'',1,9800,,'',1,10100,,'',1,4600,,'',1,6900,,'',1,10100,,'',1,10000,,'',1,10000,,'',1,10000,,'',1,10000,,'',1,10000,,'',1,10000,,'',1,9800,,'',1,10000,,'',1,9900,,'',1,10200,,'',1,10000,,'',1,10000,,'',1,10000,,'',1
'20230906',100,80200,4,'',1,10700,4,'',1,10000,4,'',1,10000,4,'',1,10000,4,'',1,10000,4,'',1,10000,4,'',1,10000,4,'',1,10000,4,'',1,10400,4,'',1,10000,4,'',1,1800,,'',1,7900,4,'',1,10000,4,'',1,10000,4,'',1,10000,4,'',1,10000,4,'',1,10000,4,'',1,10000,4,'',1
'20230906',101,51000,,'',1,9800,,'',1,10100,,'',1,4600,,'',1,6900,,'',1,10100,,'',1,10000,,'',1,10000,,'',1,10000,,'',1,10000,,'',1,10000,,'',1,10000,,'',1,9800,,'',1,10000,,'',1,9900,,'',1,10200,,'',1,10000,,'',1,10000,,'',1,10000,,'',1
'20230907',100,80200,4,'',1,10700,4,'',1,10000,4,'',1,10000,4,'',1,10000,4,'',1,10000,4,'',1,10000,4,'',1,10000,4,'',1,10000,4,'',1,10400,4,'',1,10000,4,'',1,1800,,'',1,7900,4,'',1,10000,4,'',1,10000,4,'',1,10000,4,'',1,10000,4,'',1,10000,4,'',1,10000,4,'',1
'20230907',101,51000,,'',1,9800,,'',1,10100,,'',1,4600,,'',1,6900,,'',1,10100,,'',1,10000,,'',1,10000,,'',1,10000,,'',1,10000,,'',1,10000,,'',1,10000,,'',1,9800,,'',1,10000,,'',1,9900,,'',1,10200,,'',1,10000,,'',1,10000,,'',1,10000,,'',1
'20230908',100,80200,4,'',1,10700,4,'',1,10000,4,'',1,10000,4,'',1,10000,4,'',1,10000,4,'',1,10000,4,'',1,10000,4,'',1,10000,4,'',1,10400,4,'',1,10000,4,'',1,1800,,'',1,7900,4,'',1,10000,4,'',1,10000,4,'',1,10000,4,'',1,10000,4,'',1,10000,4,'',1,10000,4,'',1,10000,4,'',1
'20230908',101,51000,,'',1,9800,,'',1,10100,,'',1,4600,,'',1,6900,,'',1,10100,,'',1,10000,,'',1,10000,,'',1,10000,,'',1,10000,,'',1,10000,,'',1,10000,,'',1,9800,,'',1,10000,,'',1,9900,,'',1,10200,,'',1,10000,,'',1,10000,,'',1,10000,,'',1,9500,,'',1
'20230909',100,100700,4,'',1,10000,4,'',1,10000,4,'',1,10000,4,'',1,10000,4,'',1,10000,4,'',1,10000,4,'',1,10000,4,'',1,10000,4,'',1,10400,4,'',1,10000,4,'',1,10000,4,'',1,10000,4,'',1,9600,4,'',1,10400,4,'',1,10000,4,'',1,9700,4,'',1
'20230909',101,72100,,'',1,10000,,'',1,10000,,'',1,10000,,'',1,10000,,'',1,10000,,'',1,10000,,'',1,10000,,'',1,10000,,'',1,10000,,'',1,10000,,'',1,10000,,'',1,10000,,'',1,10000,,'',1,10000,,'',1,10000,,'',1,9900,,'',1
'20230910',100,100700,4,'',1,10000,4,'',1,10000,4,'',1,10000,4,'',1,10000,4,'',1,10000,4,'',1,10000,4,'',1,10000,4,'',1,10000,4,'',1,10400,4,'',1,10000,4,'',1,10000,4,'',1,10000,4,'',1,9600,4,'',1,10400,4,'',1,10000,4,'',1
'20230910',101,72100,,'',1,10000,,'',1,10000,,'',1,10000,,'',1,10000,,'',1,10000,,'',1,10000,,'',1,10000,,'',1,10000,,'',1,10000,,'',1,10000,,'',1,10000,,'',1,10000,,'',1,10000,,'',1,10000,,'',1,10000,,'',1
'20230911',100,80200,4,'',1,10700,4,'',1,10000,4,'',1,10000,4,'',1,10000,4,'',1,10000,4,'',1,10000,4,'',1,10000,4,'',1,10000,4,'',1,10400,4,'',1,10000,4,'',1,1800,,'',1,7900,4,'',1,10000,4,'',1,10000,4,'',1,10000,4,'',1,10000,4,'',1,10000,4,'',1,10000,4,'',1
'20230911',101,51000,,'',1,9800,,'',1,10100,,'',1,4600,,'',1,6900,,'',1,10100,,'',1,10000,,'',1,10000,,'',1,10000,,'',1,10000,,'',1,10000,,'',1,10000,,'',1,9800,,'',1,10000,,'',1,9900,,'',1,10200,,'',1,10000,,'',1,10000,,'',1,10000,,'',1
'20230912',100,80200,4,'',1,10700,4,'',1,10000,4,'',1,10000,4,'',1,10000,4,'',1,10000,4,'',1,10000,4,'',1,10000,4,'',1,10000,4,'',1,10400,4,'',1,10000,4,'',1,1800,,'',1,7900,4,'',1,10000,4,'',1,10000,4,'',1,10000,4,'',1,10000,4,'',1,10000,4,'',1,10000,4,'',1
'20230912',101,51000,,'',1,9800,,'',1,10100,,'',1,4600,,'',1,6900,,'',1,10100,,'',1,10000,,'',1,10000,,'',1,10000,,'',1,10000,,'',1,10000,,'',1,10000,,'',1,9800,,'',1,10000,,'',1,9900,,'',1,10200,,'',1,10000,,'',1,10000,,'',1,10000,,'',1
'20230913',100,80200,4,'',1,10700,4,'',1,10000,4,'',1,10000,4,'',1,10000,4,'',1,10000,4,'',1,10000,4,'',1,10000,4,'',1,10000,4,'',1,10400,4,'',1,10000,4,'',1,1800,,'',1,7900,4,'',1,10000,4,'',1,10000,4,'',1,10000,4,'',1,10000,4,'',1,10000,4,'',1,10000,4,'',1
'20230913',101,51000,,'',1,9800,,'',1,10100,,'',1,4600,,'',1,6900,,'',1,10100,,'',1,10000,,'',1,10000,,'',1,10000,,'',1,10000,,'',1,10000,,'',1,10000,,'',1,9800,,'',1,10000,,'',1,9900,,'',1,10200,,'',1,10000,,'',1,10000,,'',1,10000,,'',1
'20230914',100,80200,4,'',1,10700,4,'',1,10000,4,'',1,10000,4,'',1,10000,4,'',1,10000,4,'',1,10000,4,'',1,10000,4,'',1,10000,4,'',1,10400,4,'',1,10000,4,'',1,1800,,'',1,7900,4,'',1,10000,4,'',1,10000,4,'',1,10000,4,'',1,10000,4,'',1,10000,4,'',1,10000,4,'',1
'20230914',101,51000,,'',1,9800,,'',1,10100,,'',1,4600,,'',1,6900,,'',1,10100,,'',1,10000,,'',1,10000,,'',1,10000,,'',1,10000,,'',1,10000,,'',1,10000,,'',1,9800,,'',1,10000,,'',1,9900,,'',1,10200,,'',1,10000,,'',1,10000,,'',1,10000,,'',1
'20230915',100,80200,4,'',1,10700,4,'',1,10000,4,'',1,10000,4,'',1,10000,4,'',1,10000,4,'',1,10000,4,'',1,10000,4,'',1,10000,4,'',1,10400,4,'',1,10000,4,'',1,1800,,'',1,7900,4,'',1,10000,4,'',1,10000,4,'',1,10000,4,'',1
'20230915',101,51000,,'',1,9800,,'',1,10100,,'',1,4600,,'',1,6900,,'',1,10100,,'',1,10000,,'',1,10000,,'',1,10000,,'',1,10000,,'',1,10000,,'',1,10000,,'',1,9800,,'',1,10000,,'',1,9900,,'',1,10200,,'',1,10000,,'',1,10000,,'',1
'20230918',100,80200,4,'',1,10700,4,'',1,10000,4,'',1,10000,4,'',1,10000,4,'',1,10000,4,'',1,10000,4,'',1,10000,4,'',1,10000,4,'',1,10400,4,'',1,10000,4,'',1,1800,,'',1,7900,4,'',1,10000,4,'',1,10000,4,'',1,10000,4,'',1,10000,4,'',1,10000,4,'',1,10000,4,'',1
'20230918',101,51000,,'',1,9800,,'',1,10100,,'',1,4600,,'',1,6900,,'',1,10100,,'',1,10000,,'',1,10000,,'',1,10000,,'',1,10000,,'',1,10000,,'',1,10000,,'',1,9800,,'',1,10000,,'',1,9900,,'',1,10200,,'',1,10000,,'',1,10000,,'',1,10000,,'',1
'20230919',100,80200,4,'',1,10700,4,'',1,10000,4,'',1,10000,4,'',1,10000,4,'',1,10000,4,'',1,10000,4,'',1,10000,4,'',1,10000,4,'',1,10400,4,'',1,10000,4,'',1,1800,,'',1,7900,4,'',1,10000,4,'',1,10000,4,'',1,10000,4,'',1,10000,4,'',1,10000,4,'',1,10000,4,'',1
'20230919',101,51000,,'',1,9800,,'',1,10100,,'',1,4600,,'',1,6900,,'',1,10100,,'',1,10000,,'',1,10000,,'',1,10000,,'',1,10000,,'',1,10000,,'',1,10000,,'',1,9800,,'',1,10000,,'',1,9900,,'',1,10200,,'',1,10000,,'',1,10000,,'',1,10000,,'',1
'20230920',100,80200,4,'',1,10700,4,'',1,10000,4,'',1,10000,4,'',1,10000,4,'',1,10000,4,'',1,10000,4,'',1,10000,4,'',1,10000,4,'',1,10400,4,'',1,10000,4,'',1,1800,,'',1,7900,4,'',1,10000,4,'',1,10000,4,'',1,10000,4,'',1,10000,4,'',1,10000,4,'',1,10000,4,'',1
'20230920',101,51000,,'',1,9800,,'',1,10100,,'',1,4600,,'',1,6900,,'',1,10100,,'',1,10000,,'',1,10000,,'',1,10000,,'',1,10000,,'',1,10000,,'',1,10000,,'',1,9800,,'',1,10000,,'',1,9900,,'',1,10200,,'',1,10000,,'',1,10000,,'',1,10000,,'',1
'20230921',100,80200,4,'',1,10700,4,'',1,10000,4,'',1,10000,4,'',1,10000,4,'',1,10000,4,'',1,10000,4,'',1,10000,4,'',1,10000,4,'',1,10400,4,'',1,10000,4,'',1,1800,,'',1,7900,4,'',1,10000,4,'',1,10000,4,'',1,10000,4,'',1,10000,4,'',1,10000,4,'',1,10000,4,'',1
'20230921',101,51000,,'',1,9800,,'',1,10100,,'',1,4600,,'',1,6900,,'',1,10100,,'',1,10000,,'',1,10000,,'',1,10000,,'',1,10000,,'',1,10000,,'',1,10000,,'',1,9800,,'',1,10000,,'',1,9900,,'',1,10200,,'',1,10000,,'',1,10000,,'',1,10000,,'',1
'20230922',100,80200,4,'',1,10700,4,'',1,10000,4,'',1,10000,4,'',1,10000,4,'',1,10000,4,'',1,10000,4,'',1,10000,4,'',1,10000,4,'',1,10400,4,'',1,10000,4,'',1,1800,,'',1,7900,4,'',1,10000,4,'',1,10000,4,'',1,10000,4,'',1,10000,4,'',1,10000,4,'',1,10000,4,'',1,10000,4,'',1
'20230922',101,51000,,'',1,9800,,'',1,10100,,'',1,4600,,'',1,6900,,'',1,10100,,'',1,10000,,'',1,10000,,'',1,10000,,'',1,10000,,'',1,10000,,'',1,10000,,'',1,9800,,'',1,10000,,'',1,9900,,'',1,10200,,'',1,10000,,'',1,10000,,'',1,10000,,'',1,9500,,'',1
'20230923',100,100700,4,'',1,10000,4,'',1,10000,4,'',1,10000,4,'',1,10000,4,'',1,10000,4,'',1,10000,4,'',1,10000,4,'',1,10000,4,'',1,10400,4,'',1,10000,4,'',1,10000,4,'',1,10000,4,'',1,9600,4,'',1,10400,4,'',1,10000,4,'',1,9700,4,'',1
'20230923',101,72100,,'',1,10000,,'',1,10000,,'',1,10000,,'',1,10000,,'',1,10000,,'',1,10000,,'',1,10000,,'',1,10000,,'',1,10000,,'',1,10000,,'',1,10000,,'',1,10000,,'',1,10000,,'',1,10000,,'',1,10000,,'',1,9900,,'',1
'20230925',100,80200,4,'',1,10700,4,'',1,10000,4,'',1,10000,4,'',1,10000,4,'',1,10000,4,'',1,10000,4,'',1,10000,4,'',1,10000,4,'',1,10400,4,'',1,10000,4,'',1,1800,,'',1,7900,4,'',1,10000,4,'',1,10000,4,'',1,10000,4,'',1,10000,4,'',1,10000,4,'',1,10000,4,'',1
'20230925',101,51000,,'',1,9800,,'',1,10100,,'',1,4600,,'',1,6900,,'',1,10100,,'',1,10000,,'',1,10000,,'',1,10000,,'',1,10000,,'',1,10000,,'',1,10000,,'',1,9800,,'',1,10000,,'',1,9900,,'',1,10200,,'',1,10000,,'',1,10000,,'',1,10000,,'',1
'20230926',100,80200,4,'',1,10700,4,'',1,10000,4,'',1,10000,4,'',1,10000,4,'',1,10000,4,'',1,10000,4,'',1,10000,4,'',1,10000,4,'',1,10400,4,'',1,10000,4,'',1,1800,,'',1,7900,4,'',1,10000,4,'',1,10000,4,'',1,10000,4,'',1,10000,4,'',1,10000,4,'',1,10000,4,'',1
'20230926',101,51000,,'',1,9800,,'',1,10100,,'',1,4600,,'',1,6900,,'',1,10100,,'',1,10000,,'',1,10000,,'',1,10000,,'',1,10000,,'',1,10000,,'',1,10000,,'',1,9800,,'',1,10000,,'',1,9900,,'',1,10200,,'',1,10000,,'',1,10000,,'',1,10000,,'',1
'20230927',100,80200,4,'',1,10700,4,'',1,10000,4,'',1,10000,4,'',1,10000,4,'',1,10000,4,'',1,10000,4,'',1,10000,4,'',1,10000,4,'',1,10400,4,'',1,10000,4,'',1,1800,,'',1,7900,4,'',1,10000,4,'',1,10000,4,'',1,10000,4,'',1,10000,4,'',1,10000,4,'',1,10000,4,'',1
'20230927',101,51000,,'',1,9800,,'',1,10100,,'',1,4600,,'',1,6900,,'',1,10100,,'',1,10000,,'',1,10000,,'',1,10000,,'',1,10000,,'',1,10000,,'',1,10000,,'',1,9800,,'',1,10000,,'',1,9900,,'',1,10200,,'',1,10000,,'',1,10000,,'',1,10000,,'',1
'20230928',100,80200,4,'',1,10700,4,'',1,10000,4,'',1,10000,4,'',1,10000,4,'',1,10000,4,'',1,10000,4,'',1,10000,4,'',1,10000,4,'',1,10400,4,'',1,10000,4,'',1,1800,,'',1,7900,4,'',1,10000,4,'',1,10000,4,'',1,10000,4,'',1,10000,4,'',1,10000,4,'',1,10000,4,'',1
'20230928',101,51000,,'',1,9800,,'',1,10100,,'',1,4600,,'',1,6900,,'',1,10100,,'',1,10000,,'',1,10000,,'',1,10000,,'',1,10000,,'',1,10000,,'',1,10000,,'',1,9800,,'',1,10000,,'',1,9900,,'',1,10200,,'',1,10000,,'',1,10000,,'',1,10000,,'',1
'20230929',100,80200,4,'',1,10700,4,'',1,10000,4,'',1,10000,4,'',1,10000,4,'',1,10000,4,'',1,10000,4,'',1,10000,4,'',1,10000,4,'',1,10400,4,'',1,10000,4,'',1,1800,,'',1,7900,4,'',1,10000,4,'',1,10000,4,'',1,10000,4,'',1,10000,4,'',1,10000,4,'',1,10000,4,'',1,10000,4,'',1
'20230929',101,51000,,'',1,9800,,'',1,10100,,'',1,4600,,'',1,6900,,'',1,10100,,'',1,10000,,'',1,10000,,'',1,10000,,'',1,10000,,'',1,10000,,'',1,10000,,'',1,9800,,'',1,10000,,'',1,9900,,'',1,10200,,'',1,10000,,'',1,10000,,'',1,10000,,'',1,9500,,'',1
'20230930',100,100700,4,'',1,10000,4,'',1,10000,4,'',1,10000,4,'',1,10000,4,'',1,10000,4,'',1,10000,4,'',1,10000,4,'',1,10000,4,'',1,10400,4,'',1,10000,4,'',1,10000,4,'',1,10000,4,'',1,9600,4,'',1,10400,4,'',1,10000,4,'',1,9700,4,'',1
'20230930',101,72100,,'',1,10000,,'',1,10000,,'',1,10000,,'',1,10000,,'',1,10000,,'',1,10000,,'',1,10000,,'',1,10000,,'',1,10000,,'',1,10000,,'',1,10000,,'',1,10000,,'',1,10000,,'',1,10000,,'',1,10000,,'',1,9900,,'',1
'20231002',100,80200,4,'',1,10700,4,'',1,10000,4,'',1,10000,4,'',1,10000,4,'',1,10000,4,'',1,10000,4,'',1,10000,4,'',1,10000,4,'',1,10400,4,'',1,10000,4,'',1,1800,,'',1,7900,4,'',1,10000,4,'',1,10000,4,'',1,10000,4,'',1,10000,4,'',1,10000,4,'',1,10000,4,'',1
'20231002',101,51000,,'',1,9800,,'',1,10100,,'',1,4600,,'',1,6900,,'',1,10100,,'',1,10000,,'',1,10000,,'',1,10000,,'',1,10000,,'',1,10000,,'',1,10000,,'',1,9800,,'',1,10000,,'',1,9900,,'',1,10200,,'',1,10000,,'',1,10000,,'',1,10000,,'',1
'20231003',100,80200,4,'',1,10700,4,'',1,10000,4,'',1,10000,4,'',1,10000,4,'',1,10000,4,'',1,10000,4,'',1,10000,4,'',1,10000,4,'',1,10400,4,'',1,10000,4,'',1,1800,,'',1,7900,4,'',1,10000,4,'',1,10000,4,'',1,10000,4,'',1,10000,4,'',1,10000,4,'',1,10000,4,'',1
'20231003',101,51000,,'',1,9800,,'',1,10100,,'',1,4600,,'',1,6900,,'',1,10100,,'',1,10000,,'',1,10000,,'',1,10000,,'',1,10000,,'',1,10000,,'',1,10000,,'',1,9800,,'',1,10000,,'',1,9900,,'',1,10200,,'',1,10000,,'',1,10000,,'',1,10000,,'',1
'20231004',100,80200,4,'',1,10700,4,'',1,10000,4,'',1,10000,4,'',1,10000,4,'',1,10000,4,'',1,10000,4,'',1,10000,4,'',1,10000,4,'',1,10400,4,'',1,10000,4,'',1,1800,,'',1,7900,4,'',1,10000,4,'',1,10000,4,'',1,10000,4,'',1,10000,4,'',1,10000,4,'',1,10000,4,'',1
'20231004',101,51000,,'',1,9800,,'',1,10100,,'',1,4600,,'',1,6900,,'',1,10100,,'',1,10000,,'',1,10000,,'',1,10000,,'',1,10000,,'',1,10000,,'',1,10000,,'',1,9800,,'',1,10000,,'',1,9900,,'',1,10200,,'',1,10000,,'',1,10000,,'',1,10000,,'',1
'20231005',100,80200,4,'',1,10700,4,'',1,10000,4,'',1,10000,4,'',1,10000,4,'',1,10000,4,'',1,10000,4,'',1,10000,4,'',1,10000,4,'',1,10400,4,'',1,10000,4,'',1,1800,,'',1,7900,4,'',1,10000,4,'',1,10000,4,'',1,10000,4,'',1,10000,4,'',1,10000,4,'',1,10000,4,'',1
'20231005',101,51000,,'',1,9800,,'',1,10100,,'',1,4600,,'',1,6900,,'',1,10100,,'',1,10000,,'',1,10000,,'',1,10000,,'',1,10000,,'',1,10000,,'',1,10000,,'',1,9800,,'',1,10000,,'',1,9900,,'',1,10200,,'',1,10000,,'',1,10000,,'',1,10000,,'',1
'20231006',100,80200,4,'',1,10700,4,'',1,10000,4,'',1,10000,4,'',1,10000,4,'',1,10000,4,'',1,10000,4,'',1,10000,4,'',1,10000,4,'',1,10400,4,'',1,10000,4,'',1,1800,,'',1,7900,4,'',1,10000,4,'',1,10000,4,'',1,10000,4,'',1,10000,4,'',1,10000,4,'',1,10000,4,'',1,10000,4,'',1
'20231006',101,51000,,'',1,9800,,'',1,10100,,'',1,4600,,'',1,6900,,'',1,10100,,'',1,10000,,'',1,10000,,'',1,10000,,'',1,10000,,'',1,10000,,'',1,10000,,'',1,9800,,'',1,10000,,'',1,9900,,'',1,10200,,'',1,10000,,'',1,10000,,'',1,10000,,'',1,9500,,'',1
'20231007',100,100700,4,'',1,10000,4,'',1,10000,4,'',1,10000,4,'',1,10000,4,'',1,10000,4,'',1,10000,4,'',1,10000,4,'',1,10000,4,'',1,10400,4,'',1,10000,4,'',1,10000,4,'',1,10000,4,'',1,9600,4,'',1,10400,4,'',1,10000,4,'',1,9700,4,'',1
'20231007',101,72100,,'',1,10000,,'',1,10000,,'',1,10000,,'',1,10000,,'',1,10000,,'',1,10000,,'',1,10000,,'',1,10000,,'',1,10000,,'',1,10000,,'',1,10000,,'',1,10000,,'',1,10000,,'',1,10000,,'',1,10000,,'',1,9900,,'',1
'20231009',100,80200,4,'',1,10700,4,'',1,10000,4,'',1,10000,4,'',1,10000,4,'',1,10000,4,'',1,10000,4,'',1,10000,4,'',1,10000,4,'',1,10400,4,'',1,10000,4,'',1,1800,,'',1,7900,4,'',1,10000,4,'',1,10000,4,'',1,10000,4,'',1,10000,4,'',1,10000,4,'',1,10000,4,'',1
'20231009',101,51000,,'',1,9800,,'',1,10100,,'',1,4600,,'',1,6900,,'',1,10100,,'',1,10000,,'',1,10000,,'',1,10000,,'',1,10000,,'',1,10000,,'',1,10000,,'',1,9800,,'',1,10000,,'',1,9900,,'',1,10200,,'',1,10000,,'',1,10000,,'',1,10000,,'',1
'20231010',100,80200,4,'',1,10700,4,'',1,10000,4,'',1,10000,4,'',1,10000,4,'',1,10000,4,'',1,10000,4,'',1,10000,4,'',1,10000,4,'',1,10400,4,'',1,10000,4,'',1,1800,,'',1,7900,4,'',1,10000,4,'',1,10000,4,'',1,10000,4,'',1,10000,4,'',1,10000,4,'',1,10000,4,'',1
'20231010',101,51000,,'',1,9800,,'',1,10100,,'',1,4600,,'',1,6900,,'',1,10100,,'',1,10000,,'',1,10000,,'',1,10000,,'',1,10000,,'',1,10000,,'',1,10000,,'',1,9800,,'',1,10000,,'',1,9900,,'',1,10200,,'',1,10000,,'',1,10000,,'',1,10000,,'',1
'20231011',100,80200,4,'',1,10700,4,'',1,10000,4,'',1,10000,4,'',1,10000,4,'',1,10000,4,'',1,10000,4,'',1,10000,4,'',1,10000,4,'',1,10400,4,'',1,10000,4,'',1,1800,,'',1,7900,4,'',1,10000,4,'',1,10000,4,'',1,10000,4,'',1,10000,4,'',1,10000,4,'',1,10000,4,'',1
'20231011',101,51000,,'',1,9800,,'',1,10100,,'',1,4600,,'',1,6900,,'',1,10100,,'',1,10000,,'',1,10000,,'',1,10000,,'',1,10000,,'',1,10000,,'',1,10000,,'',1,9800,,'',1,10000,,'',1,9900,,'',1,10200,,'',1,10000,,'',1,10000,,'',1,10000,,'',1
'20231012',100,80200,4,'',1,10700,4,'',1,10000,4,'',1,10000,4,'',1,10000,4,'',1,10000,4,'',1,10000,4,'',1,10000,4,'',1,10000,4,'',1,10400,4,'',1,10000,4,'',1,1800,,'',1,7900,4,'',1,10000,4,'',1,10000,4,'',1,10000,4,'',1,10000,4,'',1,10000,4,'',1,10000,4,'',1
'20231012',101,51000,,'',1,9800,,'',1,10100,,'',1,4600,,'',1,6900,,'',1,10100,,'',1,10000,,'',1,10000,,'',1,10000,,'',1,10000,,'',1,10000,,'',1,10000,,'',1,9800,,'',1,10000,,'',1,9900,,'',1,10200,,'',1,10000,,'',1,10000,,'',1,10000,,'',1
'20231013',100,80200,4,'',1,10700,4,'',1,10000,4,'',1,10000,4,'',1,10000,4,'',1,10000,4,'',1,10000,4,'',1,10000,4,'',1,10000,4,'',1,10400,4,'',1,10000,4,'',1,1800,,'',1,7900,4,'',1,10000,4,'',1,10000,4,'',1,10000,4,'',1,10000,4,'',1,10000,4,'',1,10000,4,'',1,10000,4,'',1
'20231013',101,51000,,'',1,9800,,'',1,10100,,'',1,4600,,'',1,6900,,'',1,10100,,'',1,10000,,'',1,10000,,'',1,10000,,'',1,10000,,'',1,10000,,'',1,10000,,'',1,9800,,'',1,10000,,'',1,9900,,'',1,10200,,'',1,10000,,'',1,10000,,'',1,10000,,'',1,9500,,'',1
'20231014',100,100700,4,'',1,10000,4,'',1,10000,4,'',1,10000,4,'',1,10000,4,'',1,10000,4,'',1,10000,4,'',1,10000,4,'',1,10000,4,'',1,10400,4,'',1,10000,4,'',1,10000,4,'',1,10000,4,'',1,9600,4,'',1,10400,4,'',1,10000,4,'',1,9700,4,'',1
'20231014',101,72100,,'',1,10000,,'',1,10000,,'',1,10000,,'',1,10000,,'',1,10000,,'',1,10000,,'',1,10000,,'',1,10000,,'',1,10000,,'',1,10000,,'',1,10000,,'',1,10000,,'',1,10000,,'',1,10000,,'',1,10000,,'',1,9900,,'',1
'20231016',100,80200,4,'',1,10700,4,'',1,10000,4,'',1,10000,4,'',1,10000,4,'',1,10000,4,'',1,10000,4,'',1,10000,4,'',1,10000,4,'',1,10400,4,'',1,10000,4,'',1,1800,,'',1,7900,4,'',1,10000,4,'',1,10000,4,'',1,10000,4,'',1,10000,4,'',1,10000,4,'',1,10000,4,'',1
'20231016',101,51000,,'',1,9800,,'',1,10100,,'',1,4600,,'',1,6900,,'',1,10100,,'',1,10000,,'',1,10000,,'',1,10000,,'',1,10000,,'',1,10000,,'',1,10000,,'',1,9800,,'',1,10000,,'',1,9900,,'',1,10200,,'',1,10000,,'',1,10000,,'',1,10000,,'',1
'20231017',100,80200,4,'',1,10700,4,'',1,10000,4,'',1,10000,4,'',1,10000,4,'',1,10000,4,'',1,10000,4,'',1,10000,4,'',1,10000,4,'',1,10400,4,'',1,10000,4,'',1,1800,,'',1,7900,4,'',1,10000,4,'',1,10000,4,'',1,10000,4,'',1,10000,4,'',1,10000,4,'',1,10000,4,'',1
'20231017',101,51000,,'',1,9800,,'',1,10100,,'',1,4600,,'',1,6900,,'',1,10100,,'',1,10000,,'',1,10000,,'',1,10000,,'',1,10000,,'',1,10000,,'',1,10000,,'',1,9800,,'',1,10000,,'',1,9900,,'',1,10200,,'',1,10000,,'',1,10000,,'',1,10000,,'',1
'20231018',100,80200,4,'',1,10700,4,'',1,10000,4,'',1,10000,4,'',1,10000,4,'',1,10000,4,'',1,10000,4,'',1,10000,4,'',1,10000,4,'',1,10400,4,'',1,10000,4,'',1,1800,,'',1,7900,4,'',1,10000,4,'',1,10000,4,'',1,10000,4,'',1,10000,4,'',1,10000,4,'',1,10000,4,'',1
'20231018',101,51000,,'',1,9800,,'',1,10100,,'',1,4600,,'',1,6900,,'',1,10100,,'',1,10000,,'',1,10000,,'',1,10000,,'',1,10000,,'',1,10000,,'',1,10000,,'',1,9800,,'',1,10000,,'',1,9900,,'',1,10200,,'',1,10000,,'',1,10000,,'',1,10000,,'',1
'20231019',100,80200,4,'',1,10700,4,'',1,10000,4,'',1,10000,4,'',1,10000,4,'',1,10000,4,'',1,10000,4,'',1,10000,4,'',1,10000,4,'',1,10400,4,'',1,10000,4,'',1,1800,,'',1,7900,4,'',1,10000,4,'',1,10000,4,'',1,10000,4,'',1,10000,4,'',1,10000,4,'',1,10000,4,'',1
'20231019',101,51000,,'',1,9800,,'',1,10100,,'',1,4600,,'',1,6900,,'',1,10100,,'',1,10000,,'',1,10000,,'',1,10000,,'',1,10000,,'',1,10000,,'',1,10000,,'',1,9800,,'',1,10000,,'',1,9900,,'',1,10200,,'',1,10000,,'',1,10000,,'',1,10000,,'',1
'20231020',100,80200,4,'',1,10700,4,'',1,10000,4,'',1,10000,4,'',1,10000,4,'',1,10000,4,'',1,10000,4,'',1,10000,4,'',1,10000,4,'',1,10400,4,'',1,10000,4,'',1,1800,,'',1,7900,4,'',1,10000,4,'',1,10000,4,'',1,10000,4,'',1,10000,4,'',1,10000,4,'',1,10000,4,'',1,10000,4,'',1
'20231020',101,51000,,'',1,9800,,'',1,10100,,'',1,4600,,'',1,6900,,'',1,10100,,'',1,10000,,'',1,10000,,'',1,10000,,'',1,10000,,'',1,10000,,'',1,10000,,'',1,9800,,'',1,10000,,'',1,9900,,'',1,10200,,'',1,10000,,'',1,10000,,'',1,10000,,'',1,9500,,'',1
'20231021',100,100700,4,'',1,10000,4,'',1,10000,4,'',1,10000,4,'',1,10000,4,'',1,10000,4,'',1,10000,4,'',1,10000,4,'',1,10000,4,'',1,10400,4,'',1,10000,4,'',1,10000,4,'',1,10000,4,'',1,9600,4,'',1,10400,4,'',1,10000,4,'',1,9700,4,'',1
'20231021',101,72100,,'',1,10000,,'',1,10000,,'',1,10000,,'',1,10000,,'',1,10000,,'',1,10000,,'',1,10000,,'',1,10000,,'',1,10000,,'',1,10000,,'',1,10000,,'',1,10000,,'',1,10000,,'',1,10000,,'',1,10000,,'',1,9900,,'',1
'20231023',100,80200,4,'',1,10700,4,'',1,10000,4,'',1,10000,4,'',1,10000,4,'',1,10000,4,'',1,10000,4,'',1,10000,4,'',1,10000,4,'',1,10400,4,'',1,10000,4,'',1,1800,,'',1,7900,4,'',1,10000,4,'',1,10000,4,'',1,10000,4,'',1,10000,4,'',1,10000,4,'',1,10000,4,'',1
'20231023',101,51000,,'',1,9800,,'',1,10100,,'',1,4600,,'',1,6900,,'',1,10100,,'',1,10000,,'',1,10000,,'',1,10000,,'',1,10000,,'',1,10000,,'',1,10000,,'',1,9800,,'',1,10000,,'',1,9900,,'',1,10200,,'',1,10000,,'',1,10000,,'',1,10000,,'',1
'20231024',100,80200,4,'',1,10700,4,'',1,10000,4,'',1,10000,4,'',1,10000,4,'',1,10000,4,'',1,10000,4,'',1,10000,4,'',1,10000,4,'',1,10400,4,'',1,10000,4,'',1,1800,,'',1,7900,4,'',1,10000,4,'',1,10000,4,'',1,10000,4,'',1,10000,4,'',1,10000,4,'',1,10000,4,'',1
'20231024',101,51000,,'',1,9800,,'',1,10100,,'',1,4600,,'',1,6900,,'',1,10100,,'',1,10000,,'',1,10000,,'',1,10000,,'',1,10000,,'',1,10000,,'',1,10000,,'',1,9800,,'',1,10000,,'',1,9900,,'',1,10200,,'',1,10000,,'',1,10000,,'',1,10000,,'',1
'20231025',100,80200,4,'',1,10700,4,'',1,10000,4,'',1,10000,4,'',1,10000,4,'',1,10000,4,'',1,10000,4,'',1,10000,4,'',1,10000,4,'',1,10400,4,'',1,10000,4,'',1,1800,,'',1,7900,4,'',1,10000,4,'',1,10000,4,'',1,10000,4,'',1,10000,4,'',1,10000,4,'',1,10000,4,'',1
'20231025',101,51000,,'',1,9800,,'',1,10100,,'',1,4600,,'',1,6900,,'',1,10100,,'',1,10000,,'',1,10000,,'',1,10000,,'',1,10000,,'',1,10000,,'',1,10000,,'',1,9800,,'',1,10000,,'',1,9900,,'',1,10200,,'',1,10000,,'',1,10000,,'',1,10000,,'',1
'20231026',100,80200,4,'',1,10700,4,'',1,10000,4,'',1,10000,4,'',1,10000,4,'',1,10000,4,'',1,10000,4,'',1,10000,4,'',1,10000,4,'',1,10400,4,'',1,10000,4,'',1,1800,,'',1,7900,4,'',1,10000,4,'',1,10000,4,'',1,10000,4,'',1,10000,4,'',1,10000,4,'',1,10000,4,'',1
'20231026',101,51000,,'',1,9800,,'',1,10100,,'',1,4600,,'',1,6900,,'',1,10100,,'',1,10000,,'',1,10000,,'',1,10000,,'',1,10000,,'',1,10000,,'',1,10000,,'',1,9800,,'',1,10000,,'',1,9900,,'',1,10200,,'',1,10000,,'',1,10000,,'',1,10000,,'',1
'20231027',100,80200,4,'',1,10700,4,'',1,10000,4,'',1,10000,4,'',1,10000,4,'',1,10000,4,'',1,10000,4,'',1,10000,4,'',1,10000,4,'',1,10400,4,'',1,10000,4,'',1,1800,,'',1,7900,4,'',1,10000,4,'',1,10000,4,'',1,10000,4,'',1,10000,4,'',1,10000,4,'',1,10000,4,'',1,10000,4,'',1
'20231027',101,51000,,'',1,9800,,'',1,10100,,'',1,4600,,'',1,6900,,'',1,10100,,'',1,10000,,'',1,10000,,'',1,10000,,'',1,10000,,'',1,10000,,'',1,10000,,'',1,9800,,'',1,10000,,'',1,9900,,'',1,10200,,'',1,10000,,'',1,10000,,'',1,10000,,'',1,9500,,'',1
'20231028',100,100700,4,'',1,10000,4,'',1,10000,4,'',1,10000,4,'',1,10000,4,'',1,10000,4,'',1,10000,4,'',1,10000,4,'',1,10000,4,'',1,10400,4,'',1,10000,4,'',1,10000,4,'',1,10000,4,'',1,9600,4,'',1,10400,4,'',1,10000,4,'',1,9700,4,'',1
'20231028',101,72100,,'',1,10000,,'',1,10000,,'',1,10000,,'',1,10000,,'',1,10000,,'',1,10000,,'',1,10000,,'',1,10000,,'',1,10000,,'',1,10000,,'',1,10000,,'',1,10000,,'',1,10000,,'',1,10000,,'',1,10000,,'',1,9900,,'',1
'20231030',100,80200,4,'',1,10700,4,'',1,10000,4,'',1,10000,4,'',1,10000,4,'',1,10000,4,'',1,10000,4,'',1,10000,4,'',1,10000,4,'',1,10400,4,'',1,10000,4,'',1,1800,,'',1,7900,4,'',1,10000,4,'',1,10000,4,'',1,10000,4,'',1,10000,4,'',1,10000,4,'',1,10000,4,'',1
'20231030',101,51000,,'',1,9800,,'',1,10100,,'',1,4600,,'',1,6900,,'',1,10100,,'',1,10000,,'',1,10000,,'',1,10000,,'',1,10000,,'',1,10000,,'',1,10000,,'',1,9800,,'',1,10000,,'',1,9900,,'',1,10200,,'',1,10000,,'',1,10000,,'',1,10000,,'',1
'20231031',100,80200,4,'',1,10700,4,'',1,10000,4,'',1,10000,4,'',1,10000,4,'',1,10000,4,'',1,10000,4,'',1,10000,4,'',1,10000,4,'',1,10400,4,'',1,10000,4,'',1,1800,,'',1,7900,4,'',1,10000,4,'',1,10000,4,'',1,10000,4,'',1,10000,4,'',1,10000,4,'',1,10000,4,'',1
'20231031',101,51000,,'',1,9800,,'',1,10100,,'',1,4600,,'',1,6900,,'',1,10100,,'',1,10000,,'',1,10000,,'',1,10000,,'',1,10000,,'',1,10000,,'',1,10000,,'',1,9800,,'',1,10000,,'',1,9900,,'',1,10200,,'',1,10000,,'',1,10000,,'',1,10000,,'',1
'20231101',100,80200,4,'',1,10700,4,'',1,10000,4,'',1,10000,4,'',1,10000,4,'',1,10000,4,'',1,10000,4,'',1,10000,4,'',1,10000,4,'',1,10400,4,'',1,10000,4,'',1,1800,,'',1,7900,4,'',1,10000,4,'',1,10000,4,'',1,10000,4,'',1,10000,4,'',1,10000,4,'',1,10000,4,'',1
'20231101',101,51000,,'',1,9800,,'',1,10100,,'',1,4600,,'',1,6900,,'',1,10100,,'',1,10000,,'',1,10000,,'',1,10000,,'',1,10000,,'',1,10000,,'',1,10000,,'',1,9800,,'',1,10000,,'',1,9900,,'',1,10200,,'',1,10000,,'',1,10000,,'',1,10000,,'',1
'20231102',100,80200,4,'',1,10700,4,'',1,10000,4,'',1,10000,4,'',1,10000,4,'',1,10000,4,'',1,10000,4,'',1,10000,4,'',1,10000,4,'',1,10400,4,'',1,10000,4,'',1,1800,,'',1,7900,4,'',1,10000,4,'',1,10000,4,'',1,10000,4,'',1,10000,4,'',1,10000,4,'',1,10000,4,'',1
'20231102',101,51000,,'',1,9800,,'',1,10100,,'',1,4600,,'',1,6900,,'',1,10100,,'',1,10000,,'',1,10000,,'',1,10000,,'',1,10000,,'',1,10000,,'',1,10000,,'',1,9800,,'',1,10000,,'',1,9900,,'',1,10200,,'',1,10000,,'',1,10000,,'',1,10000,,'',1
'20231103',100,80200,4,'',1,10700,4,'',1,10000,4,'',1,10000,4,'',1,10000,4,'',1,10000,4,'',1,10000,4,'',1,10000,4,'',1,10000,4,'',1,10400,4,'',1,10000,4,'',1,1800,,'',1,7900,4,'',1,10000,4,'',1,10000,4,'',1,10000,4,'',1,10000,4,'',1,10000,4,'',1,10000,4,'',1,10000,4,'',1
'20231103',101,51000,,'',1,9800,,'',1,10100,,'',1,4600,,'',1,6900,,'',1,10100,,'',1,10000,,'',1,10000,,'',1,10000,,'',1,10000,,'',1,10000,,'',1,10000,,'',1,9800,,'',1,10000,,'',1,9900,,'',1,10200,,'',1,10000,,'',1,10000,,'',1,10000,,'',1,9500,,'',1
'20231104',100,100700,4,'',1,10000,4,'',1,10000,4,'',1,10000,4,'',1,10000,4,'',1,10000,4,'',1,10000,4,'',1,10000,4,'',1,10000,4,'',1,10400,4,'',1,10000,4,'',1,10000,4,'',1,10000,4,'',1,9600,4,'',1,10400,4,'',1,10000,4,'',1,9700,4,'',1
'20231104',101,72100,,'',1,10000,,'',1,10000,,'',1,10000,,'',1,10000,,'',1,10000,,'',1,10000,,'',1,10000,,'',1,10000,,'',1,10000,,'',1,10000,,'',1,10000,,'',1,10000,,'',1,10000,,'',1,10000,,'',1,10000,,'',1,9900,,'',1
'20231106',100,80200,4,'',1,10700,4,'',1,10000,4,'',1,10000,4,'',1,10000,4,'',1,10000,4,'',1,10000,4,'',1,10000,4,'',1,10000,4,'',1,10400,4,'',1,10000,4,'',1,1800,,'',1,7900,4,'',1,10000,4,'',1,10000,4,'',1,10000,4,'',1,10000,4,'',1,10000,4,'',1,10000,4,'',1
'20231106',101,51000,,'',1,9800,,'',1,10100,,'',1,4600,,'',1,6900,,'',1,10100,,'',1,10000,,'',1,10000,,'',1,10000,,'',1,10000,,'',1,10000,,'',1,10000,,'',1,9800,,'',1,10000,,'',1,9900,,'',1,10200,,'',1,10000,,'',1,10000,,'',1,10000,,'',1
'20231107',100,80200,4,'',1,10700,4,'',1,10000,4,'',1,10000,4,'',1,10000,4,'',1,10000,4,'',1,10000,4,'',1,10000,4,'',1,10000,4,'',1,10400,4,'',1,10000,4,'',1,1800,,'',1,7900,4,'',1,10000,4,'',1,10000,4,'',1,10000,4,'',1,10000,4,'',1,10000,4,'',1,10000,4,'',1
'20231107',101,51000,,'',1,9800,,'',1,10100,,'',1,4600,,'',1,6900,,'',1,10100,,'',1,10000,,'',1,10000,,'',1,10000,,'',1,10000,,'',1,10000,,'',1,10000,,'',1,9800,,'',1,10000,,'',1,9900,,'',1,10200,,'',1,10000,,'',1,10000,,'',1,10000,,'',1
'20231108',100,80200,4,'',1,10700,4,'',1,10000,4,'',1,10000,4,'',1,10000,4,'',1,10000,4,'',1,10000,4,'',1,10000,4,'',1,10000,4,'',1,10400,4,'',1,10000,4,'',1,1800,,'',1,7900,4,'',1,10000,4,'',1,10000,4,'',1,10000,4,'',1,10000,4,'',1,10000,4,'',1,10000,4,'',1
'20231108',101,51000,,'',1,9800,,'',1,10100,,'',1,4600,,'',1,6900,,'',1,10100,,'',1,10000,,'',1,10000,,'',1,10000,,'',1,10000,,'',1,10000,,'',1,10000,,'',1,9800,,'',1,10000,,'',1,9900,,'',1,10200,,'',1,10000,,'',1,10000,,'',1,10000,,'',1
'20231109',100,80200,4,'',1,10700,4,'',1,10000,4,'',1,10000,4,'',1,10000,4,'',1,10000,4,'',1,10000,4,'',1,10000,4,'',1,10000,4,'',1,10400,4,'',1,10000,4,'',1,1800,,'',1,7900,4,'',1,10000,4,'',1,10000,4,'',1,10000,4,'',1,10000,4,'',1,10000,4,'',1,10000,4,'',1
'20231109',101,51000,,'',1,9800,,'',1,10100,,'',1,4600,,'',1,6900,,'',1,10100,,'',1,10000,,'',1,10000,,'',1,10000,,'',1,10000,,'',1,10000,,'',1,10000,,'',1,9800,,'',1,10000,,'',1,9900,,'',1,10200,,'',1,10000,,'',1,10000,,'',1,10000,,'',1
'20231110',100,80200,4,'',1,10700,4,'',1,10000,4,'',1,10000,4,'',1,10000,4,'',1,10000,4,'',1,10000,4,'',1,10000,4,'',1,10000,4,'',1,10400,4,'',1,10000,4,'',1,1800,,'',1,7900,4,'',1,10000,4,'',1,10000,4,'',1,10000,4,'',1,10000,4,'',1,10000,4,'',1,10000,4,'',1,10000,4,'',1
'20231110',101,51000,,'',1,9800,,'',1,10100,,'',1,4600,,'',1,6900,,'',1,10100,,'',1,10000,,'',1,10000,,'',1,10000,,'',1,10000,,'',1,10000,,'',1,10000,,'',1,9800,,'',1,10000,,'',1,9900,,'',1,10200,,'',1,10000,,'',1,10000,,'',1,10000,,'',1,9500,,'',1
'20231111',100,100700,4,'',1,10000,4,'',1,10000,4,'',1,10000,4,'',1,10000,4,'',1,10000,4,'',1,10000,4,'',1,10000,4,'',1,10000,4,'',1,10400,4,'',1,10000,4,'',1,10000,4,'',1,10000,4,'',1,9600,4,'',1,10400,4,'',1,10000,4,'',1,9700,4,'',1
'20231111',101,72100,,'',1,10000,,'',1,10000,,'',1,10000,,'',1,10000,,'',1,10000,,'',1,10000,,'',1,10000,,'',1,10000,,'',1,10000,,'',1,10000,,'',1,10000,,'',1,10000,,'',1,10000,,'',1,10000,,'',1,10000,,'',1,9900,,'',1
'20231113',100,80200,4,'',1,10700,4,'',1,10000,4,'',1,10000,4,'',1,10000,4,'',1,10000,4,'',1,10000,4,'',1,10000,4,'',1,10000,4,'',1,10400,4,'',1,10000,4,'',1,1800,,'',1,7900,4,'',1,10000,4,'',1,10000,4,'',1,10000,4,'',1,10000,4,'',1,10000,4,'',1,10000,4,'',1
'20231113',101,51000,,'',1,9800,,'',1,10100,,'',1,4600,,'',1,6900,,'',1,10100,,'',1,10000,,'',1,10000,,'',1,10000,,'',1,10000,,'',1,10000,,'',1,10000,,'',1,9800,,'',1,10000,,'',1,9900,,'',1,10200,,'',1,10000,,'',1,10000,,'',1,10000,,'',1
'20231114',100,80200,4,'',1,10700,4,'',1,10000,4,'',1,10000,4,'',1,10000,4,'',1,10000,4,'',1,10000,4,'',1,10000,4,'',1,10000,4,'',1,10400,4,'',1,10000,4,'',1,1800,,'',1,7900,4,'',1,10000,4,'',1,10000,4,'',1,10000,4,'',1,10000,4,'',1,10000,4,'',1,10000,4,'',1
'20231114',101,51000,,'',1,9800,,'',1,10100,,'',1,4600,,'',1,6900,,'',1,10100,,'',1,10000,,'',1,10000,,'',1,10000,,'',1,10000,,'',1,10000,,'',1,10000,,'',1,9800,,'',1,10000,,'',1,9900,,'',1,10200,,'',1,10000,,'',1,10000,,'',1,10000,,'',1
'20231115',100,80200,4,'',1,10700,4,'',1,10000,4,'',1,10000,4,'',1,10000,4,'',1,10000,4,'',1,10000,4,'',1,10000,4,'',1,10000,4,'',1,10400,4,'',1,10000,4,'',1,1800,,'',1,7900,4,'',1,10000,4,'',1,10000,4,'',1,10000,4,'',1,10000,4,'',1,10000,4,'',1,10000,4,'',1
'20231115',101,51000,,'',1,9800,,'',1,10100,,'',1,4600,,'',1,6900,,'',1,10100,,'',1,10000,,'',1,10000,,'',1,10000,,'',1,10000,,'',1,10000,,'',1,10000,,'',1,9800,,'',1,10000,,'',1,9900,,'',1,10200,,'',1,10000,,'',1,10000,,'',1,10000,,'',1
'20231116',100,80200,4,'',1,10700,4,'',1,10000,4,'',1,10000,4,'',1,10000,4,'',1,10000,4,'',1,10000,4,'',1,10000,4,'',1,10000,4,'',1,10400,4,'',1,10000,4,'',1,1800,,'',1,7900,4,'',1,10000,4,'',1,10000,4,'',1,10000,4,'',1,10000,4,'',1,10000,4,'',1,10000,4,'',1
'20231116',101,51000,,'',1,9800,,'',1,10100,,'',1,4600,,'',1,6900,,'',1,10100,,'',1,10000,,'',1,10000,,'',1,10000,,'',1,10000,,'',1,10000,,'',1,10000,,'',1,9800,,'',1,10000,,'',1,9900,,'',1,10200,,'',1,10000,,'',1,10000,,'',1,10000,,'',1
'20231117',100,80200,4,'',1,10700,4,'',1,10000,4,'',1,10000,4,'',1,10000,4,'',1,10000,4,'',1,10000,4,'',1,10000,4,'',1,10000,4,'',1,10400,4,'',1,10000,4,'',1,1800,,'',1,7900,4,'',1,10000,4,'',1,10000,4,'',1,10000,4,'',1,10000,4,'',1,10000,4,'',1,10000,4,'',1,10000,4,'',1
'20231117',101,51000,,'',1,9800,,'',1,10100,,'',1,4600,,'',1,6900,,'',1,10100,,'',1,10000,,'',1,10000,,'',1,10000,,'',1,10000,,'',1,10000,,'',1,10000,,'',1,9800,,'',1,10000,,'',1,9900,,'',1,10200,,'',1,10000,,'',1,10000,,'',1,10000,,'',1,9500,,'',1
'20231118',100,100700,4,'',1,10000,4,'',1,10000,4,'',1,10000,4,'',1,10000,4,'',1,10000,4,'',1,10000,4,'',1,10000,4,'',1,10000,4,'',1,10400,4,'',1,10000,4,'',1,10000,4,'',1,10000,4,'',1,9600,4,'',1,10400,4,'',1,10000,4,'',1,9700,4,'',1
'20231118',101,72100,,'',1,10000,,'',1,10000,,'',1,10000,,'',1,10000,,'',1,10000,,'',1,10000,,'',1,10000,,'',1,10000,,'',1,10000,,'',1,10000,,'',1,10000,,'',1,10000,,'',1,10000,,'',1,10000,,'',1,10000,,'',1,9900,,'',1
'20231120',100,80200,4,'',1,10700,4,'',1,10000,4,'',1,10000,4,'',1,10000,4,'',1,10000,4,'',1,10000,4,'',1,10000,4,'',1,10000,4,'',1,10400,4,'',1,10000,4,'',1,1800,,'',1,7900,4,'',1,10000,4,'',1,10000,4,'',1,10000,4,'',1,10000,4,'',1,10000,4,'',1,10000,4,'',1
'20231120',101,51000,,'',1,9800,,'',1,10100,,'',1,4600,,'',1,6900,,'',1,10100,,'',1,10000,,'',1,10000,,'',1,10000,,'',1,10000,,'',1,10000,,'',1,10000,,'',1,9800,,'',1,10000,,'',1,9900,,'',1,10200,,'',1,10000,,'',1,10000,,'',1,10000,,'',1
'20231121',100,80200,4,'',1,10700,4,'',1,10000,4,'',1,10000,4,'',1,10000,4,'',1,10000,4,'',1,10000,4,'',1,10000,4,'',1,10000,4,'',1,10400,4,'',1,10000,4,'',1,1800,,'',1,7900,4,'',1,10000,4,'',1,10000,4,'',1,10000,4,'',1,10000,4,'',1,10000,4,'',1,10000,4,'',1
'20231121',101,51000,,'',1,9800,,'',1,10100,,'',1,4600,,'',1,6900,,'',1,10100,,'',1,10000,,'',1,10000,,'',1,10000,,'',1,10000,,'',1,10000,,'',1,10000,,'',1,9800,,'',1,10000,,'',1,9900,,'',1,10200,,'',1,10000,,'',1,10000,,'',1,10000,,'',1
'20231122',100,80200,4,'',1,10700,4,'',1,10000,4,'',1,10000,4,'',1,10000,4,'',1,10000,4,'',1,10000,4,'',1,10000,4,'',1,10000,4,'',1,10400,4,'',1,10000,4,'',1,1800,,'',1,7900,4,'',1,10000,4,'',1,10000,4,'',1,10000,4,'',1,10000,4,'',1,10000,4,'',1,10000,4,'',1
'20231122',101,51000,,'',1,9800,,'',1,10100,,'',1,4600,,'',1,6900,,'',1,10100,,'',1,10000,,'',1,10000,,'',1,10000,,'',1,10000,,'',1,10000,,'',1,10000,,'',1,9800,,'',1,10000,,'',1,9900,,'',1,10200,,'',1,10000,,'',1,10000,,'',1,10000,,'',1
'20231123',100,80200,4,'',1,10700,4,'',1,10000,4,'',1,10000,4,'',1,10000,4,'',1,10000,4,'',1,10000,4,'',1,10000,4,'',1,10000,4,'',1,10400,4,'',1,10000,4,'',1,1800,,'',1,7900,4,'',1,10000,4,'',1,10000,4,'',1,10000,4,'',1,10000,4,'',1,10000,4,'',1,10000,4,'',1
'20231123',101,51000,,'',1,9800,,'',1,10100,,'',1,4600,,'',1,6900,,'',1,10100,,'',1,10000,,'',1,10000,,'',1,10000,,'',1,10000,,'',1,10000,,'',1,10000,,'',1,9800,,'',1,10000,,'',1,9900,,'',1,10200,,'',1,10000,,'',1,10000,,'',1,10000,,'',1
'20231124',100,80200,4,'',1,10700,4,'',1,10000,4,'',1,10000,4,'',1,10000,4,'',1,10000,4,'',1,10000,4,'',1,10000,4,'',1,10000,4,'',1,10400,4,'',1,10000,4,'',1,1800,,'',1,7900,4,'',1,10000,4,'',1,10000,4,'',1,10000,4,'',1,10000,4,'',1,10000,4,'',1,10000,4,'',1,10000,4,'',1
'20231124',101,51000,,'',1,9800,,'',1,10100,,'',1,4600,,'',1,6900,,'',1,10100,,'',1,10000,,'',1,10000,,'',1,10000,,'',1,10000,,'',1,10000,,'',1,10000,,'',1,9800,,'',1,10000,,'',1,9900,,'',1,10200,,'',1,10000,,'',1,10000,,'',1,10000,,'',1,9500,,'',1
'20231125',100,100700,4,'',1,10000,4,'',1,10000,4,'',1,10000,4,'',1,10000,4,'',1,10000,4,'',1,10000,4,'',1,10000,4,'',1,10000,4,'',1,10400,4,'',1,10000,4,'',1,10000,4,'',1,10000,4,'',1,9600,4,'',1,10400,4,'',1,10000,4,'',1,9700,4,'',1
'20231125',101,72100,,'',1,10000,,'',1,10000,,'',1,10000,,'',1,10000,,'',1,10000,,'',1,10000,,'',1,10000,,'',1,10000,,'',1,10000,,'',1,10000,,'',1,10000,,'',1,10000,,'',1,10000,,'',1,10000,,'',1,10000,,'',1,9900,,'',1
'20231127',100,80200,4,'',1,10700,4,'',1,10000,4,'',1,10000,4,'',1,10000,4,'',1,10000,4,'',1,10000,4,'',1,10000,4,'',1,10000,4,'',1,10400,4,'',1,10000,4,'',1,1800,,'',1,7900,4,'',1,10000,4,'',1,10000,4,'',1,10000,4,'',1,10000,4,'',1,10000,4,'',1,10000,4,'',1
'20231127',101,51000,,'',1,9800,,'',1,10100,,'',1,4600,,'',1,6900,,'',1,10100,,'',1,10000,,'',1,10000,,'',1,10000,,'',1,10000,,'',1,10000,,'',1,10000,,'',1,9800,,'',1,10000,,'',1,9900,,'',1,10200,,'',1,10000,,'',1,10000,,'',1,10000,,'',1
'20231128',100,80200,4,'',1,10700,4,'',1,10000,4,'',1,10000,4,'',1,10000,4,'',1,10000,4,'',1,10000,4,'',1,10000,4,'',1,10000,4,'',1,10400,4,'',1,10000,4,'',1,1800,,'',1,7900,4,'',1,10000,4,'',1,10000,4,'',1,10000,4,'',1,10000,4,'',1,10000,4,'',1,10000,4,'',1
'20231128',101,51000,,'',1,9800,,'',1,10100,,'',1,4600,,'',1,6900,,'',1,10100,,'',1,10000,,'',1,10000,,'',1,10000,,'',1,10000,,'',1,10000,,'',1,10000,,'',1,9800,,'',1,10000,,'',1,9900,,'',1,10200,,'',1,10000,,'',1,10000,,'',1,10000,,'',1
'20231129',100,80200,4,'',1,10700,4,'',1,10000,4,'',1,10000,4,'',1,10000,4,'',1,10000,4,'',1,10000,4,'',1,10000,4,'',1,10000,4,'',1,10400,4,'',1,10000,4,'',1,1800,,'',1,7900,4,'',1,10000,4,'',1,10000,4,'',1,10000,4,'',1,10000,4,'',1,10000,4,'',1,10000,4,'',1
'20231129',101,51000,,'',1,9800,,'',1,10100,,'',1,4600,,'',1,6900,,'',1,10100,,'',1,10000,,'',1,10000,,'',1,10000,,'',1,10000,,'',1,10000,,'',1,10000,,'',1,9800,,'',1,10000,,'',1,9900,,'',1,10200,,'',1,10000,,'',1,10000,,'',1,10000,,'',1
'20231130',100,80200,4,'',1,10700,4,'',1,10000,4,'',1,10000,4,'',1,10000,4,'',1,10000,4,'',1,10000,4,'',1,10000,4,'',1,10000,4,'',1,10400,4,'',1,10000,4,'',1,1800,,'',1,7900,4,'',1,10000,4,'',1,10000,4,'',1,10000,4,'',1,10000,4,'',1,10000,4,'',1,10000,4,'',1
'20231130',101,51000,,'',1,9800,,'',1,10100,,'',1,4600,,'',1,6900,,'',1,10100,,'',1,10000,,'',1,10000,,'',1,10000,,'',1,10000,,'',1,10000,,'',1,10000,,'',1,9800,,'',1,10000,,'',1,9900,,'',1,10200,,'',1,10000,,'',1,10000,,'',1,10000,,'',1
'20231201',100,80200,4,'',1,10700,4,'',1,10000,4,'',1,10000,4,'',1,10000,4,'',1,10000,4,'',1,10000,4,'',1,10000,4,'',1,10000,4,'',1,10400,4,'',1,10000,4,'',1,1800,,'',1,7900,4,'',1,10000,4,'',1,10000,4,'',1,10000,4,'',1,10000,4,'',1,10000,4,'',1,10000,4,'',1,10000,4,'',1
'20231201',101,51000,,'',1,9800,,'',1,10100,,'',1,4600,,'',1,6900,,'',1,10100,,'',1,10000,,'',1,10000,,'',1,10000,,'',1,10000,,'',1,10000,,'',1,10000,,'',1,9800,,'',1,10000,,'',1,9900,,'',1,10200,,'',1,10000,,'',1,10000,,'',1,10000,,'',1,9500,,'',1
