100,9021,1,0
100,9022,2,0
100,9031,3,0
100,9033,4,0
100,9111,5,0
100,9121,6,0
100,9131,7,0
100,9141,8,0
100,9151,9,0
100,9161,10,0
100,9171,11,0
100,100001,12,0
100,100005,13,0
100,100003,14,0
100,9181,15,1
101,100003,1,0
101,100005,2,0
101,100001,3,0
101,9181,4,0
101,9171,5,0
101,9161,6,0
101,9151,7,0
101,9141,8,0
101,9131,9,0
101,9121,10,0
101,9111,11,0
101,9033,12,0
101,9031,13,0
101,9022,14,0
101,9021,15,1
200,9021,1,0
200,9032,2,0
200,9113,3,0
200,9114,4,0
200,9123,5,0
200,9211,6,0
200,9221,7,0
200,9231,8,0
200,9241,9,1
201,9241,1,0
201,9231,2,0
201,9221,3,0
201,9211,4,0
201,9123,5,0
201,9114,6,0
201,9113,7,0
201,9032,8,0
201,9021,9,1
300,9021,1,0
300,9023,2,0
300,9041,3,0
300,9042,4,0
300,9311,5,0
300,9321,6,0
300,9331,7,0
300,9341,8,0
300,9351,9,0
300,9371,10,0
300,9391,11,0
300,9271,12,0
300,100010,13,0
300,100009,14,0
300,100008,15,1
301,100008,1,0
301,100009,2,0
301,100010,3,0
301,9271,4,0
301,9391,5,0
301,9371,6,0
301,9351,7,0
301,9341,8,0
301,9331,9,0
301,9321,10,0
301,9311,11,0
301,9042,12,0
301,9041,13,0
301,9023,14,0
301,9021,15,1
500,9021,1,0
500,100006,2,0
500,9614,3,0
500,9613,4,0
500,9621,5,0
500,9631,6,0
500,9641,7,0
500,9441,8,0
500,9651,9,0
500,9681,10,0
500,9691,11,1
501,9691,1,0
501,9681,2,0
501,9651,3,0
501,9441,4,0
501,9641,5,0
501,9631,6,0
501,9621,7,0
501,9613,8,0
501,9614,9,0
501,100006,10,0
501,9021,11,1
600,9021,1,0
600,9051,2,0
600,9052,3,0
600,9601,4,0
600,9612,5,0
600,2629,6,0
600,100007,7,1
601,100007,1,0
601,2629,2,0
601,9612,3,0
601,9601,4,0
601,9052,5,0
601,9051,6,0
601,9021,7,1
700,9021,1,0
700,9771,2,0
700,9071,3,0
700,9701,4,0
700,9712,5,0
700,9722,6,0
700,9721,7,0
700,9731,8,0
700,9741,9,0
700,9742,10,1
701,9742,1,0
701,9741,2,0
701,9731,3,0
701,9721,4,0
701,9722,5,0
701,9712,6,0
701,9701,7,0
701,9071,8,0
701,9771,9,0
701,9021,10,1
900,9021,1,0
900,9061,2,0
900,9062,3,0
900,9063,4,0
900,9081,5,0
900,9091,6,0
900,9911,7,0
900,9921,8,0
900,9939,9,0
900,9941,10,1
901,9941,1,0
901,9939,2,0
901,9921,3,0
901,9911,4,0
901,9091,5,0
901,9081,6,0
901,9063,7,0
901,9062,8,0
901,9061,9,0
901,9021,10,1
