'20231214',300,112200,4,'',1,30000,4,'',1,30000,4,'',1,3700,4,'',1,7000,4,'',1,3000,4,'',1,7400,4,'',1,1900,4,'',1,37000,4,'',1
'20231214',301,51300,,'',1,10000,,'',1,2400,,'',1,7000,,'',1,3000,,'',1,7000,,'',1,3700,,'',1,30000,,'',1,30100,,'',1,59900,,'',1
'20231215',300,112200,4,'',1,30000,4,'',1,30000,4,'',1,3700,4,'',1,7000,4,'',1,3000,4,'',1,7400,4,'',1,1900,4,'',1,37000,4,'',1
'20231215',301,51300,,'',1,10000,,'',1,2400,,'',1,7000,,'',1,3000,,'',1,7000,,'',1,3700,,'',1,30000,,'',1,30100,,'',1,59900,,'',1
'20231218',300,112200,4,'',1,30000,4,'',1,30000,4,'',1,3700,4,'',1,7000,4,'',1,3000,4,'',1,7400,4,'',1,1900,4,'',1,37000,4,'',1
'20231218',301,51300,,'',1,10000,,'',1,2400,,'',1,7000,,'',1,3000,,'',1,7000,,'',1,3700,,'',1,30000,,'',1,30100,,'',1,59900,,'',1
'20231219',300,112200,4,'',1,30000,4,'',1,30000,4,'',1,3700,4,'',1,7000,4,'',1,3000,4,'',1,7400,4,'',1,1900,4,'',1,37000,4,'',1
'20231219',301,51300,,'',1,10000,,'',1,2400,,'',1,7000,,'',1,3000,,'',1,7000,,'',1,3700,,'',1,30000,,'',1,30100,,'',1,59900,,'',1
'20231220',300,112200,4,'',1,30000,4,'',1,30000,4,'',1,3700,4,'',1,7000,4,'',1,3000,4,'',1,7400,4,'',1,1900,4,'',1,37000,4,'',1
'20231220',301,51300,,'',1,10000,,'',1,2400,,'',1,7000,,'',1,3000,,'',1,7000,,'',1,3700,,'',1,30000,,'',1,30100,,'',1,59900,,'',1
'20231221',300,112200,4,'',1,30000,4,'',1,30000,4,'',1,3700,4,'',1,7000,4,'',1,3000,4,'',1,7400,4,'',1,1900,4,'',1,37000,4,'',1
'20231221',301,51300,,'',1,10000,,'',1,2400,,'',1,7000,,'',1,3000,,'',1,7000,,'',1,3700,,'',1,30000,,'',1,30100,,'',1,59900,,'',1
'20231222',300,112200,4,'',1,30000,4,'',1,30000,4,'',1,3700,4,'',1,7000,4,'',1,3000,4,'',1,7400,4,'',1,1900,4,'',1,37000,4,'',1
'20231222',301,51300,,'',1,10000,,'',1,2400,,'',1,7000,,'',1,3000,,'',1,7000,,'',1,3700,,'',1,30000,,'',1,30100,,'',1,59900,,'',1
'20231227',300,112200,4,'',1,30000,4,'',1,30000,4,'',1,3700,4,'',1,7000,4,'',1,3000,4,'',1,7400,4,'',1,1900,4,'',1,37000,4,'',1
'20231227',301,51300,,'',1,10000,,'',1,2400,,'',1,7000,,'',1,3000,,'',1,7000,,'',1,3700,,'',1,30000,,'',1,30100,,'',1,59900,,'',1
'20231228',300,112200,4,'',1,30000,4,'',1,30000,4,'',1,3700,4,'',1,7000,4,'',1,3000,4,'',1,7400,4,'',1,1900,4,'',1,37000,4,'',1
'20231228',301,51300,,'',1,10000,,'',1,2400,,'',1,7000,,'',1,3000,,'',1,7000,,'',1,3700,,'',1,30000,,'',1,30100,,'',1,59900,,'',1
'20231229',300,112200,4,'',1,30000,4,'',1,30000,4,'',1,3700,4,'',1,7000,4,'',1,3000,4,'',1,7400,4,'',1,1900,4,'',1,37000,4,'',1
'20231229',301,51300,,'',1,10000,,'',1,2400,,'',1,7000,,'',1,3000,,'',1,7000,,'',1,3700,,'',1,30000,,'',1,30100,,'',1,59900,,'',1
'20240102',300,112200,4,'',1,30000,4,'',1,30000,4,'',1,3700,4,'',1,7000,4,'',1,3000,4,'',1,7400,4,'',1,1900,4,'',1,37000,4,'',1
'20240102',301,51300,,'',1,10000,,'',1,2400,,'',1,7000,,'',1,3000,,'',1,7000,,'',1,3700,,'',1,30000,,'',1,30100,,'',1,59900,,'',1
'20240103',300,112200,4,'',1,30000,4,'',1,30000,4,'',1,3700,4,'',1,7000,4,'',1,3000,4,'',1,7400,4,'',1,1900,4,'',1,37000,4,'',1
'20240103',301,51300,,'',1,10000,,'',1,2400,,'',1,7000,,'',1,3000,,'',1,7000,,'',1,3700,,'',1,30000,,'',1,30100,,'',1,59900,,'',1
'20240104',300,112200,4,'',1,30000,4,'',1,30000,4,'',1,3700,4,'',1,7000,4,'',1,3000,4,'',1,7400,4,'',1,1900,4,'',1,37000,4,'',1
'20240104',301,51300,,'',1,10000,,'',1,2400,,'',1,7000,,'',1,3000,,'',1,7000,,'',1,3700,,'',1,30000,,'',1,30100,,'',1,59900,,'',1
'20240105',300,112200,4,'',1,30000,4,'',1,30000,4,'',1,3700,4,'',1,7000,4,'',1,3000,4,'',1,7400,4,'',1,1900,4,'',1,37000,4,'',1
'20240105',301,51300,,'',1,10000,,'',1,2400,,'',1,7000,,'',1,3000,,'',1,7000,,'',1,3700,,'',1,30000,,'',1,30100,,'',1,59900,,'',1
