'20230614',300,102300,0,'Kitchener',1,10000,4,'',1,10000,4,'',1,10000,0,'Kitchener',1,10000,4,'',1,10000,4,'',1,10000,0,'Kitchener',1,7700,,'',1,2300,0,'Georgetown',1,700,0,'Kitchener',1,2300,0,'Georgetown',1,4700,0,'Kitchener',1,3400,0,'Kitchener',1,1900,0,'Kitchener',1,7000,4,'',1,10000,4,'',1,10000,4,'',1,10000,0,'Kitchener',1,10000,0,'Guelph Central',1
'20230614',301,54000,,'',1,7000,,'',1,3000,,'',1,7000,,'',1,2300,,'',1,7000,,'',1,3000,,'',1,7000,,'',1,3700,,'',1,10000,,'',1,10000,,'',1,10000,,'',1,10000,,'',1,10000,,'',1,10100,,'',1,39900,,'',1,10000,,'',1,10000,,'',1
'20230615',300,102300,0,'Kitchener',1,10000,4,'',1,10000,4,'',1,10000,0,'Kitchener',1,10000,4,'',1,10000,4,'',1,10000,0,'Kitchener',1,7700,,'',1,2300,0,'Georgetown',1,700,0,'Kitchener',1,2300,0,'Georgetown',1,4700,0,'Kitchener',1,3400,0,'Kitchener',1,1900,0,'Kitchener',1,7000,4,'',1,10000,4,'',1,10000,4,'',1,10000,0,'Kitchener',1,10000,0,'Guelph Central',1
'20230615',301,54000,,'',1,7000,,'',1,3000,,'',1,7000,,'',1,2300,,'',1,7000,,'',1,3000,,'',1,7000,,'',1,3700,,'',1,10000,,'',1,10000,,'',1,10000,,'',1,10000,,'',1,10000,,'',1,10100,,'',1,39900,,'',1,10000,,'',1,10000,,'',1
'20230616',300,102300,0,'Kitchener',1,10000,4,'',1,10000,4,'',1,10000,0,'Kitchener',1,10000,4,'',1,10000,4,'',1,10000,0,'Kitchener',1,7700,,'',1,2300,0,'Georgetown',1,700,0,'Kitchener',1,2300,0,'Georgetown',1,4700,0,'Kitchener',1,3400,0,'Kitchener',1,1900,0,'Kitchener',1,7000,4,'',1,10000,4,'',1,10000,4,'',1,10000,0,'Kitchener',1,10000,0,'Guelph Central',1
'20230616',301,54000,,'',1,7000,,'',1,3000,,'',1,7000,,'',1,2300,,'',1,7000,,'',1,3000,,'',1,7000,,'',1,3700,,'',1,10000,,'',1,10000,,'',1,10000,,'',1,10000,,'',1,10000,,'',1,10100,,'',1,39900,,'',1,10000,,'',1,10000,,'',1
'20230617',300,93900,4,'',1,10000,4,'',1,10000,4,'',1,10000,4,'',1,10000,4,'',1,10000,4,'',1,10000,4,'',1,10000,4,'',1,10000,4,'',1,10000,4,'',1,10000,4,'',1,10000,4,'',1,10000,4,'',1,10000,4,'',1,10000,4,'',1,10000,4,'',1
'20230617',301,74900,,'',1,10000,,'',1,10000,,'',1,10000,,'',1,10000,,'',1,10000,,'',1,10000,,'',1,10000,,'',1,10000,,'',1,10000,,'',1,10000,,'',1,10000,,'',1,10000,,'',1,10000,,'',1,10000,,'',1,10000,,'',1
'20230618',300,93900,4,'',1,10000,4,'',1,10000,4,'',1,10000,4,'',1,10000,4,'',1,10000,4,'',1,10000,4,'',1,10000,4,'',1,10000,4,'',1,10000,4,'',1,10000,4,'',1,10000,4,'',1,10000,4,'',1,10000,4,'',1,10000,4,'',1,10000,4,'',1
'20230618',301,74900,,'',1,10000,,'',1,10000,,'',1,10000,,'',1,10000,,'',1,10000,,'',1,10000,,'',1,10000,,'',1,10000,,'',1,10000,,'',1,10000,,'',1,10000,,'',1,10000,,'',1,10000,,'',1,10000,,'',1,10000,,'',1
'20230619',300,102300,0,'Kitchener',1,10000,4,'',1,10000,4,'',1,10000,0,'Kitchener',1,10000,4,'',1,10000,4,'',1,10000,0,'Kitchener',1,7700,,'',1,2300,0,'Georgetown',1,700,0,'Kitchener',1,2300,0,'Georgetown',1,4700,0,'Kitchener',1,3400,0,'Kitchener',1,1900,0,'Kitchener',1,7000,4,'',1,10000,4,'',1,10000,4,'',1,10000,0,'Kitchener',1,10000,0,'Guelph Central',1
'20230619',301,54000,,'',1,7000,,'',1,3000,,'',1,7000,,'',1,2300,,'',1,7000,,'',1,3000,,'',1,7000,,'',1,3700,,'',1,10000,,'',1,10000,,'',1,10000,,'',1,10000,,'',1,10000,,'',1,10100,,'',1,39900,,'',1,10000,,'',1,10000,,'',1
'20230620',300,102300,0,'Kitchener',1,10000,4,'',1,10000,4,'',1,10000,0,'Kitchener',1,10000,4,'',1,10000,4,'',1,10000,0,'Kitchener',1,7700,,'',1,2300,0,'Georgetown',1,700,0,'Kitchener',1,2300,0,'Georgetown',1,4700,0,'Kitchener',1,3400,0,'Kitchener',1,1900,0,'Kitchener',1,7000,4,'',1,10000,4,'',1,10000,4,'',1,10000,0,'Kitchener',1,10000,0,'Guelph Central',1
'20230620',301,54000,,'',1,7000,,'',1,3000,,'',1,7000,,'',1,2300,,'',1,7000,,'',1,3000,,'',1,7000,,'',1,3700,,'',1,10000,,'',1,10000,,'',1,10000,,'',1,10000,,'',1,10000,,'',1,10100,,'',1,39900,,'',1,10000,,'',1,10000,,'',1
'20230621',300,102300,0,'Kitchener',1,10000,4,'',1,10000,4,'',1,10000,0,'Kitchener',1,10000,4,'',1,10000,4,'',1,10000,0,'Kitchener',1,7700,,'',1,2300,0,'Georgetown',1,700,0,'Kitchener',1,2300,0,'Georgetown',1,4700,0,'Kitchener',1,3400,0,'Kitchener',1,1900,0,'Kitchener',1,7000,4,'',1,10000,4,'',1,10000,4,'',1,10000,0,'Kitchener',1,10000,0,'Guelph Central',1
'20230621',301,54000,,'',1,7000,,'',1,3000,,'',1,7000,,'',1,2300,,'',1,7000,,'',1,3000,,'',1,7000,,'',1,3700,,'',1,10000,,'',1,10000,,'',1,10000,,'',1,10000,,'',1,10000,,'',1,10100,,'',1,39900,,'',1,10000,,'',1,10000,,'',1
'20230622',300,102300,0,'Kitchener',1,10000,4,'',1,10000,4,'',1,10000,0,'Kitchener',1,10000,4,'',1,10000,4,'',1,10000,0,'Kitchener',1,7700,,'',1,2300,0,'Georgetown',1,700,0,'Kitchener',1,2300,0,'Georgetown',1,4700,0,'Kitchener',1,3400,0,'Kitchener',1,1900,0,'Kitchener',1,7000,4,'',1,10000,4,'',1,10000,4,'',1,10000,0,'Kitchener',1,10000,0,'Guelph Central',1
'20230622',301,54000,,'',1,7000,,'',1,3000,,'',1,7000,,'',1,2300,,'',1,7000,,'',1,3000,,'',1,7000,,'',1,3700,,'',1,10000,,'',1,10000,,'',1,10000,,'',1,10000,,'',1,10000,,'',1,10100,,'',1,39900,,'',1,10000,,'',1,10000,,'',1
'20230623',300,102300,0,'Kitchener',1,10000,4,'',1,10000,4,'',1,10000,0,'Kitchener',1,10000,4,'',1,10000,4,'',1,10000,0,'Kitchener',1,7700,,'',1,2300,0,'Georgetown',1,700,0,'Kitchener',1,2300,0,'Georgetown',1,4700,0,'Kitchener',1,3400,0,'Kitchener',1,1900,0,'Kitchener',1,7000,4,'',1,10000,4,'',1,10000,4,'',1,10000,0,'Kitchener',1,10000,0,'Guelph Central',1
'20230623',301,54000,,'',1,7000,,'',1,3000,,'',1,7000,,'',1,2300,,'',1,7000,,'',1,3000,,'',1,7000,,'',1,3700,,'',1,10000,,'',1,10000,,'',1,10000,,'',1,10000,,'',1,10000,,'',1,10100,,'',1,39900,,'',1,10000,,'',1,10000,,'',1
