'20230227',300,110100,0,'Kitchener',1,30000,0,'Kitchener',1,30000,0,'Kitchener',1,3700,,'',1,7000,0,'Kitchener',1,3000,0,'Kitchener',1,7400,0,'Kitchener',1,1900,0,'Kitchener',1,37000,0,'Kitchener',1,10000,4,'',1
'20230227',301,53100,,'',1,10100,,'',1,2300,,'',1,7000,,'',1,3000,,'',1,14700,,'',1,30000,,'',1,30200,,'',1,59800,,'',1
'20230228',300,110100,0,'Kitchener',1,30000,0,'Kitchener',1,30000,0,'Kitchener',1,3700,,'',1,7000,0,'Kitchener',1,3000,0,'Kitchener',1,7400,0,'Kitchener',1,1900,0,'Kitchener',1,37000,0,'Kitchener',1,10000,4,'',1
'20230228',301,53100,,'',1,10100,,'',1,2300,,'',1,7000,,'',1,3000,,'',1,14700,,'',1,30000,,'',1,30200,,'',1,59800,,'',1
'20230301',300,110100,0,'Kitchener',1,30000,0,'Kitchener',1,30000,0,'Kitchener',1,3700,,'',1,7000,0,'Kitchener',1,3000,0,'Kitchener',1,7400,0,'Kitchener',1,1900,0,'Kitchener',1,37000,0,'Kitchener',1,10000,4,'',1
'20230301',301,53100,,'',1,10100,,'',1,2300,,'',1,7000,,'',1,3000,,'',1,14700,,'',1,30000,,'',1,30200,,'',1,59800,,'',1
'20230302',300,110100,0,'Kitchener',1,30000,0,'Kitchener',1,30000,0,'Kitchener',1,3700,,'',1,7000,0,'Kitchener',1,3000,0,'Kitchener',1,7400,0,'Kitchener',1,1900,0,'Kitchener',1,37000,0,'Kitchener',1,10000,4,'',1
'20230302',301,53100,,'',1,10100,,'',1,2300,,'',1,7000,,'',1,3000,,'',1,14700,,'',1,30000,,'',1,30200,,'',1,59800,,'',1
'20230303',300,110100,0,'Kitchener',1,30000,0,'Kitchener',1,30000,0,'Kitchener',1,3700,,'',1,7000,0,'Kitchener',1,3000,0,'Kitchener',1,7400,0,'Kitchener',1,1900,0,'Kitchener',1,37000,0,'Kitchener',1,10000,4,'',1
'20230303',301,53100,,'',1,10100,,'',1,2300,,'',1,7000,,'',1,3000,,'',1,14700,,'',1,30000,,'',1,30200,,'',1,59800,,'',1
'20230306',300,110100,0,'Kitchener',1,30000,0,'Kitchener',1,30000,0,'Kitchener',1,3700,,'',1,7000,0,'Kitchener',1,3000,0,'Kitchener',1,7400,0,'Kitchener',1,1900,0,'Kitchener',1,37000,0,'Kitchener',1,10000,4,'',1
'20230306',301,53100,,'',1,10100,,'',1,2300,,'',1,7000,,'',1,3000,,'',1,14700,,'',1,30000,,'',1,30200,,'',1,59800,,'',1
'20230307',300,110100,0,'Kitchener',1,30000,0,'Kitchener',1,30000,0,'Kitchener',1,3700,,'',1,7000,0,'Kitchener',1,3000,0,'Kitchener',1,7400,0,'Kitchener',1,1900,0,'Kitchener',1,37000,0,'Kitchener',1,10000,4,'',1
'20230307',301,53100,,'',1,10100,,'',1,2300,,'',1,7000,,'',1,3000,,'',1,14700,,'',1,30000,,'',1,30200,,'',1,59800,,'',1
'20230308',300,110100,0,'Kitchener',1,30000,0,'Kitchener',1,30000,0,'Kitchener',1,3700,,'',1,7000,0,'Kitchener',1,3000,0,'Kitchener',1,7400,0,'Kitchener',1,1900,0,'Kitchener',1,37000,0,'Kitchener',1,10000,4,'',1
'20230308',301,53100,,'',1,10100,,'',1,2300,,'',1,7000,,'',1,3000,,'',1,14700,,'',1,30000,,'',1,30200,,'',1,59800,,'',1
'20230309',300,110100,0,'Kitchener',1,30000,0,'Kitchener',1,30000,0,'Kitchener',1,3700,,'',1,7000,0,'Kitchener',1,3000,0,'Kitchener',1,7400,0,'Kitchener',1,1900,0,'Kitchener',1,37000,0,'Kitchener',1,10000,4,'',1
'20230309',301,53100,,'',1,10100,,'',1,2300,,'',1,7000,,'',1,3000,,'',1,14700,,'',1,30000,,'',1,30200,,'',1,59800,,'',1
'20230310',300,110100,0,'Kitchener',1,30000,0,'Kitchener',1,30000,0,'Kitchener',1,3700,,'',1,7000,0,'Kitchener',1,3000,0,'Kitchener',1,7400,0,'Kitchener',1,1900,0,'Kitchener',1,37000,0,'Kitchener',1,10000,4,'',1
'20230310',301,53100,,'',1,10100,,'',1,2300,,'',1,7000,,'',1,3000,,'',1,14700,,'',1,30000,,'',1,30200,,'',1,59800,,'',1
'20230313',300,110100,0,'Kitchener',1,30000,0,'Kitchener',1,30000,0,'Kitchener',1,3700,,'',1,7000,0,'Kitchener',1,3000,0,'Kitchener',1,7400,0,'Kitchener',1,1900,0,'Kitchener',1,37000,0,'Kitchener',1,10000,4,'',1
'20230313',301,53100,,'',1,10100,,'',1,2300,,'',1,7000,,'',1,3000,,'',1,14700,,'',1,30000,,'',1,30200,,'',1,59800,,'',1
'20230314',300,110100,0,'Kitchener',1,30000,0,'Kitchener',1,30000,0,'Kitchener',1,3700,,'',1,7000,0,'Kitchener',1,3000,0,'Kitchener',1,7400,0,'Kitchener',1,1900,0,'Kitchener',1,37000,0,'Kitchener',1,10000,4,'',1
'20230314',301,53100,,'',1,10100,,'',1,2300,,'',1,7000,,'',1,3000,,'',1,14700,,'',1,30000,,'',1,30200,,'',1,59800,,'',1
'20230315',300,110100,0,'Kitchener',1,30000,0,'Kitchener',1,30000,0,'Kitchener',1,3700,,'',1,7000,0,'Kitchener',1,3000,0,'Kitchener',1,7400,0,'Kitchener',1,1900,0,'Kitchener',1,37000,0,'Kitchener',1,10000,4,'',1
'20230315',301,53100,,'',1,10100,,'',1,2300,,'',1,7000,,'',1,3000,,'',1,14700,,'',1,30000,,'',1,30200,,'',1,59800,,'',1
'20230316',300,110100,0,'Kitchener',1,30000,0,'Kitchener',1,30000,0,'Kitchener',1,3700,,'',1,7000,0,'Kitchener',1,3000,0,'Kitchener',1,7400,0,'Kitchener',1,1900,0,'Kitchener',1,37000,0,'Kitchener',1,10000,4,'',1
'20230316',301,53100,,'',1,10100,,'',1,2300,,'',1,7000,,'',1,3000,,'',1,14700,,'',1,30000,,'',1,30200,,'',1,59800,,'',1
'20230317',300,110100,0,'Kitchener',1,30000,0,'Kitchener',1,30000,0,'Kitchener',1,3700,,'',1,7000,0,'Kitchener',1,3000,0,'Kitchener',1,7400,0,'Kitchener',1,1900,0,'Kitchener',1,37000,0,'Kitchener',1,10000,4,'',1
'20230317',301,53100,,'',1,10100,,'',1,2300,,'',1,7000,,'',1,3000,,'',1,14700,,'',1,30000,,'',1,30200,,'',1,59800,,'',1
'20230320',300,110100,0,'Kitchener',1,30000,0,'Kitchener',1,30000,0,'Kitchener',1,3700,,'',1,7000,0,'Kitchener',1,3000,0,'Kitchener',1,7400,0,'Kitchener',1,1900,0,'Kitchener',1,37000,0,'Kitchener',1,10000,4,'',1
'20230320',301,53100,,'',1,10100,,'',1,2300,,'',1,7000,,'',1,3000,,'',1,14700,,'',1,30000,,'',1,30200,,'',1,59800,,'',1
'20230321',300,110100,0,'Kitchener',1,30000,0,'Kitchener',1,30000,0,'Kitchener',1,3700,,'',1,7000,0,'Kitchener',1,3000,0,'Kitchener',1,7400,0,'Kitchener',1,1900,0,'Kitchener',1,37000,0,'Kitchener',1,10000,4,'',1
'20230321',301,53100,,'',1,10100,,'',1,2300,,'',1,7000,,'',1,3000,,'',1,14700,,'',1,30000,,'',1,30200,,'',1,59800,,'',1
'20230322',300,110100,0,'Kitchener',1,30000,0,'Kitchener',1,30000,0,'Kitchener',1,3700,,'',1,7000,0,'Kitchener',1,3000,0,'Kitchener',1,7400,0,'Kitchener',1,1900,0,'Kitchener',1,37000,0,'Kitchener',1,10000,4,'',1
'20230322',301,53100,,'',1,10100,,'',1,2300,,'',1,7000,,'',1,3000,,'',1,14700,,'',1,30000,,'',1,30200,,'',1,59800,,'',1
'20230323',300,110100,0,'Kitchener',1,30000,0,'Kitchener',1,30000,0,'Kitchener',1,3700,,'',1,7000,0,'Kitchener',1,3000,0,'Kitchener',1,7400,0,'Kitchener',1,1900,0,'Kitchener',1,37000,0,'Kitchener',1,10000,4,'',1
'20230323',301,53100,,'',1,10100,,'',1,2300,,'',1,7000,,'',1,3000,,'',1,14700,,'',1,30000,,'',1,30200,,'',1,59800,,'',1
'20230324',300,110100,0,'Kitchener',1,30000,0,'Kitchener',1,30000,0,'Kitchener',1,3700,,'',1,7000,0,'Kitchener',1,3000,0,'Kitchener',1,7400,0,'Kitchener',1,1900,0,'Kitchener',1,37000,0,'Kitchener',1,10000,4,'',1
'20230324',301,53100,,'',1,10100,,'',1,2300,,'',1,7000,,'',1,3000,,'',1,14700,,'',1,30000,,'',1,30200,,'',1,59800,,'',1
'20230327',300,110100,0,'Kitchener',1,30000,0,'Kitchener',1,30000,0,'Kitchener',1,3700,,'',1,7000,0,'Kitchener',1,3000,0,'Kitchener',1,7400,0,'Kitchener',1,1900,0,'Kitchener',1,37000,0,'Kitchener',1,10000,4,'',1
'20230327',301,53100,,'',1,10100,,'',1,2300,,'',1,7000,,'',1,3000,,'',1,14700,,'',1,30000,,'',1,30200,,'',1,59800,,'',1
'20230328',300,110100,0,'Kitchener',1,30000,0,'Kitchener',1,30000,0,'Kitchener',1,3700,,'',1,7000,0,'Kitchener',1,3000,0,'Kitchener',1,7400,0,'Kitchener',1,1900,0,'Kitchener',1,37000,0,'Kitchener',1,10000,4,'',1
'20230328',301,53100,,'',1,10100,,'',1,2300,,'',1,7000,,'',1,3000,,'',1,14700,,'',1,30000,,'',1,30200,,'',1,59800,,'',1
'20230329',300,110100,0,'Kitchener',1,30000,0,'Kitchener',1,30000,0,'Kitchener',1,3700,,'',1,7000,0,'Kitchener',1,3000,0,'Kitchener',1,7400,0,'Kitchener',1,1900,0,'Kitchener',1,37000,0,'Kitchener',1,10000,4,'',1
'20230329',301,53100,,'',1,10100,,'',1,2300,,'',1,7000,,'',1,3000,,'',1,14700,,'',1,30000,,'',1,30200,,'',1,59800,,'',1
'20230330',300,110100,0,'Kitchener',1,30000,0,'Kitchener',1,30000,0,'Kitchener',1,3700,,'',1,7000,0,'Kitchener',1,3000,0,'Kitchener',1,7400,0,'Kitchener',1,1900,0,'Kitchener',1,37000,0,'Kitchener',1,10000,4,'',1
'20230330',301,53100,,'',1,10100,,'',1,2300,,'',1,7000,,'',1,3000,,'',1,14700,,'',1,30000,,'',1,30200,,'',1,59800,,'',1
'20230331',300,110100,0,'Kitchener',1,30000,0,'Kitchener',1,30000,0,'Kitchener',1,3700,,'',1,7000,0,'Kitchener',1,3000,0,'Kitchener',1,7400,0,'Kitchener',1,1900,0,'Kitchener',1,37000,0,'Kitchener',1,10000,4,'',1
'20230331',301,53100,,'',1,10100,,'',1,2300,,'',1,7000,,'',1,3000,,'',1,14700,,'',1,30000,,'',1,30200,,'',1,59800,,'',1
'20230403',300,110100,0,'Kitchener',1,30000,0,'Kitchener',1,30000,0,'Kitchener',1,3700,,'',1,7000,0,'Kitchener',1,3000,0,'Kitchener',1,7400,0,'Kitchener',1,1900,0,'Kitchener',1,37000,0,'Kitchener',1,10000,4,'',1
'20230403',301,53100,,'',1,10100,,'',1,2300,,'',1,7000,,'',1,3000,,'',1,14700,,'',1,30000,,'',1,30200,,'',1,59800,,'',1
'20230404',300,110100,0,'Kitchener',1,30000,0,'Kitchener',1,30000,0,'Kitchener',1,3700,,'',1,7000,0,'Kitchener',1,3000,0,'Kitchener',1,7400,0,'Kitchener',1,1900,0,'Kitchener',1,37000,0,'Kitchener',1,10000,4,'',1
'20230404',301,53100,,'',1,10100,,'',1,2300,,'',1,7000,,'',1,3000,,'',1,14700,,'',1,30000,,'',1,30200,,'',1,59800,,'',1
'20230405',300,110100,0,'Kitchener',1,30000,0,'Kitchener',1,30000,0,'Kitchener',1,3700,,'',1,7000,0,'Kitchener',1,3000,0,'Kitchener',1,7400,0,'Kitchener',1,1900,0,'Kitchener',1,37000,0,'Kitchener',1,10000,4,'',1
'20230405',301,53100,,'',1,10100,,'',1,2300,,'',1,7000,,'',1,3000,,'',1,14700,,'',1,30000,,'',1,30200,,'',1,59800,,'',1
'20230406',300,110100,0,'Kitchener',1,30000,0,'Kitchener',1,30000,0,'Kitchener',1,3700,,'',1,7000,0,'Kitchener',1,3000,0,'Kitchener',1,7400,0,'Kitchener',1,1900,0,'Kitchener',1,37000,0,'Kitchener',1,10000,4,'',1
'20230406',301,53100,,'',1,10100,,'',1,2300,,'',1,7000,,'',1,3000,,'',1,14700,,'',1,30000,,'',1,30200,,'',1,59800,,'',1
'20230407',300,110100,0,'Kitchener',1,30000,0,'Kitchener',1,30000,0,'Kitchener',1,3700,,'',1,7000,0,'Kitchener',1,3000,0,'Kitchener',1,7400,0,'Kitchener',1,1900,0,'Kitchener',1,37000,0,'Kitchener',1,10000,4,'',1
'20230407',301,53100,,'',1,10100,,'',1,2300,,'',1,7000,,'',1,3000,,'',1,14700,,'',1,30000,,'',1,30200,,'',1,59800,,'',1
