'20230809',200,164800,4,'',1,8500,4,'',1,7000,4,'',1,1500,4,'',1,1500,4,'',1,7000,4,'',1,3000,4,'',1,8500,4,'',1
'20230809',201,55300,,'',1,7000,,'',1,3000,,'',1,5500,,'',1,1500,,'',1,1500,,'',1,1500,,'',1,7000,,'',1
'20230810',200,164800,4,'',1,8500,4,'',1,7000,4,'',1,1500,4,'',1,1500,4,'',1,7000,4,'',1,3000,4,'',1,8500,4,'',1
'20230810',201,55300,,'',1,7000,,'',1,3000,,'',1,5500,,'',1,1500,,'',1,1500,,'',1,1500,,'',1,7000,,'',1
'20230811',200,164800,4,'',1,8500,4,'',1,7000,4,'',1,1500,4,'',1,1500,4,'',1,7000,4,'',1,3000,4,'',1,8500,4,'',1
'20230811',201,55300,,'',1,7000,,'',1,3000,,'',1,5500,,'',1,1500,,'',1,1500,,'',1,1500,,'',1,7000,,'',1
'20230814',200,164200,4,'',1,8500,4,'',1,3000,4,'',1,5500,4,'',1,1500,4,'',1,3000,4,'',1,7000,4,'',1,8500,4,'',1
'20230814',201,55900,,'',1,7000,,'',1,3000,,'',1,5500,,'',1,1500,,'',1,1500,,'',1,1500,,'',1,7000,,'',1
'20230815',200,164200,4,'',1,8500,4,'',1,3000,4,'',1,5500,4,'',1,1500,4,'',1,3000,4,'',1,7000,4,'',1,8500,4,'',1
'20230815',201,55900,,'',1,7000,,'',1,3000,,'',1,5500,,'',1,1500,,'',1,1500,,'',1,1500,,'',1,7000,,'',1
'20230816',200,164200,4,'',1,8500,4,'',1,3000,4,'',1,5500,4,'',1,1500,4,'',1,3000,4,'',1,7000,4,'',1,8500,4,'',1
'20230816',201,55900,,'',1,7000,,'',1,3000,,'',1,5500,,'',1,1500,,'',1,1500,,'',1,1500,,'',1,7000,,'',1
'20230817',200,164200,4,'',1,8500,4,'',1,3000,4,'',1,5500,4,'',1,1500,4,'',1,3000,4,'',1,7000,4,'',1,8500,4,'',1
'20230817',201,55900,,'',1,7000,,'',1,3000,,'',1,5500,,'',1,1500,,'',1,1500,,'',1,1500,,'',1,7000,,'',1
'20230818',200,164200,4,'',1,8500,4,'',1,3000,4,'',1,5500,4,'',1,1500,4,'',1,3000,4,'',1,7000,4,'',1,8500,4,'',1
'20230818',201,55900,,'',1,7000,,'',1,3000,,'',1,5500,,'',1,1500,,'',1,1500,,'',1,1500,,'',1,7000,,'',1
'20230821',200,164200,4,'',1,8500,4,'',1,3000,4,'',1,5500,4,'',1,1500,4,'',1,3000,4,'',1,7000,4,'',1,8500,4,'',1
'20230821',201,55900,,'',1,7000,,'',1,3000,,'',1,5500,,'',1,1500,,'',1,1500,,'',1,1500,,'',1,7000,,'',1
'20230822',200,164200,4,'',1,8500,4,'',1,3000,4,'',1,5500,4,'',1,1500,4,'',1,3000,4,'',1,7000,4,'',1,8500,4,'',1
'20230822',201,55900,,'',1,7000,,'',1,3000,,'',1,5500,,'',1,1500,,'',1,1500,,'',1,1500,,'',1,7000,,'',1
'20230823',200,164200,4,'',1,8500,4,'',1,3000,4,'',1,5500,4,'',1,1500,4,'',1,3000,4,'',1,7000,4,'',1,8500,4,'',1
'20230823',201,55900,,'',1,7000,,'',1,3000,,'',1,5500,,'',1,1500,,'',1,1500,,'',1,1500,,'',1,7000,,'',1
'20230824',200,164200,4,'',1,8500,4,'',1,3000,4,'',1,5500,4,'',1,1500,4,'',1,3000,4,'',1,7000,4,'',1,8500,4,'',1
'20230824',201,55900,,'',1,7000,,'',1,3000,,'',1,5500,,'',1,1500,,'',1,1500,,'',1,1500,,'',1,7000,,'',1
'20230825',200,164200,4,'',1,8500,4,'',1,3000,4,'',1,5500,4,'',1,1500,4,'',1,3000,4,'',1,7000,4,'',1,8500,4,'',1
'20230825',201,55900,,'',1,7000,,'',1,3000,,'',1,5500,,'',1,1500,,'',1,1500,,'',1,1500,,'',1,7000,,'',1
'20230828',200,164200,4,'',1,8500,4,'',1,3000,4,'',1,5500,4,'',1,1500,4,'',1,3000,4,'',1,7000,4,'',1,8500,4,'',1
'20230828',201,55900,,'',1,7000,,'',1,3000,,'',1,5500,,'',1,1500,,'',1,1500,,'',1,1500,,'',1,7000,,'',1
'20230829',200,164200,4,'',1,8500,4,'',1,3000,4,'',1,5500,4,'',1,1500,4,'',1,3000,4,'',1,7000,4,'',1,8500,4,'',1
'20230829',201,55900,,'',1,7000,,'',1,3000,,'',1,5500,,'',1,1500,,'',1,1500,,'',1,1500,,'',1,7000,,'',1
'20230830',200,164200,4,'',1,8500,4,'',1,3000,4,'',1,5500,4,'',1,1500,4,'',1,3000,4,'',1,7000,4,'',1,8500,4,'',1
'20230830',201,55900,,'',1,7000,,'',1,3000,,'',1,5500,,'',1,1500,,'',1,1500,,'',1,1500,,'',1,7000,,'',1
'20230831',200,164200,4,'',1,8500,4,'',1,3000,4,'',1,5500,4,'',1,1500,4,'',1,3000,4,'',1,7000,4,'',1,8500,4,'',1
'20230831',201,55900,,'',1,7000,,'',1,3000,,'',1,5500,,'',1,1500,,'',1,1500,,'',1,1500,,'',1,7000,,'',1
'20230901',200,164200,4,'',1,8500,4,'',1,3000,4,'',1,5500,4,'',1,1500,4,'',1,3000,4,'',1,7000,4,'',1,8500,4,'',1
'20230901',201,55900,,'',1,7000,,'',1,3000,,'',1,5500,,'',1,1500,,'',1,1500,,'',1,1500,,'',1,7000,,'',1
