700,'20260722',940,,52905,20,0,23 24,1,100,,52906,20,0,23 24,1,100,,52907,20,0,23 24,1,100,,52908,20,0,23 24,1,100,,52909,20,0,23 24,1,100,,52910,20,0,23 24,1,100,,52916,20,,,1,73,,52903,20,4,,1,27,,52917,20,,,1,70,,52921,20,,,1,21,,52904,20,4,,1,9,,52918,20,,,1,72,,52922,20,,,1,43,,52911,20,0,23 24,1,85,,52912,20,0,23 24,1,100,,52913,20,0,23 24,1,100,,52914,20,0,23 24,1,100,,52915,20,0,23 24,1,99,,52919,20,,,1,100,,52920,20,,,1
700,'20260723',940,,52925,20,0,23 24,1,100,,52926,20,0,23 24,1,100,,52927,20,0,23 24,1,100,,52928,20,0,23 24,1,100,,52929,20,0,23 24,1,100,,52930,20,0,23 24,1,100,,52936,20,,,1,73,,52923,20,4,,1,27,,52937,20,,,1,70,,52941,20,,,1,21,,52924,20,4,,1,9,,52938,20,,,1,72,,52942,20,,,1,43,,52931,20,0,23 24,1,85,,52932,20,0,23 24,1,100,,52933,20,0,23 24,1,100,,52934,20,0,23 24,1,100,,52935,20,0,23 24,1,99,,52939,20,,,1,100,,52940,20,,,1
700,'20260724',940,,52945,20,0,23 24,1,100,,52946,20,0,23 24,1,100,,52947,20,0,23 24,1,100,,52948,20,0,23 24,1,100,,52949,20,0,23 24,1,100,,52950,20,0,23 24,1,100,,52956,20,,,1,73,,52943,20,4,,1,27,,52957,20,,,1,70,,52961,20,,,1,21,,52944,20,4,,1,9,,52958,20,,,1,72,,52962,20,,,1,43,,52951,20,0,23 24,1,85,,52952,20,0,23 24,1,100,,52953,20,0,23 24,1,100,,52954,20,0,23 24,1,100,,52955,20,0,23 24,1,99,,52959,20,,,1,100,,52960,20,,,1
700,'20260725',939,,52963,20,0,23 24,1,100,,52964,20,0,23 24,1,100,,52965,20,0,23 24,1,100,,52966,20,0,23 24,1,100,,52967,20,0,23 24,1,100,,52968,20,0,23 24,1,100,,52969,20,0,23 24,1,100,,52970,20,0,23 24,1,100,,52971,20,0,23 24,1,100,,52972,20,0,23 24,1,100,,52973,20,0,23 24,1,100,,52974,20,0,23 24,1,100,,52975,20,,,1,100,,52976,20,,,1,100,,52977,20,,,1
700,'20260726',939,,52978,20,0,23 24,1,100,,52979,20,0,23 24,1,100,,52980,20,0,23 24,1,100,,52981,20,0,23 24,1,100,,52982,20,0,23 24,1,100,,52983,20,0,23 24,1,100,,52984,20,0,23 24,1,100,,52985,20,0,23 24,1,100,,52986,20,0,23 24,1,100,,52987,20,0,23 24,1,100,,52988,20,0,23 24,1,100,,52989,20,0,23 24,1,100,,52990,20,,,1,100,,52991,20,,,1,100,,52992,20,,,1
700,'20260727',940,,52995,20,0,23 24,1,100,,52996,20,0,23 24,1,100,,52997,20,0,23 24,1,100,,52998,20,0,23 24,1,100,,52999,20,0,23 24,1,100,,53000,20,0,23 24,1,100,,53006,20,,,1,73,,52993,20,4,,1,27,,53007,20,,,1,70,,53011,20,,,1,21,,52994,20,4,,1,9,,53008,20,,,1,72,,53012,20,,,1,43,,53001,20,0,23 24,1,85,,53002,20,0,23 24,1,100,,53003,20,0,23 24,1,100,,53004,20,0,23 24,1,100,,53005,20,0,23 24,1,99,,53009,20,,,1,100,,53010,20,,,1
700,'20260728',940,,53015,20,0,23 24,1,100,,53016,20,0,23 24,1,100,,53017,20,0,23 24,1,100,,53018,20,0,23 24,1,100,,53019,20,0,23 24,1,100,,53020,20,0,23 24,1,100,,53026,20,,,1,73,,53013,20,4,,1,27,,53027,20,,,1,70,,53031,20,,,1,21,,53014,20,4,,1,9,,53028,20,,,1,72,,53032,20,,,1,43,,53021,20,0,23 24,1,85,,53022,20,0,23 24,1,100,,53023,20,0,23 24,1,100,,53024,20,0,23 24,1,100,,53025,20,0,23 24,1,99,,53029,20,,,1,100,,53030,20,,,1
700,'20260729',940,,53035,20,0,23 24,1,100,,53036,20,0,23 24,1,100,,53037,20,0,23 24,1,100,,53038,20,0,23 24,1,100,,53039,20,0,23 24,1,100,,53040,20,0,23 24,1,100,,53046,20,,,1,73,,53033,20,4,,1,27,,53047,20,,,1,70,,53051,20,,,1,21,,53034,20,4,,1,9,,53048,20,,,1,72,,53052,20,,,1,43,,53041,20,0,23 24,1,85,,53042,20,0,23 24,1,100,,53043,20,0,23 24,1,100,,53044,20,0,23 24,1,100,,53045,20,0,23 24,1,99,,53049,20,,,1,100,,53050,20,,,1
700,'20260730',940,,53055,20,0,23 24,1,100,,53056,20,0,23 24,1,100,,53057,20,0,23 24,1,100,,53058,20,0,23 24,1,100,,53059,20,0,23 24,1,100,,53060,20,0,23 24,1,100,,53066,20,,,1,73,,53053,20,4,,1,27,,53067,20,,,1,70,,53071,20,,,1,21,,53054,20,4,,1,9,,53068,20,,,1,72,,53072,20,,,1,43,,53061,20,0,23 24,1,85,,53062,20,0,23 24,1,100,,53063,20,0,23 24,1,100,,53064,20,0,23 24,1,100,,53065,20,0,23 24,1,99,,53069,20,,,1,100,,53070,20,,,1
700,'20260731',940,,53075,20,0,23 24,1,100,,53076,20,0,23 24,1,100,,53077,20,0,23 24,1,100,,53078,20,0,23 24,1,100,,53079,20,0,23 24,1,100,,53080,20,0,23 24,1,100,,53086,20,,,1,73,,53073,20,4,,1,27,,53087,20,,,1,70,,53091,20,,,1,21,,53074,20,4,,1,9,,53088,20,,,1,72,,53092,20,,,1,43,,53081,20,0,23 24,1,85,,53082,20,0,23 24,1,100,,53083,20,0,23 24,1,100,,53084,20,0,23 24,1,100,,53085,20,0,23 24,1,99,,53089,20,,,1,100,,53090,20,,,1
700,'20260801',939,,53093,20,0,23 24,1,100,,53094,20,0,23 24,1,100,,53095,20,0,23 24,1,100,,53096,20,0,23 24,1,100,,53097,20,0,23 24,1,100,,53098,20,0,23 24,1,100,,53099,20,0,23 24,1,100,,53100,20,0,23 24,1,100,,53101,20,0,23 24,1,100,,53102,20,0,23 24,1,100,,53103,20,0,23 24,1,100,,53104,20,0,23 24,1,100,,53105,20,,,1,100,,53106,20,,,1,100,,53107,20,,,1
700,'20260802',939,,53108,20,0,23 24,1,100,,53109,20,0,23 24,1,100,,53110,20,0,23 24,1,100,,53111,20,0,23 24,1,100,,53112,20,0,23 24,1,100,,53113,20,0,23 24,1,100,,53114,20,0,23 24,1,100,,53115,20,0,23 24,1,100,,53116,20,0,23 24,1,100,,53117,20,0,23 24,1,100,,53118,20,0,23 24,1,100,,53119,20,0,23 24,1,100,,53120,20,,,1,100,,53121,20,,,1,100,,53122,20,,,1
700,'20260803',939,,53125,20,0,23 24,1,100,,53126,20,0,23 24,1,100,,53127,20,0,23 24,1,100,,53128,20,0,23 24,1,100,,53129,20,0,23 24,1,100,,53130,20,0,23 24,1,100,,64420,20,0,23 24,1,100,,64421,20,0,23 24,1,100,,64422,20,0,23 24,1,100,,53131,20,0,23 24,1,100,,53132,20,0,23 24,1,100,,53133,20,0,23 24,1,100,,64423,20,,,1,100,,64424,20,,,1,100,,53139,20,,,1
700,'20260804',940,,53145,20,0,23 24,1,100,,53146,20,0,23 24,1,100,,53147,20,0,23 24,1,100,,53148,20,0,23 24,1,100,,53149,20,0,23 24,1,100,,53150,20,0,23 24,1,100,,53156,20,,,1,73,,53143,20,4,,1,27,,53157,20,,,1,70,,53161,20,,,1,21,,53144,20,4,,1,9,,53158,20,,,1,72,,53162,20,,,1,43,,53151,20,0,23 24,1,85,,53152,20,0,23 24,1,100,,53153,20,0,23 24,1,100,,53154,20,0,23 24,1,100,,53155,20,0,23 24,1,99,,53159,20,,,1,100,,53160,20,,,1
700,'20260805',940,,53165,20,0,23 24,1,100,,53166,20,0,23 24,1,100,,53167,20,0,23 24,1,100,,53168,20,0,23 24,1,100,,53169,20,0,23 24,1,100,,53170,20,0,23 24,1,100,,53176,20,,,1,73,,53163,20,4,,1,27,,53177,20,,,1,70,,53181,20,,,1,21,,53164,20,4,,1,9,,53178,20,,,1,72,,53182,20,,,1,43,,53171,20,0,23 24,1,85,,53172,20,0,23 24,1,100,,53173,20,0,23 24,1,100,,53174,20,0,23 24,1,100,,53175,20,0,23 24,1,99,,53179,20,,,1,100,,53180,20,,,1
700,'20260806',940,,53185,20,0,23 24,1,100,,53186,20,0,23 24,1,100,,53187,20,0,23 24,1,100,,53188,20,0,23 24,1,100,,53189,20,0,23 24,1,100,,53190,20,0,23 24,1,100,,53196,20,,,1,73,,53183,20,4,,1,27,,53197,20,,,1,70,,53201,20,,,1,21,,53184,20,4,,1,9,,53198,20,,,1,72,,53202,20,,,1,43,,53191,20,0,23 24,1,85,,53192,20,0,23 24,1,100,,53193,20,0,23 24,1,100,,53194,20,0,23 24,1,100,,53195,20,0,23 24,1,99,,53199,20,,,1,100,,53200,20,,,1
700,'20260807',940,,53205,20,0,23 24,1,100,,53206,20,0,23 24,1,100,,53207,20,0,23 24,1,100,,53208,20,0,23 24,1,100,,53209,20,0,23 24,1,100,,53210,20,0,23 24,1,100,,53216,20,,,1,73,,53203,20,4,,1,27,,53217,20,,,1,70,,53221,20,,,1,21,,53204,20,4,,1,9,,53218,20,,,1,72,,53222,20,,,1,43,,53211,20,0,23 24,1,85,,53212,20,0,23 24,1,100,,53213,20,0,23 24,1,100,,53214,20,0,23 24,1,100,,53215,20,0,23 24,1,99,,53219,20,,,1,100,,53220,20,,,1
700,'20260808',939,,53223,20,0,23 24,1,100,,53224,20,0,23 24,1,100,,53225,20,0,23 24,1,100,,53226,20,0,23 24,1,100,,53227,20,0,23 24,1,100,,53228,20,0,23 24,1,100,,53229,20,0,23 24,1,100,,53230,20,0,23 24,1,100,,53231,20,0,23 24,1,100,,53232,20,0,23 24,1,100,,53233,20,0,23 24,1,100,,53234,20,0,23 24,1,100,,53235,20,,,1,100,,53236,20,,,1,100,,53237,20,,,1
700,'20260809',939,,53238,20,0,23 24,1,100,,53239,20,0,23 24,1,100,,53240,20,0,23 24,1,100,,53241,20,0,23 24,1,100,,53242,20,0,23 24,1,100,,53243,20,0,23 24,1,100,,53244,20,0,23 24,1,100,,53245,20,0,23 24,1,100,,53246,20,0,23 24,1,100,,53247,20,0,23 24,1,100,,53248,20,0,23 24,1,100,,53249,20,0,23 24,1,100,,53250,20,,,1,100,,53251,20,,,1,100,,53252,20,,,1
700,'20260810',940,,53255,20,0,23 24,1,100,,53256,20,0,23 24,1,100,,53257,20,0,23 24,1,100,,53258,20,0,23 24,1,100,,53259,20,0,23 24,1,100,,53260,20,0,23 24,1,100,,65255,20,,,1,73,,65251,20,4,,1,27,,65256,20,,,1,70,,65259,20,,,1,21,,65252,20,4,,1,9,,65257,20,,,1,72,,65260,20,,,1,43,,53261,20,0,23 24,1,85,,53262,20,0,23 24,1,100,,53263,20,0,23 24,1,100,,65253,20,0,23 24,1,100,,65254,20,0,23 24,1,99,,53269,20,,,1,100,,65258,20,,,1
700,'20260811',940,,53275,20,0,23 24,1,100,,53276,20,0,23 24,1,100,,53277,20,0,23 24,1,100,,53278,20,0,23 24,1,100,,53279,20,0,23 24,1,100,,53280,20,0,23 24,1,100,,53286,20,,,1,73,,53273,20,4,,1,27,,53287,20,,,1,70,,53291,20,,,1,21,,53274,20,4,,1,9,,53288,20,,,1,72,,53292,20,,,1,43,,53281,20,0,23 24,1,85,,53282,20,0,23 24,1,100,,53283,20,0,23 24,1,100,,53284,20,0,23 24,1,100,,53285,20,0,23 24,1,99,,53289,20,,,1,100,,53290,20,,,1
700,'20260812',940,,53295,20,0,23 24,1,100,,53296,20,0,23 24,1,100,,53297,20,0,23 24,1,100,,53298,20,0,23 24,1,100,,53299,20,0,23 24,1,100,,53300,20,0,23 24,1,100,,53306,20,,,1,73,,53293,20,4,,1,27,,53307,20,,,1,70,,53311,20,,,1,21,,53294,20,4,,1,9,,53308,20,,,1,72,,53312,20,,,1,43,,53301,20,0,23 24,1,85,,53302,20,0,23 24,1,100,,53303,20,0,23 24,1,100,,53304,20,0,23 24,1,100,,53305,20,0,23 24,1,99,,53309,20,,,1,100,,53310,20,,,1
700,'20260813',940,,53315,20,0,23 24,1,100,,53316,20,0,23 24,1,100,,53317,20,0,23 24,1,100,,53318,20,0,23 24,1,100,,53319,20,0,23 24,1,100,,53320,20,0,23 24,1,100,,53326,20,,,1,73,,53313,20,4,,1,27,,53327,20,,,1,70,,53331,20,,,1,21,,53314,20,4,,1,9,,53328,20,,,1,72,,53332,20,,,1,43,,53321,20,0,23 24,1,85,,53322,20,0,23 24,1,100,,53323,20,0,23 24,1,100,,53324,20,0,23 24,1,100,,53325,20,0,23 24,1,99,,53329,20,,,1,100,,53330,20,,,1
700,'20260814',940,,53335,20,0,23 24,1,100,,53336,20,0,23 24,1,100,,53337,20,0,23 24,1,100,,53338,20,0,23 24,1,100,,53339,20,0,23 24,1,100,,53340,20,0,23 24,1,100,,53346,20,,,1,73,,53333,20,4,,1,27,,53347,20,,,1,70,,53351,20,,,1,21,,53334,20,4,,1,9,,53348,20,,,1,72,,53352,20,,,1,43,,53341,20,0,23 24,1,85,,53342,20,0,23 24,1,100,,53343,20,0,23 24,1,100,,53344,20,0,23 24,1,100,,53345,20,0,23 24,1,99,,53349,20,,,1,100,,53350,20,,,1
700,'20260815',939,,53353,20,0,23 24,1,100,,53354,20,0,23 24,1,100,,53355,20,0,23 24,1,100,,53356,20,0,23 24,1,100,,53357,20,0,23 24,1,100,,53358,20,0,23 24,1,100,,53359,20,0,23 24,1,100,,53360,20,0,23 24,1,100,,53361,20,0,23 24,1,100,,53362,20,0,23 24,1,100,,53363,20,0,23 24,1,100,,53364,20,0,23 24,1,100,,53365,20,,,1,100,,53366,20,,,1,100,,53367,20,,,1
700,'20260816',939,,53368,20,0,23 24,1,100,,53369,20,0,23 24,1,100,,53370,20,0,23 24,1,100,,53371,20,0,23 24,1,100,,53372,20,0,23 24,1,100,,53373,20,0,23 24,1,100,,53374,20,0,23 24,1,100,,53375,20,0,23 24,1,100,,53376,20,0,23 24,1,100,,53377,20,0,23 24,1,100,,53378,20,0,23 24,1,100,,53379,20,0,23 24,1,100,,53380,20,,,1,100,,53381,20,,,1,100,,53382,20,,,1
700,'20260817',940,,53385,20,0,23 24,1,100,,53386,20,0,23 24,1,100,,53387,20,0,23 24,1,100,,53388,20,0,23 24,1,100,,53389,20,0,23 24,1,100,,53390,20,0,23 24,1,100,,65265,20,,,1,73,,65261,20,4,,1,27,,65266,20,,,1,70,,65269,20,,,1,21,,65262,20,4,,1,9,,65267,20,,,1,72,,65270,20,,,1,43,,53391,20,0,23 24,1,85,,53392,20,0,23 24,1,100,,53393,20,0,23 24,1,100,,65263,20,0,23 24,1,100,,65264,20,0,23 24,1,99,,53399,20,,,1,100,,65268,20,,,1
700,'20260818',940,,53405,20,0,23 24,1,100,,53406,20,0,23 24,1,100,,53407,20,0,23 24,1,100,,53408,20,0,23 24,1,100,,53409,20,0,23 24,1,100,,53410,20,0,23 24,1,100,,53416,20,,,1,73,,53403,20,4,,1,27,,53417,20,,,1,70,,53421,20,,,1,21,,53404,20,4,,1,9,,53418,20,,,1,72,,53422,20,,,1,43,,53411,20,0,23 24,1,85,,53412,20,0,23 24,1,100,,53413,20,0,23 24,1,100,,53414,20,0,23 24,1,100,,53415,20,0,23 24,1,99,,53419,20,,,1,100,,53420,20,,,1
700,'20260819',940,,53425,20,0,23 24,1,100,,53426,20,0,23 24,1,100,,53427,20,0,23 24,1,100,,53428,20,0,23 24,1,100,,53429,20,0,23 24,1,100,,53430,20,0,23 24,1,100,,53436,20,,,1,73,,53423,20,4,,1,27,,53437,20,,,1,70,,53441,20,,,1,21,,53424,20,4,,1,9,,53438,20,,,1,72,,53442,20,,,1,43,,53431,20,0,23 24,1,85,,53432,20,0,23 24,1,100,,53433,20,0,23 24,1,100,,53434,20,0,23 24,1,100,,53435,20,0,23 24,1,99,,53439,20,,,1,100,,53440,20,,,1
700,'20260820',940,,53445,20,0,23 24,1,100,,53446,20,0,23 24,1,100,,53447,20,0,23 24,1,100,,53448,20,0,23 24,1,100,,53449,20,0,23 24,1,100,,53450,20,0,23 24,1,100,,53456,20,,,1,73,,53443,20,4,,1,27,,53457,20,,,1,70,,53461,20,,,1,21,,53444,20,4,,1,9,,53458,20,,,1,72,,53462,20,,,1,43,,53451,20,0,23 24,1,85,,53452,20,0,23 24,1,100,,53453,20,0,23 24,1,100,,53454,20,0,23 24,1,100,,53455,20,0,23 24,1,99,,53459,20,,,1,100,,53460,20,,,1
700,'20260821',940,,53465,20,0,23 24,1,100,,53466,20,0,23 24,1,100,,53467,20,0,23 24,1,100,,53468,20,0,23 24,1,100,,53469,20,0,23 24,1,100,,53470,20,0,23 24,1,100,,53476,20,,,1,73,,53463,20,4,,1,27,,53477,20,,,1,70,,53481,20,,,1,21,,53464,20,4,,1,9,,53478,20,,,1,72,,53482,20,,,1,43,,53471,20,0,23 24,1,85,,53472,20,0,23 24,1,100,,53473,20,0,23 24,1,100,,53474,20,0,23 24,1,100,,53475,20,0,23 24,1,99,,53479,20,,,1,100,,53480,20,,,1
700,'20260822',939,,53483,20,0,23 24,1,100,,53484,20,0,23 24,1,100,,53485,20,0,23 24,1,100,,53486,20,0,23 24,1,100,,53487,20,0,23 24,1,100,,53488,20,0,23 24,1,100,,53489,20,0,23 24,1,100,,53490,20,0,23 24,1,100,,53491,20,0,23 24,1,100,,53492,20,0,23 24,1,100,,53493,20,0,23 24,1,100,,53494,20,0,23 24,1,100,,53495,20,,,1,100,,53496,20,,,1,100,,53497,20,,,1
700,'20260823',939,,53498,20,0,23 24,1,100,,53499,20,0,23 24,1,100,,53500,20,0,23 24,1,100,,53501,20,0,23 24,1,100,,53502,20,0,23 24,1,100,,53503,20,0,23 24,1,100,,53504,20,0,23 24,1,100,,53505,20,0,23 24,1,100,,53506,20,0,23 24,1,100,,53507,20,0,23 24,1,100,,53508,20,0,23 24,1,100,,53509,20,0,23 24,1,100,,53510,20,,,1,100,,53511,20,,,1,100,,53512,20,,,1
700,'20260824',940,,53515,20,0,23 24,1,100,,53516,20,0,23 24,1,100,,53517,20,0,23 24,1,100,,53518,20,0,23 24,1,100,,53519,20,0,23 24,1,100,,53520,20,0,23 24,1,100,,65275,20,,,1,73,,65271,20,4,,1,27,,65276,20,,,1,70,,65279,20,,,1,21,,65272,20,4,,1,9,,65277,20,,,1,72,,65280,20,,,1,43,,53521,20,0,23 24,1,85,,53522,20,0,23 24,1,100,,53523,20,0,23 24,1,100,,65273,20,0,23 24,1,100,,65274,20,0,23 24,1,99,,53529,20,,,1,100,,65278,20,,,1
700,'20260825',940,,53535,20,0,23 24,1,100,,53536,20,0,23 24,1,100,,53537,20,0,23 24,1,100,,53538,20,0,23 24,1,100,,53539,20,0,23 24,1,100,,53540,20,0,23 24,1,100,,53546,20,,,1,73,,53533,20,4,,1,27,,53547,20,,,1,70,,53551,20,,,1,21,,53534,20,4,,1,9,,53548,20,,,1,72,,53552,20,,,1,43,,53541,20,0,23 24,1,85,,53542,20,0,23 24,1,100,,53543,20,0,23 24,1,100,,53544,20,0,23 24,1,100,,53545,20,0,23 24,1,99,,53549,20,,,1,100,,53550,20,,,1
700,'20260826',940,,53555,20,0,23 24,1,100,,53556,20,0,23 24,1,100,,53557,20,0,23 24,1,100,,53558,20,0,23 24,1,100,,53559,20,0,23 24,1,100,,53560,20,0,23 24,1,100,,53566,20,,,1,73,,53553,20,4,,1,27,,53567,20,,,1,70,,53571,20,,,1,21,,53554,20,4,,1,9,,53568,20,,,1,72,,53572,20,,,1,43,,53561,20,0,23 24,1,85,,53562,20,0,23 24,1,100,,53563,20,0,23 24,1,100,,53564,20,0,23 24,1,100,,53565,20,0,23 24,1,99,,53569,20,,,1,100,,53570,20,,,1
700,'20260827',940,,53575,20,0,23 24,1,100,,53576,20,0,23 24,1,100,,53577,20,0,23 24,1,100,,53578,20,0,23 24,1,100,,53579,20,0,23 24,1,100,,53580,20,0,23 24,1,100,,53586,20,,,1,73,,53573,20,4,,1,27,,53587,20,,,1,70,,53591,20,,,1,21,,53574,20,4,,1,9,,53588,20,,,1,72,,53592,20,,,1,43,,53581,20,0,23 24,1,85,,53582,20,0,23 24,1,100,,53583,20,0,23 24,1,100,,53584,20,0,23 24,1,100,,53585,20,0,23 24,1,99,,53589,20,,,1,100,,53590,20,,,1
700,'20260828',940,,53595,20,0,23 24,1,100,,53596,20,0,23 24,1,100,,53597,20,0,23 24,1,100,,53598,20,0,23 24,1,100,,53599,20,0,23 24,1,100,,53600,20,0,23 24,1,100,,53606,20,,,1,73,,53593,20,4,,1,27,,53607,20,,,1,70,,53611,20,,,1,21,,53594,20,4,,1,9,,53608,20,,,1,72,,53612,20,,,1,43,,53601,20,0,23 24,1,85,,53602,20,0,23 24,1,100,,53603,20,0,23 24,1,100,,53604,20,0,23 24,1,100,,53605,20,0,23 24,1,99,,53609,20,,,1,100,,53610,20,,,1
700,'20260829',939,,53613,20,0,23 24,1,100,,53614,20,0,23 24,1,100,,53615,20,0,23 24,1,100,,53616,20,0,23 24,1,100,,53617,20,0,23 24,1,100,,53618,20,0,23 24,1,100,,53619,20,0,23 24,1,100,,53620,20,0,23 24,1,100,,53621,20,0,23 24,1,100,,53622,20,0,23 24,1,100,,53623,20,0,23 24,1,100,,53624,20,0,23 24,1,100,,53625,20,,,1,100,,53626,20,,,1,100,,53627,20,,,1
700,'20260830',939,,53628,20,0,23 24,1,100,,53629,20,0,23 24,1,100,,53630,20,0,23 24,1,100,,53631,20,0,23 24,1,100,,53632,20,0,23 24,1,100,,53633,20,0,23 24,1,100,,53634,20,0,23 24,1,100,,53635,20,0,23 24,1,100,,53636,20,0,23 24,1,100,,53637,20,0,23 24,1,100,,53638,20,0,23 24,1,100,,53639,20,0,23 24,1,100,,53640,20,,,1,100,,53641,20,,,1,100,,53642,20,,,1
700,'20260831',940,,53645,20,0,23 24,1,100,,53646,20,0,23 24,1,100,,53647,20,0,23 24,1,100,,53648,20,0,23 24,1,100,,53649,20,0,23 24,1,100,,53650,20,0,23 24,1,100,,65285,20,,,1,73,,65281,20,4,,1,27,,65286,20,,,1,70,,65289,20,,,1,21,,65282,20,4,,1,9,,65287,20,,,1,72,,65290,20,,,1,43,,53651,20,0,23 24,1,85,,53652,20,0,23 24,1,100,,53653,20,0,23 24,1,100,,65283,20,0,23 24,1,100,,65284,20,0,23 24,1,99,,53659,20,,,1,100,,65288,20,,,1
700,'20260901',940,,53665,20,0,23 24,1,100,,53666,20,0,23 24,1,100,,53667,20,0,23 24,1,100,,53668,20,0,23 24,1,100,,53669,20,0,23 24,1,100,,53670,20,0,23 24,1,100,,53676,20,,,1,73,,53663,20,4,,1,27,,53677,20,,,1,70,,53681,20,,,1,21,,53664,20,4,,1,9,,53678,20,,,1,72,,53682,20,,,1,43,,53671,20,0,23 24,1,85,,53672,20,0,23 24,1,100,,53673,20,0,23 24,1,100,,53674,20,0,23 24,1,100,,53675,20,0,23 24,1,99,,53679,20,,,1,100,,53680,20,,,1
700,'20260902',940,,53685,20,0,23 24,1,100,,53686,20,0,23 24,1,100,,53687,20,0,23 24,1,100,,53688,20,0,23 24,1,100,,53689,20,0,23 24,1,100,,53690,20,0,23 24,1,100,,53696,20,,,1,73,,53683,20,4,,1,27,,53697,20,,,1,70,,53701,20,,,1,21,,53684,20,4,,1,9,,53698,20,,,1,72,,53702,20,,,1,43,,53691,20,0,23 24,1,85,,53692,20,0,23 24,1,100,,53693,20,0,23 24,1,100,,53694,20,0,23 24,1,100,,53695,20,0,23 24,1,99,,53699,20,,,1,100,,53700,20,,,1
700,'20260903',940,,53705,20,0,23 24,1,100,,53706,20,0,23 24,1,100,,53707,20,0,23 24,1,100,,53708,20,0,23 24,1,100,,53709,20,0,23 24,1,100,,53710,20,0,23 24,1,100,,53716,20,,,1,73,,53703,20,4,,1,27,,53717,20,,,1,70,,53721,20,,,1,21,,53704,20,4,,1,9,,53718,20,,,1,72,,53722,20,,,1,43,,53711,20,0,23 24,1,85,,53712,20,0,23 24,1,100,,53713,20,0,23 24,1,100,,53714,20,0,23 24,1,100,,53715,20,0,23 24,1,99,,53719,20,,,1,100,,53720,20,,,1
700,'20260904',940,,53725,20,0,23 24,1,100,,53726,20,0,23 24,1,100,,53727,20,0,23 24,1,100,,53728,20,0,23 24,1,100,,53729,20,0,23 24,1,100,,53730,20,0,23 24,1,100,,53736,20,,,1,73,,53723,20,4,,1,27,,53737,20,,,1,70,,53741,20,,,1,21,,53724,20,4,,1,9,,53738,20,,,1,72,,53742,20,,,1,43,,53731,20,0,23 24,1,85,,53732,20,0,23 24,1,100,,53733,20,0,23 24,1,100,,53734,20,0,23 24,1,100,,53735,20,0,23 24,1,99,,53739,20,,,1,100,,53740,20,,,1
701,'20260722',539,,54461,9,,,1,100,,54462,9,,,1,70,,54466,9,,,1,30,,54463,9,,,1,20,,54450,1,,,1,50,,54467,9,,,1,30,,54464,9,,,1,100,,54465,9,,,1,100,,54451,6,,,1,100,,54452,6,,,1,100,,54453,6,,,1,100,,54454,6,,,1,100,,54455,6,,,1,100,,54456,6,,,1,200,,54449,1,,,1,200,,54457,6,,,1,100,,54458,6,,,1,100,,54459,6,,,1,100,,54460,6,,,1
701,'20260723',539,,54480,9,,,1,100,,54481,9,,,1,70,,54485,9,,,1,30,,54482,9,,,1,20,,54469,1,,,1,50,,54486,9,,,1,30,,54483,9,,,1,100,,54484,9,,,1,100,,54470,6,,,1,100,,54471,6,,,1,100,,54472,6,,,1,100,,54473,6,,,1,100,,54474,6,,,1,100,,54475,6,,,1,200,,54468,1,,,1,200,,54476,6,,,1,100,,54477,6,,,1,100,,54478,6,,,1,100,,54479,6,,,1
701,'20260724',539,,54499,9,,,1,100,,54500,9,,,1,70,,54504,9,,,1,30,,54501,9,,,1,20,,54488,1,,,1,50,,54505,9,,,1,30,,54502,9,,,1,100,,54503,9,,,1,100,,54489,6,,,1,100,,54490,6,,,1,100,,54491,6,,,1,100,,54492,6,,,1,100,,54493,6,,,1,100,,54494,6,,,1,200,,54487,1,,,1,200,,54495,6,,,1,100,,54496,6,,,1,100,,54497,6,,,1,100,,54498,6,,,1
701,'20260725',740,,54518,9,,,1,100,,54519,9,,,1,100,,54520,9,,,1,100,,54506,6,,,1,100,,54507,6,,,1,100,,54508,6,,,1,100,,54509,6,,,1,100,,54510,6,,,1,100,,54511,6,,,1,100,,54512,6,,,1,100,,54513,6,,,1,100,,54514,6,,,1,100,,54515,6,,,1,100,,54516,6,,,1,100,,54517,6,,,1
701,'20260726',740,,54533,9,,,1,100,,54534,9,,,1,100,,54535,9,,,1,100,,54521,6,,,1,100,,54522,6,,,1,100,,54523,6,,,1,100,,54524,6,,,1,100,,54525,6,,,1,100,,54526,6,,,1,100,,54527,6,,,1,100,,54528,6,,,1,100,,54529,6,,,1,100,,54530,6,,,1,100,,54531,6,,,1,100,,54532,6,,,1
701,'20260727',539,,54548,9,,,1,100,,54549,9,,,1,70,,54553,9,,,1,30,,54550,9,,,1,20,,54537,1,,,1,50,,54554,9,,,1,30,,54551,9,,,1,100,,54552,9,,,1,100,,54538,6,,,1,100,,54539,6,,,1,100,,54540,6,,,1,100,,54541,6,,,1,100,,54542,6,,,1,100,,54543,6,,,1,200,,54536,1,,,1,200,,54544,6,,,1,100,,54545,6,,,1,100,,54546,6,,,1,100,,54547,6,,,1
701,'20260728',539,,54567,9,,,1,100,,54568,9,,,1,70,,54572,9,,,1,30,,54569,9,,,1,20,,54556,1,,,1,50,,54573,9,,,1,30,,54570,9,,,1,100,,54571,9,,,1,100,,54557,6,,,1,100,,54558,6,,,1,100,,54559,6,,,1,100,,54560,6,,,1,100,,54561,6,,,1,100,,54562,6,,,1,200,,54555,1,,,1,200,,54563,6,,,1,100,,54564,6,,,1,100,,54565,6,,,1,100,,54566,6,,,1
701,'20260729',539,,54586,9,,,1,100,,54587,9,,,1,70,,54591,9,,,1,30,,54588,9,,,1,20,,54575,1,,,1,50,,54592,9,,,1,30,,54589,9,,,1,100,,54590,9,,,1,100,,54576,6,,,1,100,,54577,6,,,1,100,,54578,6,,,1,100,,54579,6,,,1,100,,54580,6,,,1,100,,54581,6,,,1,200,,54574,1,,,1,200,,54582,6,,,1,100,,54583,6,,,1,100,,54584,6,,,1,100,,54585,6,,,1
701,'20260730',539,,54605,9,,,1,100,,54606,9,,,1,70,,54610,9,,,1,30,,54607,9,,,1,20,,54594,1,,,1,50,,54611,9,,,1,30,,54608,9,,,1,100,,54609,9,,,1,100,,54595,6,,,1,100,,54596,6,,,1,100,,54597,6,,,1,100,,54598,6,,,1,100,,54599,6,,,1,100,,54600,6,,,1,200,,54593,1,,,1,200,,54601,6,,,1,100,,54602,6,,,1,100,,54603,6,,,1,100,,54604,6,,,1
701,'20260731',539,,54624,9,,,1,100,,54625,9,,,1,70,,54629,9,,,1,30,,54626,9,,,1,20,,54613,1,,,1,50,,54630,9,,,1,30,,54627,9,,,1,100,,54628,9,,,1,100,,54614,6,,,1,100,,54615,6,,,1,100,,54616,6,,,1,100,,54617,6,,,1,100,,54618,6,,,1,100,,54619,6,,,1,200,,54612,1,,,1,200,,54620,6,,,1,100,,54621,6,,,1,100,,54622,6,,,1,100,,54623,6,,,1
701,'20260801',740,,54643,9,,,1,100,,54644,9,,,1,100,,54645,9,,,1,100,,54631,6,,,1,100,,54632,6,,,1,100,,54633,6,,,1,100,,54634,6,,,1,100,,54635,6,,,1,100,,54636,6,,,1,100,,54637,6,,,1,100,,54638,6,,,1,100,,54639,6,,,1,100,,54640,6,,,1,100,,54641,6,,,1,100,,54642,6,,,1
701,'20260802',740,,54658,9,,,1,100,,54659,9,,,1,100,,54660,9,,,1,100,,54646,6,,,1,100,,54647,6,,,1,100,,54648,6,,,1,100,,54649,6,,,1,100,,54650,6,,,1,100,,54651,6,,,1,100,,54652,6,,,1,100,,54653,6,,,1,100,,54654,6,,,1,100,,54655,6,,,1,100,,54656,6,,,1,100,,54657,6,,,1
701,'20260803',740,,54675,9,,,1,100,,54676,9,,,1,100,,54677,9,,,1,100,,54663,6,,,1,100,,54664,6,,,1,100,,54665,6,,,1,100,,54666,6,,,1,100,,54667,6,,,1,100,,54668,6,,,1,100,,64445,6,,,1,100,,64446,6,,,1,100,,64447,6,,,1,100,,54669,6,,,1,100,,54670,6,,,1,100,,54671,6,,,1
701,'20260804',539,,54692,9,,,1,100,,54693,9,,,1,70,,54697,9,,,1,30,,54694,9,,,1,20,,54681,1,,,1,50,,54698,9,,,1,30,,54695,9,,,1,100,,54696,9,,,1,100,,54682,6,,,1,100,,54683,6,,,1,100,,54684,6,,,1,100,,54685,6,,,1,100,,54686,6,,,1,100,,54687,6,,,1,200,,54680,1,,,1,200,,54688,6,,,1,100,,54689,6,,,1,100,,54690,6,,,1,100,,54691,6,,,1
701,'20260805',539,,54711,9,,,1,100,,54712,9,,,1,70,,54716,9,,,1,30,,54713,9,,,1,20,,54700,1,,,1,50,,54717,9,,,1,30,,54714,9,,,1,100,,54715,9,,,1,100,,54701,6,,,1,100,,54702,6,,,1,100,,54703,6,,,1,100,,54704,6,,,1,100,,54705,6,,,1,100,,54706,6,,,1,200,,54699,1,,,1,200,,54707,6,,,1,100,,54708,6,,,1,100,,54709,6,,,1,100,,54710,6,,,1
701,'20260806',539,,54730,9,,,1,100,,54731,9,,,1,70,,54735,9,,,1,30,,54732,9,,,1,20,,54719,1,,,1,50,,54736,9,,,1,30,,54733,9,,,1,100,,54734,9,,,1,100,,54720,6,,,1,100,,54721,6,,,1,100,,54722,6,,,1,100,,54723,6,,,1,100,,54724,6,,,1,100,,54725,6,,,1,200,,54718,1,,,1,200,,54726,6,,,1,100,,54727,6,,,1,100,,54728,6,,,1,100,,54729,6,,,1
701,'20260807',539,,54749,9,,,1,100,,54750,9,,,1,70,,54754,9,,,1,30,,54751,9,,,1,20,,54738,1,,,1,50,,54755,9,,,1,30,,54752,9,,,1,100,,54753,9,,,1,100,,54739,6,,,1,100,,54740,6,,,1,100,,54741,6,,,1,100,,54742,6,,,1,100,,54743,6,,,1,100,,54744,6,,,1,200,,54737,1,,,1,200,,54745,6,,,1,100,,54746,6,,,1,100,,54747,6,,,1,100,,54748,6,,,1
701,'20260808',740,,54768,9,,,1,100,,54769,9,,,1,100,,54770,9,,,1,100,,54756,6,,,1,100,,54757,6,,,1,100,,54758,6,,,1,100,,54759,6,,,1,100,,54760,6,,,1,100,,54761,6,,,1,100,,54762,6,,,1,100,,54763,6,,,1,100,,54764,6,,,1,100,,54765,6,,,1,100,,54766,6,,,1,100,,54767,6,,,1
701,'20260809',740,,54783,9,,,1,100,,54784,9,,,1,100,,54785,9,,,1,100,,54771,6,,,1,100,,54772,6,,,1,100,,54773,6,,,1,100,,54774,6,,,1,100,,54775,6,,,1,100,,54776,6,,,1,100,,54777,6,,,1,100,,54778,6,,,1,100,,54779,6,,,1,100,,54780,6,,,1,100,,54781,6,,,1,100,,54782,6,,,1
701,'20260810',539,,65294,9,,,1,100,,65295,9,,,1,70,,65296,9,,,1,30,,54800,9,,,1,20,,65292,1,,,1,50,,65297,9,,,1,30,,54801,9,,,1,100,,54802,9,,,1,100,,54788,6,,,1,100,,54789,6,,,1,100,,54790,6,,,1,100,,54791,6,,,1,100,,54792,6,,,1,100,,54793,6,,,1,200,,65291,1,,,1,200,,54794,6,,,1,100,,54795,6,,,1,100,,54796,6,,,1,100,,65293,6,,,1
701,'20260811',539,,54817,9,,,1,100,,54818,9,,,1,70,,54822,9,,,1,30,,54819,9,,,1,20,,54806,1,,,1,50,,54823,9,,,1,30,,54820,9,,,1,100,,54821,9,,,1,100,,54807,6,,,1,100,,54808,6,,,1,100,,54809,6,,,1,100,,54810,6,,,1,100,,54811,6,,,1,100,,54812,6,,,1,200,,54805,1,,,1,200,,54813,6,,,1,100,,54814,6,,,1,100,,54815,6,,,1,100,,54816,6,,,1
701,'20260812',539,,54836,9,,,1,100,,54837,9,,,1,70,,54841,9,,,1,30,,54838,9,,,1,20,,54825,1,,,1,50,,54842,9,,,1,30,,54839,9,,,1,100,,54840,9,,,1,100,,54826,6,,,1,100,,54827,6,,,1,100,,54828,6,,,1,100,,54829,6,,,1,100,,54830,6,,,1,100,,54831,6,,,1,200,,54824,1,,,1,200,,54832,6,,,1,100,,54833,6,,,1,100,,54834,6,,,1,100,,54835,6,,,1
701,'20260813',539,,54855,9,,,1,100,,54856,9,,,1,70,,54860,9,,,1,30,,54857,9,,,1,20,,54844,1,,,1,50,,54861,9,,,1,30,,54858,9,,,1,100,,54859,9,,,1,100,,54845,6,,,1,100,,54846,6,,,1,100,,54847,6,,,1,100,,54848,6,,,1,100,,54849,6,,,1,100,,54850,6,,,1,200,,54843,1,,,1,200,,54851,6,,,1,100,,54852,6,,,1,100,,54853,6,,,1,100,,54854,6,,,1
701,'20260814',539,,54874,9,,,1,100,,54875,9,,,1,70,,54879,9,,,1,30,,54876,9,,,1,20,,54863,1,,,1,50,,54880,9,,,1,30,,54877,9,,,1,100,,54878,9,,,1,100,,54864,6,,,1,100,,54865,6,,,1,100,,54866,6,,,1,100,,54867,6,,,1,100,,54868,6,,,1,100,,54869,6,,,1,200,,54862,1,,,1,200,,54870,6,,,1,100,,54871,6,,,1,100,,54872,6,,,1,100,,54873,6,,,1
701,'20260815',740,,54893,9,,,1,100,,54894,9,,,1,100,,54895,9,,,1,100,,54881,6,,,1,100,,54882,6,,,1,100,,54883,6,,,1,100,,54884,6,,,1,100,,54885,6,,,1,100,,54886,6,,,1,100,,54887,6,,,1,100,,54888,6,,,1,100,,54889,6,,,1,100,,54890,6,,,1,100,,54891,6,,,1,100,,54892,6,,,1
701,'20260816',740,,54908,9,,,1,100,,54909,9,,,1,100,,54910,9,,,1,100,,54896,6,,,1,100,,54897,6,,,1,100,,54898,6,,,1,100,,54899,6,,,1,100,,54900,6,,,1,100,,54901,6,,,1,100,,54902,6,,,1,100,,54903,6,,,1,100,,54904,6,,,1,100,,54905,6,,,1,100,,54906,6,,,1,100,,54907,6,,,1
701,'20260817',539,,65301,9,,,1,100,,65302,9,,,1,70,,65303,9,,,1,30,,54925,9,,,1,20,,65299,1,,,1,50,,65304,9,,,1,30,,54926,9,,,1,100,,54927,9,,,1,100,,54913,6,,,1,100,,54914,6,,,1,100,,54915,6,,,1,100,,54916,6,,,1,100,,54917,6,,,1,100,,54918,6,,,1,200,,65298,1,,,1,200,,54919,6,,,1,100,,54920,6,,,1,100,,54921,6,,,1,100,,65300,6,,,1
701,'20260818',539,,54942,9,,,1,100,,54943,9,,,1,70,,54947,9,,,1,30,,54944,9,,,1,20,,54931,1,,,1,50,,54948,9,,,1,30,,54945,9,,,1,100,,54946,9,,,1,100,,54932,6,,,1,100,,54933,6,,,1,100,,54934,6,,,1,100,,54935,6,,,1,100,,54936,6,,,1,100,,54937,6,,,1,200,,54930,1,,,1,200,,54938,6,,,1,100,,54939,6,,,1,100,,54940,6,,,1,100,,54941,6,,,1
701,'20260819',539,,54961,9,,,1,100,,54962,9,,,1,70,,54966,9,,,1,30,,54963,9,,,1,20,,54950,1,,,1,50,,54967,9,,,1,30,,54964,9,,,1,100,,54965,9,,,1,100,,54951,6,,,1,100,,54952,6,,,1,100,,54953,6,,,1,100,,54954,6,,,1,100,,54955,6,,,1,100,,54956,6,,,1,200,,54949,1,,,1,200,,54957,6,,,1,100,,54958,6,,,1,100,,54959,6,,,1,100,,54960,6,,,1
701,'20260820',539,,54980,9,,,1,100,,54981,9,,,1,70,,54985,9,,,1,30,,54982,9,,,1,20,,54969,1,,,1,50,,54986,9,,,1,30,,54983,9,,,1,100,,54984,9,,,1,100,,54970,6,,,1,100,,54971,6,,,1,100,,54972,6,,,1,100,,54973,6,,,1,100,,54974,6,,,1,100,,54975,6,,,1,200,,54968,1,,,1,200,,54976,6,,,1,100,,54977,6,,,1,100,,54978,6,,,1,100,,54979,6,,,1
701,'20260821',539,,54999,9,,,1,100,,55000,9,,,1,70,,55004,9,,,1,30,,55001,9,,,1,20,,54988,1,,,1,50,,55005,9,,,1,30,,55002,9,,,1,100,,55003,9,,,1,100,,54989,6,,,1,100,,54990,6,,,1,100,,54991,6,,,1,100,,54992,6,,,1,100,,54993,6,,,1,100,,54994,6,,,1,200,,54987,1,,,1,200,,54995,6,,,1,100,,54996,6,,,1,100,,54997,6,,,1,100,,54998,6,,,1
701,'20260822',740,,55018,9,,,1,100,,55019,9,,,1,100,,55020,9,,,1,100,,55006,6,,,1,100,,55007,6,,,1,100,,55008,6,,,1,100,,55009,6,,,1,100,,55010,6,,,1,100,,55011,6,,,1,100,,55012,6,,,1,100,,55013,6,,,1,100,,55014,6,,,1,100,,55015,6,,,1,100,,55016,6,,,1,100,,55017,6,,,1
701,'20260823',740,,55033,9,,,1,100,,55034,9,,,1,100,,55035,9,,,1,100,,55021,6,,,1,100,,55022,6,,,1,100,,55023,6,,,1,100,,55024,6,,,1,100,,55025,6,,,1,100,,55026,6,,,1,100,,55027,6,,,1,100,,55028,6,,,1,100,,55029,6,,,1,100,,55030,6,,,1,100,,55031,6,,,1,100,,55032,6,,,1
701,'20260824',539,,65308,9,,,1,100,,65309,9,,,1,70,,65310,9,,,1,30,,55050,9,,,1,20,,65306,1,,,1,50,,65311,9,,,1,30,,55051,9,,,1,100,,55052,9,,,1,100,,55038,6,,,1,100,,55039,6,,,1,100,,55040,6,,,1,100,,55041,6,,,1,100,,55042,6,,,1,100,,55043,6,,,1,200,,65305,1,,,1,200,,55044,6,,,1,100,,55045,6,,,1,100,,55046,6,,,1,100,,65307,6,,,1
701,'20260825',539,,55067,9,,,1,100,,55068,9,,,1,70,,55072,9,,,1,30,,55069,9,,,1,20,,55056,1,,,1,50,,55073,9,,,1,30,,55070,9,,,1,100,,55071,9,,,1,100,,55057,6,,,1,100,,55058,6,,,1,100,,55059,6,,,1,100,,55060,6,,,1,100,,55061,6,,,1,100,,55062,6,,,1,200,,55055,1,,,1,200,,55063,6,,,1,100,,55064,6,,,1,100,,55065,6,,,1,100,,55066,6,,,1
701,'20260826',539,,55086,9,,,1,100,,55087,9,,,1,70,,55091,9,,,1,30,,55088,9,,,1,20,,55075,1,,,1,50,,55092,9,,,1,30,,55089,9,,,1,100,,55090,9,,,1,100,,55076,6,,,1,100,,55077,6,,,1,100,,55078,6,,,1,100,,55079,6,,,1,100,,55080,6,,,1,100,,55081,6,,,1,200,,55074,1,,,1,200,,55082,6,,,1,100,,55083,6,,,1,100,,55084,6,,,1,100,,55085,6,,,1
701,'20260827',539,,55105,9,,,1,100,,55106,9,,,1,70,,55110,9,,,1,30,,55107,9,,,1,20,,55094,1,,,1,50,,55111,9,,,1,30,,55108,9,,,1,100,,55109,9,,,1,100,,55095,6,,,1,100,,55096,6,,,1,100,,55097,6,,,1,100,,55098,6,,,1,100,,55099,6,,,1,100,,55100,6,,,1,200,,55093,1,,,1,200,,55101,6,,,1,100,,55102,6,,,1,100,,55103,6,,,1,100,,55104,6,,,1
701,'20260828',539,,55124,9,,,1,100,,55125,9,,,1,70,,55129,9,,,1,30,,55126,9,,,1,20,,55113,1,,,1,50,,55130,9,,,1,30,,55127,9,,,1,100,,55128,9,,,1,100,,55114,6,,,1,100,,55115,6,,,1,100,,55116,6,,,1,100,,55117,6,,,1,100,,55118,6,,,1,100,,55119,6,,,1,200,,55112,1,,,1,200,,55120,6,,,1,100,,55121,6,,,1,100,,55122,6,,,1,100,,55123,6,,,1
701,'20260829',740,,55143,9,,,1,100,,55144,9,,,1,100,,55145,9,,,1,100,,55131,6,,,1,100,,55132,6,,,1,100,,55133,6,,,1,100,,55134,6,,,1,100,,55135,6,,,1,100,,55136,6,,,1,100,,55137,6,,,1,100,,55138,6,,,1,100,,55139,6,,,1,100,,55140,6,,,1,100,,55141,6,,,1,100,,55142,6,,,1
701,'20260830',740,,55158,9,,,1,100,,55159,9,,,1,100,,55160,9,,,1,100,,55146,6,,,1,100,,55147,6,,,1,100,,55148,6,,,1,100,,55149,6,,,1,100,,55150,6,,,1,100,,55151,6,,,1,100,,55152,6,,,1,100,,55153,6,,,1,100,,55154,6,,,1,100,,55155,6,,,1,100,,55156,6,,,1,100,,55157,6,,,1
701,'20260831',539,,65315,9,,,1,100,,65316,9,,,1,70,,65317,9,,,1,30,,55175,9,,,1,20,,65313,1,,,1,50,,65318,9,,,1,30,,55176,9,,,1,100,,55177,9,,,1,100,,55163,6,,,1,100,,55164,6,,,1,100,,55165,6,,,1,100,,55166,6,,,1,100,,55167,6,,,1,100,,55168,6,,,1,200,,65312,1,,,1,200,,55169,6,,,1,100,,55170,6,,,1,100,,55171,6,,,1,100,,65314,6,,,1
701,'20260901',539,,55192,9,,,1,100,,55193,9,,,1,70,,55197,9,,,1,30,,55194,9,,,1,20,,55181,1,,,1,50,,55198,9,,,1,30,,55195,9,,,1,100,,55196,9,,,1,100,,55182,6,,,1,100,,55183,6,,,1,100,,55184,6,,,1,100,,55185,6,,,1,100,,55186,6,,,1,100,,55187,6,,,1,200,,55180,1,,,1,200,,55188,6,,,1,100,,55189,6,,,1,100,,55190,6,,,1,100,,55191,6,,,1
701,'20260902',539,,55211,9,,,1,100,,55212,9,,,1,70,,55216,9,,,1,30,,55213,9,,,1,20,,55200,1,,,1,50,,55217,9,,,1,30,,55214,9,,,1,100,,55215,9,,,1,100,,55201,6,,,1,100,,55202,6,,,1,100,,55203,6,,,1,100,,55204,6,,,1,100,,55205,6,,,1,100,,55206,6,,,1,200,,55199,1,,,1,200,,55207,6,,,1,100,,55208,6,,,1,100,,55209,6,,,1,100,,55210,6,,,1
701,'20260903',539,,55230,9,,,1,100,,55231,9,,,1,70,,55235,9,,,1,30,,55232,9,,,1,20,,55219,1,,,1,50,,55236,9,,,1,30,,55233,9,,,1,100,,55234,9,,,1,100,,55220,6,,,1,100,,55221,6,,,1,100,,55222,6,,,1,100,,55223,6,,,1,100,,55224,6,,,1,100,,55225,6,,,1,200,,55218,1,,,1,200,,55226,6,,,1,100,,55227,6,,,1,100,,55228,6,,,1,100,,55229,6,,,1
701,'20260904',539,,55249,9,,,1,100,,55250,9,,,1,70,,55254,9,,,1,30,,55251,9,,,1,20,,55238,1,,,1,50,,55255,9,,,1,30,,55252,9,,,1,100,,55253,9,,,1,100,,55239,6,,,1,100,,55240,6,,,1,100,,55241,6,,,1,100,,55242,6,,,1,100,,55243,6,,,1,100,,55244,6,,,1,200,,55237,1,,,1,200,,55245,6,,,1,100,,55246,6,,,1,100,,55247,6,,,1,100,,55248,6,,,1
