500,'20260625',1013,,49073,10,,,1,100,,49062,10,0,8,1,100,,49063,10,0,8,1,100,,49064,10,0,8,1,107,,49074,10,,,1,101,,49069,10,0,9,1,91,,49075,10,,,1,45,,49072,10,,,1,55,,49065,10,0,8,1,15,,49070,10,,,1,15,,49071,10,,,1,70,,49076,10,,,1,101,,49066,10,0,8,1,100,,49067,10,0,8,1,100,,49068,10,0,8,1,107,,49077,10,,,1,93,,49078,10,,,1
500,'20260626',1013,,49090,10,,,1,100,,49079,10,0,8,1,100,,49080,10,0,8,1,100,,49081,10,0,8,1,107,,49091,10,,,1,101,,49086,10,0,9,1,91,,49092,10,,,1,45,,49089,10,,,1,55,,49082,10,0,8,1,15,,49087,10,,,1,15,,49088,10,,,1,70,,49093,10,,,1,101,,49083,10,0,8,1,100,,49084,10,0,8,1,100,,49085,10,0,8,1,107,,49094,10,,,1,93,,49095,10,,,1
500,'20260627',911,,49105,10,,,1,102,,49096,10,0,8,1,100,,49097,10,0,8,1,100,,49106,10,,,1,100,,49098,10,0,8,1,100,,49099,10,0,8,1,100,,49107,10,,,1,100,,49100,10,0,8,1,100,,49101,10,0,8,1,100,,49108,10,,,1,100,,49102,10,0,8,1,100,,49103,10,0,8,1,104,,49109,10,,,1,103,,49104,10,0,9,1,93,,49110,10,,,1
500,'20260628',911,,49120,10,,,1,102,,49111,10,0,8,1,100,,49112,10,0,8,1,100,,49121,10,,,1,100,,49113,10,0,8,1,100,,49114,10,0,8,1,100,,49122,10,,,1,100,,49115,10,0,8,1,100,,49116,10,0,8,1,100,,49123,10,,,1,100,,49117,10,0,8,1,100,,49118,10,0,8,1,104,,49124,10,,,1,103,,49119,10,0,9,1,100,,63763,10,,,1
500,'20260629',1013,,49137,10,,,1,100,,49126,10,0,8,1,100,,49127,10,0,8,1,100,,49128,10,0,8,1,107,,49138,10,,,1,101,,49133,10,0,9,1,91,,49139,10,,,1,45,,49136,10,,,1,55,,49129,10,0,8,1,15,,49134,10,,,1,15,,49135,10,,,1,70,,49140,10,,,1,101,,49130,10,0,8,1,100,,49131,10,0,8,1,100,,49132,10,0,8,1,107,,49141,10,,,1,93,,49142,10,,,1
500,'20260630',1013,,49154,10,,,1,100,,49143,10,0,8,1,100,,49144,10,0,8,1,100,,49145,10,0,8,1,107,,49155,10,,,1,101,,49150,10,0,9,1,91,,49156,10,,,1,45,,49153,10,,,1,55,,49146,10,0,8,1,15,,49151,10,,,1,15,,49152,10,,,1,70,,49157,10,,,1,101,,49147,10,0,8,1,100,,49148,10,0,8,1,100,,49149,10,0,8,1,107,,49158,10,,,1,93,,49159,10,,,1
500,'20260701',911,,49169,10,,,1,102,,49160,10,0,8,1,100,,49161,10,0,8,1,100,,49170,10,,,1,100,,49162,10,0,8,1,100,,49163,10,0,8,1,100,,49171,10,,,1,100,,49164,10,0,8,1,100,,49165,10,0,8,1,100,,49172,10,,,1,100,,49166,10,0,8,1,100,,49167,10,0,8,1,104,,49173,10,,,1,103,,49168,10,0,9,1,93,,49174,10,,,1
500,'20260702',1013,,49186,10,,,1,100,,49175,10,0,8,1,100,,49176,10,0,8,1,100,,49177,10,0,8,1,107,,49187,10,,,1,101,,49182,10,0,9,1,91,,49188,10,,,1,45,,49185,10,,,1,55,,49178,10,0,8,1,15,,49183,10,,,1,15,,49184,10,,,1,70,,49189,10,,,1,101,,49179,10,0,8,1,100,,49180,10,0,8,1,100,,49181,10,0,8,1,107,,49190,10,,,1,93,,49191,10,,,1
500,'20260703',1013,,49203,10,,,1,100,,49192,10,0,8,1,100,,49193,10,0,8,1,100,,49194,10,0,8,1,107,,49204,10,,,1,101,,49199,10,0,9,1,91,,49205,10,,,1,45,,49202,10,,,1,55,,49195,10,0,8,1,15,,49200,10,,,1,15,,49201,10,,,1,70,,49206,10,,,1,101,,49196,10,0,8,1,100,,49197,10,0,8,1,100,,49198,10,0,8,1,107,,49207,10,,,1,93,,49208,10,,,1
500,'20260704',911,,49218,10,,,1,102,,49209,10,0,8,1,100,,49210,10,0,8,1,100,,49219,10,,,1,100,,49211,10,0,8,1,100,,49212,10,0,8,1,100,,49220,10,,,1,100,,49213,10,0,8,1,100,,49214,10,0,8,1,100,,49221,10,,,1,100,,49215,10,0,8,1,100,,49216,10,0,8,1,104,,49222,10,,,1,103,,49217,10,0,9,1,93,,49223,10,,,1
500,'20260705',911,,49233,10,,,1,102,,49224,10,0,8,1,100,,49225,10,0,8,1,100,,49234,10,,,1,100,,49226,10,0,8,1,100,,49227,10,0,8,1,100,,49235,10,,,1,100,,49228,10,0,8,1,100,,49229,10,0,8,1,100,,49236,10,,,1,100,,49230,10,0,8,1,100,,49231,10,0,8,1,104,,49237,10,,,1,103,,49232,10,0,9,1,93,,49238,10,,,1
500,'20260706',1013,,49250,10,,,1,100,,49239,10,0,8,1,100,,49240,10,0,8,1,100,,49241,10,0,8,1,107,,49251,10,,,1,101,,49246,10,0,9,1,91,,49252,10,,,1,45,,49249,10,,,1,55,,49242,10,0,8,1,15,,49247,10,,,1,15,,49248,10,,,1,70,,49253,10,,,1,101,,49243,10,0,8,1,100,,49244,10,0,8,1,100,,49245,10,0,8,1,107,,49254,10,,,1,93,,49255,10,,,1
500,'20260707',1013,,49267,10,,,1,100,,49256,10,0,8,1,100,,49257,10,0,8,1,100,,49258,10,0,8,1,107,,49268,10,,,1,101,,49263,10,0,9,1,91,,49269,10,,,1,45,,49266,10,,,1,55,,49259,10,0,8,1,15,,49264,10,,,1,15,,49265,10,,,1,70,,49270,10,,,1,101,,49260,10,0,8,1,100,,49261,10,0,8,1,100,,49262,10,0,8,1,107,,49271,10,,,1,93,,49272,10,,,1
500,'20260708',1013,,49284,10,,,1,100,,49273,10,0,8,1,100,,49274,10,0,8,1,100,,49275,10,0,8,1,107,,49285,10,,,1,101,,49280,10,0,9,1,91,,49286,10,,,1,45,,49283,10,,,1,55,,49276,10,0,8,1,15,,49281,10,,,1,15,,49282,10,,,1,70,,49287,10,,,1,101,,49277,10,0,8,1,100,,49278,10,0,8,1,100,,49279,10,0,8,1,107,,49288,10,,,1,93,,49289,10,,,1
500,'20260709',1013,,49301,10,,,1,100,,49290,10,0,8,1,100,,49291,10,0,8,1,100,,49292,10,0,8,1,107,,49302,10,,,1,101,,49297,10,0,9,1,91,,49303,10,,,1,45,,49300,10,,,1,55,,49293,10,0,8,1,15,,49298,10,,,1,15,,49299,10,,,1,70,,49304,10,,,1,101,,49294,10,0,8,1,100,,49295,10,0,8,1,100,,49296,10,0,8,1,107,,49305,10,,,1,93,,49306,10,,,1
500,'20260710',1013,,49318,10,,,1,100,,49307,10,0,8,1,100,,49308,10,0,8,1,100,,49309,10,0,8,1,107,,49319,10,,,1,101,,49314,10,0,9,1,91,,49320,10,,,1,45,,49317,10,,,1,55,,49310,10,0,8,1,15,,49315,10,,,1,15,,49316,10,,,1,70,,49321,10,,,1,101,,49311,10,0,8,1,100,,49312,10,0,8,1,100,,49313,10,0,8,1,107,,49322,10,,,1,93,,49323,10,,,1
500,'20260711',911,,49333,10,,,1,102,,49324,10,0,8,1,100,,49325,10,0,8,1,100,,49334,10,,,1,100,,49326,10,0,8,1,100,,49327,10,0,8,1,100,,49335,10,,,1,100,,49328,10,0,8,1,100,,49329,10,0,8,1,100,,49336,10,,,1,100,,49330,10,0,8,1,100,,49331,10,0,8,1,104,,49337,10,,,1,103,,49332,10,0,9,1,93,,49338,10,,,1
500,'20260712',911,,49348,10,,,1,102,,49339,10,0,8,1,100,,49340,10,0,8,1,100,,49349,10,,,1,100,,49341,10,0,8,1,100,,49342,10,0,8,1,100,,49350,10,,,1,100,,49343,10,0,8,1,100,,49344,10,0,8,1,100,,49351,10,,,1,100,,49345,10,0,8,1,100,,49346,10,0,8,1,104,,49352,10,,,1,103,,49347,10,0,9,1,93,,49353,10,,,1
500,'20260713',1013,,49365,10,,,1,100,,49354,10,0,8,1,100,,49355,10,0,8,1,100,,49356,10,0,8,1,107,,49366,10,,,1,101,,49361,10,0,9,1,91,,49367,10,,,1,45,,49364,10,,,1,55,,49357,10,0,8,1,15,,49362,10,,,1,15,,49363,10,,,1,70,,49368,10,,,1,101,,49358,10,0,8,1,100,,49359,10,0,8,1,100,,49360,10,0,8,1,107,,49369,10,,,1,93,,49370,10,,,1
500,'20260714',1013,,49382,10,,,1,100,,49371,10,0,8,1,100,,49372,10,0,8,1,100,,49373,10,0,8,1,107,,49383,10,,,1,101,,49378,10,0,9,1,91,,49384,10,,,1,45,,49381,10,,,1,55,,49374,10,0,8,1,15,,49379,10,,,1,15,,49380,10,,,1,70,,49385,10,,,1,101,,49375,10,0,8,1,100,,49376,10,0,8,1,100,,49377,10,0,8,1,107,,49386,10,,,1,93,,49387,10,,,1
500,'20260715',1013,,49399,10,,,1,100,,49388,10,0,8,1,100,,49389,10,0,8,1,100,,49390,10,0,8,1,107,,49400,10,,,1,101,,49395,10,0,9,1,91,,49401,10,,,1,45,,49398,10,,,1,55,,49391,10,0,8,1,15,,49396,10,,,1,15,,49397,10,,,1,70,,49402,10,,,1,101,,49392,10,0,8,1,100,,49393,10,0,8,1,100,,49394,10,0,8,1,107,,49403,10,,,1,93,,49404,10,,,1
500,'20260716',1013,,49416,10,,,1,100,,49405,10,0,8,1,100,,49406,10,0,8,1,100,,49407,10,0,8,1,107,,49417,10,,,1,101,,49412,10,0,9,1,91,,49418,10,,,1,45,,49415,10,,,1,55,,49408,10,0,8,1,15,,49413,10,,,1,15,,49414,10,,,1,70,,49419,10,,,1,101,,49409,10,0,8,1,100,,49410,10,0,8,1,100,,49411,10,0,8,1,107,,49420,10,,,1,93,,49421,10,,,1
500,'20260717',1013,,49433,10,,,1,100,,49422,10,0,8,1,100,,49423,10,0,8,1,100,,49424,10,0,8,1,107,,49434,10,,,1,101,,49429,10,0,9,1,91,,49435,10,,,1,45,,49432,10,,,1,55,,49425,10,0,8,1,15,,49430,10,,,1,15,,49431,10,,,1,70,,49436,10,,,1,101,,49426,10,0,8,1,100,,49427,10,0,8,1,100,,49428,10,0,8,1,107,,49437,10,,,1,93,,49438,10,,,1
500,'20260718',911,,49448,10,,,1,102,,49439,10,0,8,1,100,,49440,10,0,8,1,100,,49449,10,,,1,100,,49441,10,0,8,1,100,,49442,10,0,8,1,100,,49450,10,,,1,100,,49443,10,0,8,1,100,,49444,10,0,8,1,100,,49451,10,,,1,100,,49445,10,0,8,1,100,,49446,10,0,8,1,104,,49452,10,,,1,103,,49447,10,0,9,1,93,,49453,10,,,1
500,'20260719',911,,49463,10,,,1,102,,49454,10,0,8,1,100,,49455,10,0,8,1,100,,49464,10,,,1,100,,49456,10,0,8,1,100,,49457,10,0,8,1,100,,49465,10,,,1,100,,49458,10,0,8,1,100,,49459,10,0,8,1,100,,49466,10,,,1,100,,49460,10,0,8,1,100,,49461,10,0,8,1,104,,49467,10,,,1,103,,49462,10,0,9,1,93,,49468,10,,,1
500,'20260720',1013,,49480,10,,,1,100,,49469,10,0,8,1,100,,49470,10,0,8,1,100,,49471,10,0,8,1,107,,49481,10,,,1,101,,49476,10,0,9,1,91,,49482,10,,,1,45,,49479,10,,,1,55,,49472,10,0,8,1,15,,49477,10,,,1,15,,49478,10,,,1,70,,49483,10,,,1,101,,49473,10,0,8,1,100,,49474,10,0,8,1,100,,49475,10,0,8,1,107,,49484,10,,,1,93,,49485,10,,,1
500,'20260721',1013,,49497,10,,,1,100,,49486,10,0,8,1,100,,49487,10,0,8,1,100,,49488,10,0,8,1,107,,49498,10,,,1,101,,49493,10,0,9,1,91,,49499,10,,,1,45,,49496,10,,,1,55,,49489,10,0,8,1,15,,49494,10,,,1,15,,49495,10,,,1,70,,49500,10,,,1,101,,49490,10,0,8,1,100,,49491,10,0,8,1,100,,49492,10,0,8,1,107,,49501,10,,,1,93,,49502,10,,,1
500,'20260722',1013,,49514,10,,,1,100,,49503,10,0,8,1,100,,49504,10,0,8,1,100,,49505,10,0,8,1,107,,49515,10,,,1,101,,49510,10,0,9,1,91,,49516,10,,,1,45,,49513,10,,,1,55,,49506,10,0,8,1,15,,49511,10,,,1,15,,49512,10,,,1,70,,49517,10,,,1,101,,49507,10,0,8,1,100,,49508,10,0,8,1,100,,49509,10,0,8,1,107,,49518,10,,,1,93,,49519,10,,,1
500,'20260723',1013,,49531,10,,,1,100,,49520,10,0,8,1,100,,49521,10,0,8,1,100,,49522,10,0,8,1,107,,49532,10,,,1,101,,49527,10,0,9,1,91,,49533,10,,,1,45,,49530,10,,,1,55,,49523,10,0,8,1,15,,49528,10,,,1,15,,49529,10,,,1,70,,49534,10,,,1,101,,49524,10,0,8,1,100,,49525,10,0,8,1,100,,49526,10,0,8,1,107,,49535,10,,,1,93,,49536,10,,,1
500,'20260724',1013,,49548,10,,,1,100,,49537,10,0,8,1,100,,49538,10,0,8,1,100,,49539,10,0,8,1,107,,49549,10,,,1,101,,49544,10,0,9,1,91,,49550,10,,,1,45,,49547,10,,,1,55,,49540,10,0,8,1,15,,49545,10,,,1,15,,49546,10,,,1,70,,49551,10,,,1,101,,49541,10,0,8,1,100,,49542,10,0,8,1,100,,49543,10,0,8,1,107,,49552,10,,,1,93,,49553,10,,,1
500,'20260725',911,,49563,10,,,1,102,,49554,10,0,8,1,100,,49555,10,0,8,1,100,,49564,10,,,1,100,,49556,10,0,8,1,100,,49557,10,0,8,1,100,,49565,10,,,1,100,,49558,10,0,8,1,100,,49559,10,0,8,1,100,,49566,10,,,1,100,,49560,10,0,8,1,100,,49561,10,0,8,1,104,,49567,10,,,1,103,,49562,10,0,9,1,93,,49568,10,,,1
500,'20260726',911,,49578,10,,,1,102,,49569,10,0,8,1,100,,49570,10,0,8,1,100,,49579,10,,,1,100,,49571,10,0,8,1,100,,49572,10,0,8,1,100,,49580,10,,,1,100,,49573,10,0,8,1,100,,49574,10,0,8,1,100,,49581,10,,,1,100,,49575,10,0,8,1,100,,49576,10,0,8,1,104,,49582,10,,,1,103,,49577,10,0,9,1,93,,49583,10,,,1
500,'20260727',1013,,49595,10,,,1,100,,49584,10,0,8,1,100,,49585,10,0,8,1,100,,49586,10,0,8,1,107,,49596,10,,,1,101,,49591,10,0,9,1,91,,49597,10,,,1,45,,49594,10,,,1,55,,49587,10,0,8,1,15,,49592,10,,,1,15,,49593,10,,,1,70,,49598,10,,,1,101,,49588,10,0,8,1,100,,49589,10,0,8,1,100,,49590,10,0,8,1,107,,49599,10,,,1,93,,49600,10,,,1
500,'20260728',1013,,49612,10,,,1,100,,49601,10,0,8,1,100,,49602,10,0,8,1,100,,49603,10,0,8,1,107,,49613,10,,,1,101,,49608,10,0,9,1,91,,49614,10,,,1,45,,49611,10,,,1,55,,49604,10,0,8,1,15,,49609,10,,,1,15,,49610,10,,,1,70,,49615,10,,,1,101,,49605,10,0,8,1,100,,49606,10,0,8,1,100,,49607,10,0,8,1,107,,49616,10,,,1,93,,49617,10,,,1
500,'20260729',1013,,49629,10,,,1,100,,49618,10,0,8,1,100,,49619,10,0,8,1,100,,49620,10,0,8,1,107,,49630,10,,,1,101,,49625,10,0,9,1,91,,49631,10,,,1,45,,49628,10,,,1,55,,49621,10,0,8,1,15,,49626,10,,,1,15,,49627,10,,,1,70,,49632,10,,,1,101,,49622,10,0,8,1,100,,49623,10,0,8,1,100,,49624,10,0,8,1,107,,49633,10,,,1,93,,49634,10,,,1
500,'20260730',1013,,49646,10,,,1,100,,49635,10,0,8,1,100,,49636,10,0,8,1,100,,49637,10,0,8,1,107,,49647,10,,,1,101,,49642,10,0,9,1,91,,49648,10,,,1,45,,49645,10,,,1,55,,49638,10,0,8,1,15,,49643,10,,,1,15,,49644,10,,,1,70,,49649,10,,,1,101,,49639,10,0,8,1,100,,49640,10,0,8,1,100,,49641,10,0,8,1,107,,49650,10,,,1,93,,49651,10,,,1
500,'20260731',1013,,49663,10,,,1,100,,49652,10,0,8,1,100,,49653,10,0,8,1,100,,49654,10,0,8,1,107,,49664,10,,,1,101,,49659,10,0,9,1,91,,49665,10,,,1,45,,49662,10,,,1,55,,49655,10,0,8,1,15,,49660,10,,,1,15,,49661,10,,,1,70,,49666,10,,,1,101,,49656,10,0,8,1,100,,49657,10,0,8,1,100,,49658,10,0,8,1,107,,49667,10,,,1,93,,49668,10,,,1
500,'20260801',911,,49678,10,,,1,102,,49669,10,0,8,1,100,,49670,10,0,8,1,100,,49679,10,,,1,100,,49671,10,0,8,1,100,,49672,10,0,8,1,100,,49680,10,,,1,100,,49673,10,0,8,1,100,,49674,10,0,8,1,100,,49681,10,,,1,100,,49675,10,0,8,1,100,,49676,10,0,8,1,104,,49682,10,,,1,103,,49677,10,0,9,1,93,,49683,10,,,1
500,'20260802',911,,49693,10,,,1,102,,49684,10,0,8,1,100,,49685,10,0,8,1,100,,49694,10,,,1,100,,49686,10,0,8,1,100,,49687,10,0,8,1,100,,49695,10,,,1,100,,49688,10,0,8,1,100,,49689,10,0,8,1,100,,49696,10,,,1,100,,49690,10,0,8,1,100,,49691,10,0,8,1,104,,49697,10,,,1,103,,49692,10,0,9,1,93,,49698,10,,,1
500,'20260803',1013,,49710,10,,,1,100,,49699,10,0,8,1,100,,49700,10,0,8,1,100,,49701,10,0,8,1,107,,49711,10,,,1,101,,49706,10,0,9,1,91,,49712,10,,,1,45,,49709,10,,,1,55,,49702,10,0,8,1,15,,49707,10,,,1,15,,49708,10,,,1,70,,49713,10,,,1,101,,49703,10,0,8,1,100,,49704,10,0,8,1,100,,49705,10,0,8,1,107,,49714,10,,,1,93,,49715,10,,,1
500,'20260804',1013,,49727,10,,,1,100,,49716,10,0,8,1,100,,49717,10,0,8,1,100,,49718,10,0,8,1,107,,49728,10,,,1,101,,49723,10,0,9,1,91,,49729,10,,,1,45,,49726,10,,,1,55,,49719,10,0,8,1,15,,49724,10,,,1,15,,49725,10,,,1,70,,49730,10,,,1,101,,49720,10,0,8,1,100,,49721,10,0,8,1,100,,49722,10,0,8,1,107,,49731,10,,,1,93,,49732,10,,,1
500,'20260805',1013,,49744,10,,,1,100,,49733,10,0,8,1,100,,49734,10,0,8,1,100,,49735,10,0,8,1,107,,49745,10,,,1,101,,49740,10,0,9,1,91,,49746,10,,,1,45,,49743,10,,,1,55,,49736,10,0,8,1,15,,49741,10,,,1,15,,49742,10,,,1,70,,49747,10,,,1,101,,49737,10,0,8,1,100,,49738,10,0,8,1,100,,49739,10,0,8,1,107,,49748,10,,,1,93,,49749,10,,,1
500,'20260806',1013,,49761,10,,,1,100,,49750,10,0,8,1,100,,49751,10,0,8,1,100,,49752,10,0,8,1,107,,49762,10,,,1,101,,49757,10,0,9,1,91,,49763,10,,,1,45,,49760,10,,,1,55,,49753,10,0,8,1,15,,49758,10,,,1,15,,49759,10,,,1,70,,49764,10,,,1,101,,49754,10,0,8,1,100,,49755,10,0,8,1,100,,49756,10,0,8,1,107,,49765,10,,,1,93,,49766,10,,,1
500,'20260807',1013,,49778,10,,,1,100,,49767,10,0,8,1,100,,49768,10,0,8,1,100,,49769,10,0,8,1,107,,49779,10,,,1,101,,49774,10,0,9,1,91,,49780,10,,,1,45,,49777,10,,,1,55,,49770,10,0,8,1,15,,49775,10,,,1,15,,49776,10,,,1,70,,49781,10,,,1,101,,49771,10,0,8,1,100,,49772,10,0,8,1,100,,49773,10,0,8,1,107,,49782,10,,,1,93,,49783,10,,,1
500,'20260808',911,,49793,10,,,1,102,,49784,10,0,8,1,100,,49785,10,0,8,1,100,,49794,10,,,1,100,,49786,10,0,8,1,100,,49787,10,0,8,1,100,,49795,10,,,1,100,,49788,10,0,8,1,100,,49789,10,0,8,1,100,,49796,10,,,1,100,,49790,10,0,8,1,100,,49791,10,0,8,1,104,,49797,10,,,1,103,,49792,10,0,9,1,93,,49798,10,,,1
500,'20260809',911,,49808,10,,,1,102,,49799,10,0,8,1,100,,49800,10,0,8,1,100,,49809,10,,,1,100,,49801,10,0,8,1,100,,49802,10,0,8,1,100,,49810,10,,,1,100,,49803,10,0,8,1,100,,49804,10,0,8,1,100,,49811,10,,,1,100,,49805,10,0,8,1,100,,49806,10,0,8,1,104,,49812,10,,,1,103,,49807,10,0,9,1,93,,49813,10,,,1
500,'20260810',1013,,49825,10,,,1,100,,49814,10,0,8,1,100,,49815,10,0,8,1,100,,49816,10,0,8,1,107,,49826,10,,,1,101,,49821,10,0,9,1,91,,49827,10,,,1,45,,49824,10,,,1,55,,49817,10,0,8,1,15,,49822,10,,,1,15,,49823,10,,,1,70,,49828,10,,,1,101,,49818,10,0,8,1,100,,49819,10,0,8,1,100,,49820,10,0,8,1,107,,49829,10,,,1,93,,49830,10,,,1
500,'20260811',1013,,49842,10,,,1,100,,49831,10,0,8,1,100,,49832,10,0,8,1,100,,49833,10,0,8,1,107,,49843,10,,,1,101,,49838,10,0,9,1,91,,49844,10,,,1,45,,49841,10,,,1,55,,49834,10,0,8,1,15,,49839,10,,,1,15,,49840,10,,,1,70,,49845,10,,,1,101,,49835,10,0,8,1,100,,49836,10,0,8,1,100,,49837,10,0,8,1,107,,49846,10,,,1,93,,49847,10,,,1
500,'20260812',1013,,49859,10,,,1,100,,49848,10,0,8,1,100,,49849,10,0,8,1,100,,49850,10,0,8,1,107,,49860,10,,,1,101,,49855,10,0,9,1,91,,49861,10,,,1,45,,49858,10,,,1,55,,49851,10,0,8,1,15,,49856,10,,,1,15,,49857,10,,,1,70,,49862,10,,,1,101,,49852,10,0,8,1,100,,49853,10,0,8,1,100,,49854,10,0,8,1,107,,49863,10,,,1,93,,49864,10,,,1
500,'20260813',1013,,49876,10,,,1,100,,49865,10,0,8,1,100,,49866,10,0,8,1,100,,49867,10,0,8,1,107,,49877,10,,,1,101,,49872,10,0,9,1,91,,49878,10,,,1,45,,49875,10,,,1,55,,49868,10,0,8,1,15,,49873,10,,,1,15,,49874,10,,,1,70,,49879,10,,,1,101,,49869,10,0,8,1,100,,49870,10,0,8,1,100,,49871,10,0,8,1,107,,49880,10,,,1,93,,49881,10,,,1
500,'20260814',1013,,49893,10,,,1,100,,49882,10,0,8,1,100,,49883,10,0,8,1,100,,49884,10,0,8,1,107,,49894,10,,,1,101,,49889,10,0,9,1,91,,49895,10,,,1,45,,49892,10,,,1,55,,49885,10,0,8,1,15,,49890,10,,,1,15,,49891,10,,,1,70,,49896,10,,,1,101,,49886,10,0,8,1,100,,49887,10,0,8,1,100,,49888,10,0,8,1,107,,49897,10,,,1,93,,49898,10,,,1
500,'20260815',911,,49908,10,,,1,102,,49899,10,0,8,1,100,,49900,10,0,8,1,100,,49909,10,,,1,100,,49901,10,0,8,1,100,,49902,10,0,8,1,100,,49910,10,,,1,100,,49903,10,0,8,1,100,,49904,10,0,8,1,100,,49911,10,,,1,100,,49905,10,0,8,1,100,,49906,10,0,8,1,104,,49912,10,,,1,103,,49907,10,0,9,1,93,,49913,10,,,1
500,'20260816',911,,49923,10,,,1,102,,49914,10,0,8,1,100,,49915,10,0,8,1,100,,49924,10,,,1,100,,49916,10,0,8,1,100,,49917,10,0,8,1,100,,49925,10,,,1,100,,49918,10,0,8,1,100,,49919,10,0,8,1,100,,49926,10,,,1,100,,49920,10,0,8,1,100,,49921,10,0,8,1,104,,49927,10,,,1,103,,49922,10,0,9,1,93,,49928,10,,,1
500,'20260817',1013,,49940,10,,,1,100,,49929,10,0,8,1,100,,49930,10,0,8,1,100,,49931,10,0,8,1,107,,49941,10,,,1,101,,49936,10,0,9,1,91,,49942,10,,,1,45,,49939,10,,,1,55,,49932,10,0,8,1,15,,49937,10,,,1,15,,49938,10,,,1,70,,49943,10,,,1,101,,49933,10,0,8,1,100,,49934,10,0,8,1,100,,49935,10,0,8,1,107,,49944,10,,,1,93,,49945,10,,,1
500,'20260818',1013,,49957,10,,,1,100,,49946,10,0,8,1,100,,49947,10,0,8,1,100,,49948,10,0,8,1,107,,49958,10,,,1,101,,49953,10,0,9,1,91,,49959,10,,,1,45,,49956,10,,,1,55,,49949,10,0,8,1,15,,49954,10,,,1,15,,49955,10,,,1,70,,49960,10,,,1,101,,49950,10,0,8,1,100,,49951,10,0,8,1,100,,49952,10,0,8,1,107,,49961,10,,,1,93,,49962,10,,,1
500,'20260819',1013,,49974,10,,,1,100,,49963,10,0,8,1,100,,49964,10,0,8,1,100,,49965,10,0,8,1,107,,49975,10,,,1,101,,49970,10,0,9,1,91,,49976,10,,,1,45,,49973,10,,,1,55,,49966,10,0,8,1,15,,49971,10,,,1,15,,49972,10,,,1,70,,49977,10,,,1,101,,49967,10,0,8,1,100,,49968,10,0,8,1,100,,49969,10,0,8,1,107,,49978,10,,,1,93,,49979,10,,,1
500,'20260820',1013,,49991,10,,,1,100,,49980,10,0,8,1,100,,49981,10,0,8,1,100,,49982,10,0,8,1,107,,49992,10,,,1,101,,49987,10,0,9,1,91,,49993,10,,,1,45,,49990,10,,,1,55,,49983,10,0,8,1,15,,49988,10,,,1,15,,49989,10,,,1,70,,49994,10,,,1,101,,49984,10,0,8,1,100,,49985,10,0,8,1,100,,49986,10,0,8,1,107,,49995,10,,,1,93,,49996,10,,,1
500,'20260821',1013,,50008,10,,,1,100,,49997,10,0,8,1,100,,49998,10,0,8,1,100,,49999,10,0,8,1,107,,50009,10,,,1,101,,50004,10,0,9,1,91,,50010,10,,,1,45,,50007,10,,,1,55,,50000,10,0,8,1,15,,50005,10,,,1,15,,50006,10,,,1,70,,50011,10,,,1,101,,50001,10,0,8,1,100,,50002,10,0,8,1,100,,50003,10,0,8,1,107,,50012,10,,,1,93,,50013,10,,,1
500,'20260822',911,,50023,10,,,1,102,,50014,10,0,8,1,100,,50015,10,0,8,1,100,,50024,10,,,1,100,,50016,10,0,8,1,100,,50017,10,0,8,1,100,,50025,10,,,1,100,,50018,10,0,8,1,100,,50019,10,0,8,1,100,,50026,10,,,1,100,,50020,10,0,8,1,100,,50021,10,0,8,1,104,,50027,10,,,1,103,,50022,10,0,9,1,93,,50028,10,,,1
500,'20260823',911,,50038,10,,,1,102,,50029,10,0,8,1,100,,50030,10,0,8,1,100,,50039,10,,,1,100,,50031,10,0,8,1,100,,50032,10,0,8,1,100,,50040,10,,,1,100,,50033,10,0,8,1,100,,50034,10,0,8,1,100,,50041,10,,,1,100,,50035,10,0,8,1,100,,50036,10,0,8,1,104,,50042,10,,,1,103,,50037,10,0,9,1,93,,50043,10,,,1
500,'20260824',1013,,50055,10,,,1,100,,50044,10,0,8,1,100,,50045,10,0,8,1,100,,50046,10,0,8,1,107,,50056,10,,,1,101,,50051,10,0,9,1,91,,50057,10,,,1,45,,50054,10,,,1,55,,50047,10,0,8,1,15,,50052,10,,,1,15,,50053,10,,,1,70,,50058,10,,,1,101,,50048,10,0,8,1,100,,50049,10,0,8,1,100,,50050,10,0,8,1,107,,50059,10,,,1,93,,50060,10,,,1
500,'20260825',1013,,50072,10,,,1,100,,50061,10,0,8,1,100,,50062,10,0,8,1,100,,50063,10,0,8,1,107,,50073,10,,,1,101,,50068,10,0,9,1,91,,50074,10,,,1,45,,50071,10,,,1,55,,50064,10,0,8,1,15,,50069,10,,,1,15,,50070,10,,,1,70,,50075,10,,,1,101,,50065,10,0,8,1,100,,50066,10,0,8,1,100,,50067,10,0,8,1,107,,50076,10,,,1,93,,50077,10,,,1
500,'20260826',1013,,50089,10,,,1,100,,50078,10,0,8,1,100,,50079,10,0,8,1,100,,50080,10,0,8,1,107,,50090,10,,,1,101,,50085,10,0,9,1,91,,50091,10,,,1,45,,50088,10,,,1,55,,50081,10,0,8,1,15,,50086,10,,,1,15,,50087,10,,,1,70,,50092,10,,,1,101,,50082,10,0,8,1,100,,50083,10,0,8,1,100,,50084,10,0,8,1,107,,50093,10,,,1,93,,50094,10,,,1
500,'20260827',1013,,50106,10,,,1,100,,50095,10,0,8,1,100,,50096,10,0,8,1,100,,50097,10,0,8,1,107,,50107,10,,,1,101,,50102,10,0,9,1,91,,50108,10,,,1,45,,50105,10,,,1,55,,50098,10,0,8,1,15,,50103,10,,,1,15,,50104,10,,,1,70,,50109,10,,,1,101,,50099,10,0,8,1,100,,50100,10,0,8,1,100,,50101,10,0,8,1,107,,50110,10,,,1,93,,50111,10,,,1
500,'20260828',1013,,50123,10,,,1,100,,50112,10,0,8,1,100,,50113,10,0,8,1,100,,50114,10,0,8,1,107,,50124,10,,,1,101,,50119,10,0,9,1,91,,50125,10,,,1,45,,50122,10,,,1,55,,50115,10,0,8,1,15,,50120,10,,,1,15,,50121,10,,,1,70,,50126,10,,,1,101,,50116,10,0,8,1,100,,50117,10,0,8,1,100,,50118,10,0,8,1,107,,50127,10,,,1,93,,50128,10,,,1
500,'20260829',911,,50138,10,,,1,102,,50129,10,0,8,1,100,,50130,10,0,8,1,100,,50139,10,,,1,100,,50131,10,0,8,1,100,,50132,10,0,8,1,100,,50140,10,,,1,100,,50133,10,0,8,1,100,,50134,10,0,8,1,100,,50141,10,,,1,100,,50135,10,0,8,1,100,,50136,10,0,8,1,104,,50142,10,,,1,103,,50137,10,0,9,1,93,,50143,10,,,1
500,'20260830',911,,50153,10,,,1,102,,50144,10,0,8,1,100,,50145,10,0,8,1,100,,50154,10,,,1,100,,50146,10,0,8,1,100,,50147,10,0,8,1,100,,50155,10,,,1,100,,50148,10,0,8,1,100,,50149,10,0,8,1,100,,50156,10,,,1,100,,50150,10,0,8,1,100,,50151,10,0,8,1,104,,50157,10,,,1,103,,50152,10,0,9,1,93,,50158,10,,,1
500,'20260831',1013,,50170,10,,,1,100,,50159,10,0,8,1,100,,50160,10,0,8,1,100,,50161,10,0,8,1,107,,50171,10,,,1,101,,50166,10,0,9,1,91,,50172,10,,,1,45,,50169,10,,,1,55,,50162,10,0,8,1,15,,50167,10,,,1,15,,50168,10,,,1,70,,50173,10,,,1,101,,50163,10,0,8,1,100,,50164,10,0,8,1,100,,50165,10,0,8,1,107,,50174,10,,,1,93,,50175,10,,,1
500,'20260901',1013,,50187,10,,,1,100,,50176,10,0,8,1,100,,50177,10,0,8,1,100,,50178,10,0,8,1,107,,50188,10,,,1,101,,50183,10,0,9,1,91,,50189,10,,,1,45,,50186,10,,,1,55,,50179,10,0,8,1,15,,50184,10,,,1,15,,50185,10,,,1,70,,50190,10,,,1,101,,50180,10,0,8,1,100,,50181,10,0,8,1,100,,50182,10,0,8,1,107,,50191,10,,,1,93,,50192,10,,,1
500,'20260902',1013,,50204,10,,,1,100,,50193,10,0,8,1,100,,50194,10,0,8,1,100,,50195,10,0,8,1,107,,50205,10,,,1,101,,50200,10,0,9,1,91,,50206,10,,,1,45,,50203,10,,,1,55,,50196,10,0,8,1,15,,50201,10,,,1,15,,50202,10,,,1,70,,50207,10,,,1,101,,50197,10,0,8,1,100,,50198,10,0,8,1,100,,50199,10,0,8,1,107,,50208,10,,,1,93,,50209,10,,,1
500,'20260903',1013,,50221,10,,,1,100,,50210,10,0,8,1,100,,50211,10,0,8,1,100,,50212,10,0,8,1,107,,50222,10,,,1,101,,50217,10,0,9,1,91,,50223,10,,,1,45,,50220,10,,,1,55,,50213,10,0,8,1,15,,50218,10,,,1,15,,50219,10,,,1,70,,50224,10,,,1,101,,50214,10,0,8,1,100,,50215,10,0,8,1,100,,50216,10,0,8,1,107,,50225,10,,,1,93,,50226,10,,,1
500,'20260904',1013,,50238,10,,,1,100,,50227,10,0,8,1,100,,50228,10,0,8,1,100,,50229,10,0,8,1,107,,50239,10,,,1,101,,50234,10,0,9,1,91,,50240,10,,,1,45,,50237,10,,,1,55,,50230,10,0,8,1,15,,50235,10,,,1,15,,50236,10,,,1,70,,50241,10,,,1,101,,50231,10,0,8,1,100,,50232,10,0,8,1,100,,50233,10,0,8,1,107,,50242,10,,,1,93,,50243,10,,,1
501,'20260625',609,,50481,19,,,1,30,,50482,26,,,1,70,,50484,26,,,1,30,,50483,26,,,1,20,,50474,13,,,1,60,,50485,26,,,1,15,,50486,26,,,1,94,,50487,26,,,1,99,,50488,26,,,1,100,,50475,13,,,1,99,,50476,13,,,1,100,,50477,13,,,1,106,,50489,26,,,1,103,,50478,13,,,1,491,,50479,13,,,1,100,,50480,13,,,1,106,,50490,26,,,1
501,'20260626',609,,50498,19,,,1,30,,50499,26,,,1,70,,50501,26,,,1,30,,50500,26,,,1,20,,50491,13,,,1,60,,50502,26,,,1,15,,50503,26,,,1,94,,50504,26,,,1,99,,50505,26,,,1,100,,50492,13,,,1,99,,50493,13,,,1,100,,50494,13,,,1,106,,50506,26,,,1,103,,50495,13,,,1,491,,50496,13,,,1,100,,50497,13,,,1,106,,50507,26,,,1
501,'20260627',822,,50517,26,,,1,100,,50518,26,,,1,104,,50508,13,,,1,100,,50509,13,,,1,100,,50519,26,,,1,100,,50510,13,,,1,100,,50511,13,,,1,100,,50520,26,,,1,100,,50512,13,,,1,100,,50513,13,,,1,100,,50521,26,,,1,100,,50514,13,,,1,100,,50515,13,,,1,103,,50522,26,,,1,105,,50516,13,,,1
501,'20260628',822,,50532,26,,,1,100,,50533,26,,,1,104,,50523,13,,,1,100,,50524,13,,,1,100,,50534,26,,,1,100,,50525,13,,,1,100,,50526,13,,,1,100,,50535,26,,,1,100,,50527,13,,,1,100,,50528,13,,,1,100,,50536,26,,,1,100,,50529,13,,,1,100,,50530,13,,,1,103,,50537,26,,,1,105,,50531,13,,,1,101,,63764,1,,,1,15,,63765,1,,,1
501,'20260629',609,,50545,19,,,1,30,,50546,26,,,1,70,,50548,26,,,1,30,,50547,26,,,1,20,,50538,13,,,1,60,,50549,26,,,1,15,,50550,26,,,1,94,,50551,26,,,1,99,,50552,26,,,1,100,,50539,13,,,1,99,,50540,13,,,1,100,,50541,13,,,1,106,,50553,26,,,1,103,,50542,13,,,1,491,,50543,13,,,1,100,,50544,13,,,1,106,,50554,26,,,1
501,'20260630',609,,50562,19,,,1,30,,50563,26,,,1,70,,50565,26,,,1,30,,50564,26,,,1,20,,50555,13,,,1,60,,50566,26,,,1,15,,50567,26,,,1,94,,50568,26,,,1,99,,50569,26,,,1,100,,50556,13,,,1,99,,50557,13,,,1,100,,50558,13,,,1,106,,50570,26,,,1,103,,50559,13,,,1,491,,50560,13,,,1,100,,50561,13,,,1,106,,50571,26,,,1
501,'20260701',822,,50581,26,,,1,100,,50582,26,,,1,104,,50572,13,,,1,100,,50573,13,,,1,100,,50583,26,,,1,100,,50574,13,,,1,100,,50575,13,,,1,100,,50584,26,,,1,100,,50576,13,,,1,100,,50577,13,,,1,100,,50585,26,,,1,100,,50578,13,,,1,100,,50579,13,,,1,103,,50586,26,,,1,105,,50580,13,,,1
501,'20260702',609,,50594,19,,,1,30,,50595,26,,,1,70,,50597,26,,,1,30,,50596,26,,,1,20,,50587,13,,,1,60,,50598,26,,,1,15,,50599,26,,,1,94,,50600,26,,,1,99,,50601,26,,,1,100,,50588,13,,,1,99,,50589,13,,,1,100,,50590,13,,,1,106,,50602,26,,,1,103,,50591,13,,,1,491,,50592,13,,,1,100,,50593,13,,,1,106,,50603,26,,,1
501,'20260703',609,,50611,19,,,1,30,,50612,26,,,1,70,,50614,26,,,1,30,,50613,26,,,1,20,,50604,13,,,1,60,,50615,26,,,1,15,,50616,26,,,1,94,,50617,26,,,1,99,,50618,26,,,1,100,,50605,13,,,1,99,,50606,13,,,1,100,,50607,13,,,1,106,,50619,26,,,1,103,,50608,13,,,1,491,,50609,13,,,1,100,,50610,13,,,1,106,,50620,26,,,1
501,'20260704',822,,50630,26,,,1,100,,50631,26,,,1,104,,50621,13,,,1,100,,50622,13,,,1,100,,50632,26,,,1,100,,50623,13,,,1,100,,50624,13,,,1,100,,50633,26,,,1,100,,50625,13,,,1,100,,50626,13,,,1,100,,50634,26,,,1,100,,50627,13,,,1,100,,50628,13,,,1,103,,50635,26,,,1,105,,50629,13,,,1
501,'20260705',822,,50645,26,,,1,100,,50646,26,,,1,104,,50636,13,,,1,100,,50637,13,,,1,100,,50647,26,,,1,100,,50638,13,,,1,100,,50639,13,,,1,100,,50648,26,,,1,100,,50640,13,,,1,100,,50641,13,,,1,100,,50649,26,,,1,100,,50642,13,,,1,100,,50643,13,,,1,103,,50650,26,,,1,105,,50644,13,,,1
501,'20260706',609,,50658,19,,,1,30,,50659,26,,,1,70,,50661,26,,,1,30,,50660,26,,,1,20,,50651,13,,,1,60,,50662,26,,,1,15,,50663,26,,,1,94,,50664,26,,,1,99,,50665,26,,,1,100,,50652,13,,,1,99,,50653,13,,,1,100,,50654,13,,,1,106,,50666,26,,,1,103,,50655,13,,,1,491,,50656,13,,,1,100,,50657,13,,,1,106,,50667,26,,,1
501,'20260707',609,,50675,19,,,1,30,,50676,26,,,1,70,,50678,26,,,1,30,,50677,26,,,1,20,,50668,13,,,1,60,,50679,26,,,1,15,,50680,26,,,1,94,,50681,26,,,1,99,,50682,26,,,1,100,,50669,13,,,1,99,,50670,13,,,1,100,,50671,13,,,1,106,,50683,26,,,1,103,,50672,13,,,1,491,,50673,13,,,1,100,,50674,13,,,1,106,,50684,26,,,1
501,'20260708',609,,50692,19,,,1,30,,50693,26,,,1,70,,50695,26,,,1,30,,50694,26,,,1,20,,50685,13,,,1,60,,50696,26,,,1,15,,50697,26,,,1,94,,50698,26,,,1,99,,50699,26,,,1,100,,50686,13,,,1,99,,50687,13,,,1,100,,50688,13,,,1,106,,50700,26,,,1,103,,50689,13,,,1,491,,50690,13,,,1,100,,50691,13,,,1,106,,50701,26,,,1
501,'20260709',609,,50709,19,,,1,30,,50710,26,,,1,70,,50712,26,,,1,30,,50711,26,,,1,20,,50702,13,,,1,60,,50713,26,,,1,15,,50714,26,,,1,94,,50715,26,,,1,99,,50716,26,,,1,100,,50703,13,,,1,99,,50704,13,,,1,100,,50705,13,,,1,106,,50717,26,,,1,103,,50706,13,,,1,491,,50707,13,,,1,100,,50708,13,,,1,106,,50718,26,,,1
501,'20260710',609,,50726,19,,,1,30,,50727,26,,,1,70,,50729,26,,,1,30,,50728,26,,,1,20,,50719,13,,,1,60,,50730,26,,,1,15,,50731,26,,,1,94,,50732,26,,,1,99,,50733,26,,,1,100,,50720,13,,,1,99,,50721,13,,,1,100,,50722,13,,,1,106,,50734,26,,,1,103,,50723,13,,,1,491,,50724,13,,,1,100,,50725,13,,,1,106,,50735,26,,,1
501,'20260711',822,,50745,26,,,1,100,,50746,26,,,1,104,,50736,13,,,1,100,,50737,13,,,1,100,,50747,26,,,1,100,,50738,13,,,1,100,,50739,13,,,1,100,,50748,26,,,1,100,,50740,13,,,1,100,,50741,13,,,1,100,,50749,26,,,1,100,,50742,13,,,1,100,,50743,13,,,1,103,,50750,26,,,1,105,,50744,13,,,1
501,'20260712',822,,50760,26,,,1,100,,50761,26,,,1,104,,50751,13,,,1,100,,50752,13,,,1,100,,50762,26,,,1,100,,50753,13,,,1,100,,50754,13,,,1,100,,50763,26,,,1,100,,50755,13,,,1,100,,50756,13,,,1,100,,50764,26,,,1,100,,50757,13,,,1,100,,50758,13,,,1,103,,50765,26,,,1,105,,50759,13,,,1
501,'20260713',609,,50773,19,,,1,30,,50774,26,,,1,70,,50776,26,,,1,30,,50775,26,,,1,20,,50766,13,,,1,60,,50777,26,,,1,15,,50778,26,,,1,94,,50779,26,,,1,99,,50780,26,,,1,100,,50767,13,,,1,99,,50768,13,,,1,100,,50769,13,,,1,106,,50781,26,,,1,103,,50770,13,,,1,491,,50771,13,,,1,100,,50772,13,,,1,106,,50782,26,,,1
501,'20260714',609,,50790,19,,,1,30,,50791,26,,,1,70,,50793,26,,,1,30,,50792,26,,,1,20,,50783,13,,,1,60,,50794,26,,,1,15,,50795,26,,,1,94,,50796,26,,,1,99,,50797,26,,,1,100,,50784,13,,,1,99,,50785,13,,,1,100,,50786,13,,,1,106,,50798,26,,,1,103,,50787,13,,,1,491,,50788,13,,,1,100,,50789,13,,,1,106,,50799,26,,,1
501,'20260715',609,,50807,19,,,1,30,,50808,26,,,1,70,,50810,26,,,1,30,,50809,26,,,1,20,,50800,13,,,1,60,,50811,26,,,1,15,,50812,26,,,1,94,,50813,26,,,1,99,,50814,26,,,1,100,,50801,13,,,1,99,,50802,13,,,1,100,,50803,13,,,1,106,,50815,26,,,1,103,,50804,13,,,1,491,,50805,13,,,1,100,,50806,13,,,1,106,,50816,26,,,1
501,'20260716',609,,50824,19,,,1,30,,50825,26,,,1,70,,50827,26,,,1,30,,50826,26,,,1,20,,50817,13,,,1,60,,50828,26,,,1,15,,50829,26,,,1,94,,50830,26,,,1,99,,50831,26,,,1,100,,50818,13,,,1,99,,50819,13,,,1,100,,50820,13,,,1,106,,50832,26,,,1,103,,50821,13,,,1,491,,50822,13,,,1,100,,50823,13,,,1,106,,50833,26,,,1
501,'20260717',609,,50841,19,,,1,30,,50842,26,,,1,70,,50844,26,,,1,30,,50843,26,,,1,20,,50834,13,,,1,60,,50845,26,,,1,15,,50846,26,,,1,94,,50847,26,,,1,99,,50848,26,,,1,100,,50835,13,,,1,99,,50836,13,,,1,100,,50837,13,,,1,106,,50849,26,,,1,103,,50838,13,,,1,491,,50839,13,,,1,100,,50840,13,,,1,106,,50850,26,,,1
501,'20260718',822,,50860,26,,,1,100,,50861,26,,,1,104,,50851,13,,,1,100,,50852,13,,,1,100,,50862,26,,,1,100,,50853,13,,,1,100,,50854,13,,,1,100,,50863,26,,,1,100,,50855,13,,,1,100,,50856,13,,,1,100,,50864,26,,,1,100,,50857,13,,,1,100,,50858,13,,,1,103,,50865,26,,,1,105,,50859,13,,,1
501,'20260719',822,,50875,26,,,1,100,,50876,26,,,1,104,,50866,13,,,1,100,,50867,13,,,1,100,,50877,26,,,1,100,,50868,13,,,1,100,,50869,13,,,1,100,,50878,26,,,1,100,,50870,13,,,1,100,,50871,13,,,1,100,,50879,26,,,1,100,,50872,13,,,1,100,,50873,13,,,1,103,,50880,26,,,1,105,,50874,13,,,1
501,'20260720',609,,50888,19,,,1,30,,50889,26,,,1,70,,50891,26,,,1,30,,50890,26,,,1,20,,50881,13,,,1,60,,50892,26,,,1,15,,50893,26,,,1,94,,50894,26,,,1,99,,50895,26,,,1,100,,50882,13,,,1,99,,50883,13,,,1,100,,50884,13,,,1,106,,50896,26,,,1,103,,50885,13,,,1,491,,50886,13,,,1,100,,50887,13,,,1,106,,50897,26,,,1
501,'20260721',609,,50905,19,,,1,30,,50906,26,,,1,70,,50908,26,,,1,30,,50907,26,,,1,20,,50898,13,,,1,60,,50909,26,,,1,15,,50910,26,,,1,94,,50911,26,,,1,99,,50912,26,,,1,100,,50899,13,,,1,99,,50900,13,,,1,100,,50901,13,,,1,106,,50913,26,,,1,103,,50902,13,,,1,491,,50903,13,,,1,100,,50904,13,,,1,106,,50914,26,,,1
501,'20260722',609,,50922,19,,,1,30,,50923,26,,,1,70,,50925,26,,,1,30,,50924,26,,,1,20,,50915,13,,,1,60,,50926,26,,,1,15,,50927,26,,,1,94,,50928,26,,,1,99,,50929,26,,,1,100,,50916,13,,,1,99,,50917,13,,,1,100,,50918,13,,,1,106,,50930,26,,,1,103,,50919,13,,,1,491,,50920,13,,,1,100,,50921,13,,,1,106,,50931,26,,,1
501,'20260723',609,,50939,19,,,1,30,,50940,26,,,1,70,,50942,26,,,1,30,,50941,26,,,1,20,,50932,13,,,1,60,,50943,26,,,1,15,,50944,26,,,1,94,,50945,26,,,1,99,,50946,26,,,1,100,,50933,13,,,1,99,,50934,13,,,1,100,,50935,13,,,1,106,,50947,26,,,1,103,,50936,13,,,1,491,,50937,13,,,1,100,,50938,13,,,1,106,,50948,26,,,1
501,'20260724',609,,50956,19,,,1,30,,50957,26,,,1,70,,50959,26,,,1,30,,50958,26,,,1,20,,50949,13,,,1,60,,50960,26,,,1,15,,50961,26,,,1,94,,50962,26,,,1,99,,50963,26,,,1,100,,50950,13,,,1,99,,50951,13,,,1,100,,50952,13,,,1,106,,50964,26,,,1,103,,50953,13,,,1,491,,50954,13,,,1,100,,50955,13,,,1,106,,50965,26,,,1
501,'20260725',822,,50975,26,,,1,100,,50976,26,,,1,104,,50966,13,,,1,100,,50967,13,,,1,100,,50977,26,,,1,100,,50968,13,,,1,100,,50969,13,,,1,100,,50978,26,,,1,100,,50970,13,,,1,100,,50971,13,,,1,100,,50979,26,,,1,100,,50972,13,,,1,100,,50973,13,,,1,103,,50980,26,,,1,105,,50974,13,,,1
501,'20260726',822,,50990,26,,,1,100,,50991,26,,,1,104,,50981,13,,,1,100,,50982,13,,,1,100,,50992,26,,,1,100,,50983,13,,,1,100,,50984,13,,,1,100,,50993,26,,,1,100,,50985,13,,,1,100,,50986,13,,,1,100,,50994,26,,,1,100,,50987,13,,,1,100,,50988,13,,,1,103,,50995,26,,,1,105,,50989,13,,,1
501,'20260727',609,,51003,19,,,1,30,,51004,26,,,1,70,,51006,26,,,1,30,,51005,26,,,1,20,,50996,13,,,1,60,,51007,26,,,1,15,,51008,26,,,1,94,,51009,26,,,1,99,,51010,26,,,1,100,,50997,13,,,1,99,,50998,13,,,1,100,,50999,13,,,1,106,,51011,26,,,1,103,,51000,13,,,1,491,,51001,13,,,1,100,,51002,13,,,1,106,,51012,26,,,1
501,'20260728',609,,51020,19,,,1,30,,51021,26,,,1,70,,51023,26,,,1,30,,51022,26,,,1,20,,51013,13,,,1,60,,51024,26,,,1,15,,51025,26,,,1,94,,51026,26,,,1,99,,51027,26,,,1,100,,51014,13,,,1,99,,51015,13,,,1,100,,51016,13,,,1,106,,51028,26,,,1,103,,51017,13,,,1,491,,51018,13,,,1,100,,51019,13,,,1,106,,51029,26,,,1
501,'20260729',609,,51037,19,,,1,30,,51038,26,,,1,70,,51040,26,,,1,30,,51039,26,,,1,20,,51030,13,,,1,60,,51041,26,,,1,15,,51042,26,,,1,94,,51043,26,,,1,99,,51044,26,,,1,100,,51031,13,,,1,99,,51032,13,,,1,100,,51033,13,,,1,106,,51045,26,,,1,103,,51034,13,,,1,491,,51035,13,,,1,100,,51036,13,,,1,106,,51046,26,,,1
501,'20260730',609,,51054,19,,,1,30,,51055,26,,,1,70,,51057,26,,,1,30,,51056,26,,,1,20,,51047,13,,,1,60,,51058,26,,,1,15,,51059,26,,,1,94,,51060,26,,,1,99,,51061,26,,,1,100,,51048,13,,,1,99,,51049,13,,,1,100,,51050,13,,,1,106,,51062,26,,,1,103,,51051,13,,,1,491,,51052,13,,,1,100,,51053,13,,,1,106,,51063,26,,,1
501,'20260731',609,,51071,19,,,1,30,,51072,26,,,1,70,,51074,26,,,1,30,,51073,26,,,1,20,,51064,13,,,1,60,,51075,26,,,1,15,,51076,26,,,1,94,,51077,26,,,1,99,,51078,26,,,1,100,,51065,13,,,1,99,,51066,13,,,1,100,,51067,13,,,1,106,,51079,26,,,1,103,,51068,13,,,1,491,,51069,13,,,1,100,,51070,13,,,1,106,,51080,26,,,1
501,'20260801',822,,51090,26,,,1,100,,51091,26,,,1,104,,51081,13,,,1,100,,51082,13,,,1,100,,51092,26,,,1,100,,51083,13,,,1,100,,51084,13,,,1,100,,51093,26,,,1,100,,51085,13,,,1,100,,51086,13,,,1,100,,51094,26,,,1,100,,51087,13,,,1,100,,51088,13,,,1,103,,51095,26,,,1,105,,51089,13,,,1
501,'20260802',822,,51105,26,,,1,100,,51106,26,,,1,104,,51096,13,,,1,100,,51097,13,,,1,100,,51107,26,,,1,100,,51098,13,,,1,100,,51099,13,,,1,100,,51108,26,,,1,100,,51100,13,,,1,100,,51101,13,,,1,100,,51109,26,,,1,100,,51102,13,,,1,100,,51103,13,,,1,103,,51110,26,,,1,105,,51104,13,,,1
501,'20260803',609,,51118,19,,,1,30,,51119,26,,,1,70,,51121,26,,,1,30,,51120,26,,,1,20,,51111,13,,,1,60,,51122,26,,,1,15,,51123,26,,,1,94,,51124,26,,,1,99,,51125,26,,,1,100,,51112,13,,,1,99,,51113,13,,,1,100,,51114,13,,,1,106,,51126,26,,,1,103,,51115,13,,,1,491,,51116,13,,,1,100,,51117,13,,,1,106,,51127,26,,,1
501,'20260804',609,,51135,19,,,1,30,,51136,26,,,1,70,,51138,26,,,1,30,,51137,26,,,1,20,,51128,13,,,1,60,,51139,26,,,1,15,,51140,26,,,1,94,,51141,26,,,1,99,,51142,26,,,1,100,,51129,13,,,1,99,,51130,13,,,1,100,,51131,13,,,1,106,,51143,26,,,1,103,,51132,13,,,1,491,,51133,13,,,1,100,,51134,13,,,1,106,,51144,26,,,1
501,'20260805',609,,51152,19,,,1,30,,51153,26,,,1,70,,51155,26,,,1,30,,51154,26,,,1,20,,51145,13,,,1,60,,51156,26,,,1,15,,51157,26,,,1,94,,51158,26,,,1,99,,51159,26,,,1,100,,51146,13,,,1,99,,51147,13,,,1,100,,51148,13,,,1,106,,51160,26,,,1,103,,51149,13,,,1,491,,51150,13,,,1,100,,51151,13,,,1,106,,51161,26,,,1
501,'20260806',609,,51169,19,,,1,30,,51170,26,,,1,70,,51172,26,,,1,30,,51171,26,,,1,20,,51162,13,,,1,60,,51173,26,,,1,15,,51174,26,,,1,94,,51175,26,,,1,99,,51176,26,,,1,100,,51163,13,,,1,99,,51164,13,,,1,100,,51165,13,,,1,106,,51177,26,,,1,103,,51166,13,,,1,491,,51167,13,,,1,100,,51168,13,,,1,106,,51178,26,,,1
501,'20260807',609,,51186,19,,,1,30,,51187,26,,,1,70,,51189,26,,,1,30,,51188,26,,,1,20,,51179,13,,,1,60,,51190,26,,,1,15,,51191,26,,,1,94,,51192,26,,,1,99,,51193,26,,,1,100,,51180,13,,,1,99,,51181,13,,,1,100,,51182,13,,,1,106,,51194,26,,,1,103,,51183,13,,,1,491,,51184,13,,,1,100,,51185,13,,,1,106,,51195,26,,,1
501,'20260808',822,,51205,26,,,1,100,,51206,26,,,1,104,,51196,13,,,1,100,,51197,13,,,1,100,,51207,26,,,1,100,,51198,13,,,1,100,,51199,13,,,1,100,,51208,26,,,1,100,,51200,13,,,1,100,,51201,13,,,1,100,,51209,26,,,1,100,,51202,13,,,1,100,,51203,13,,,1,103,,51210,26,,,1,105,,51204,13,,,1
501,'20260809',822,,51220,26,,,1,100,,51221,26,,,1,104,,51211,13,,,1,100,,51212,13,,,1,100,,51222,26,,,1,100,,51213,13,,,1,100,,51214,13,,,1,100,,51223,26,,,1,100,,51215,13,,,1,100,,51216,13,,,1,100,,51224,26,,,1,100,,51217,13,,,1,100,,51218,13,,,1,103,,51225,26,,,1,105,,51219,13,,,1
501,'20260810',609,,51233,19,,,1,30,,51234,26,,,1,70,,51236,26,,,1,30,,51235,26,,,1,20,,51226,13,,,1,60,,51237,26,,,1,15,,51238,26,,,1,94,,51239,26,,,1,99,,51240,26,,,1,100,,51227,13,,,1,99,,51228,13,,,1,100,,51229,13,,,1,106,,51241,26,,,1,103,,51230,13,,,1,491,,51231,13,,,1,100,,51232,13,,,1,106,,51242,26,,,1
501,'20260811',609,,51250,19,,,1,30,,51251,26,,,1,70,,51253,26,,,1,30,,51252,26,,,1,20,,51243,13,,,1,60,,51254,26,,,1,15,,51255,26,,,1,94,,51256,26,,,1,99,,51257,26,,,1,100,,51244,13,,,1,99,,51245,13,,,1,100,,51246,13,,,1,106,,51258,26,,,1,103,,51247,13,,,1,491,,51248,13,,,1,100,,51249,13,,,1,106,,51259,26,,,1
501,'20260812',609,,51267,19,,,1,30,,51268,26,,,1,70,,51270,26,,,1,30,,51269,26,,,1,20,,51260,13,,,1,60,,51271,26,,,1,15,,51272,26,,,1,94,,51273,26,,,1,99,,51274,26,,,1,100,,51261,13,,,1,99,,51262,13,,,1,100,,51263,13,,,1,106,,51275,26,,,1,103,,51264,13,,,1,491,,51265,13,,,1,100,,51266,13,,,1,106,,51276,26,,,1
501,'20260813',609,,51284,19,,,1,30,,51285,26,,,1,70,,51287,26,,,1,30,,51286,26,,,1,20,,51277,13,,,1,60,,51288,26,,,1,15,,51289,26,,,1,94,,51290,26,,,1,99,,51291,26,,,1,100,,51278,13,,,1,99,,51279,13,,,1,100,,51280,13,,,1,106,,51292,26,,,1,103,,51281,13,,,1,491,,51282,13,,,1,100,,51283,13,,,1,106,,51293,26,,,1
501,'20260814',609,,51301,19,,,1,30,,51302,26,,,1,70,,51304,26,,,1,30,,51303,26,,,1,20,,51294,13,,,1,60,,51305,26,,,1,15,,51306,26,,,1,94,,51307,26,,,1,99,,51308,26,,,1,100,,51295,13,,,1,99,,51296,13,,,1,100,,51297,13,,,1,106,,51309,26,,,1,103,,51298,13,,,1,491,,51299,13,,,1,100,,51300,13,,,1,106,,51310,26,,,1
501,'20260815',822,,51320,26,,,1,100,,51321,26,,,1,104,,51311,13,,,1,100,,51312,13,,,1,100,,51322,26,,,1,100,,51313,13,,,1,100,,51314,13,,,1,100,,51323,26,,,1,100,,51315,13,,,1,100,,51316,13,,,1,100,,51324,26,,,1,100,,51317,13,,,1,100,,51318,13,,,1,103,,51325,26,,,1,105,,51319,13,,,1
501,'20260816',822,,51335,26,,,1,100,,51336,26,,,1,104,,51326,13,,,1,100,,51327,13,,,1,100,,51337,26,,,1,100,,51328,13,,,1,100,,51329,13,,,1,100,,51338,26,,,1,100,,51330,13,,,1,100,,51331,13,,,1,100,,51339,26,,,1,100,,51332,13,,,1,100,,51333,13,,,1,103,,51340,26,,,1,105,,51334,13,,,1
501,'20260817',609,,51348,19,,,1,30,,51349,26,,,1,70,,51351,26,,,1,30,,51350,26,,,1,20,,51341,13,,,1,60,,51352,26,,,1,15,,51353,26,,,1,94,,51354,26,,,1,99,,51355,26,,,1,100,,51342,13,,,1,99,,51343,13,,,1,100,,51344,13,,,1,106,,51356,26,,,1,103,,51345,13,,,1,491,,51346,13,,,1,100,,51347,13,,,1,106,,51357,26,,,1
501,'20260818',609,,51365,19,,,1,30,,51366,26,,,1,70,,51368,26,,,1,30,,51367,26,,,1,20,,51358,13,,,1,60,,51369,26,,,1,15,,51370,26,,,1,94,,51371,26,,,1,99,,51372,26,,,1,100,,51359,13,,,1,99,,51360,13,,,1,100,,51361,13,,,1,106,,51373,26,,,1,103,,51362,13,,,1,491,,51363,13,,,1,100,,51364,13,,,1,106,,51374,26,,,1
501,'20260819',609,,51382,19,,,1,30,,51383,26,,,1,70,,51385,26,,,1,30,,51384,26,,,1,20,,51375,13,,,1,60,,51386,26,,,1,15,,51387,26,,,1,94,,51388,26,,,1,99,,51389,26,,,1,100,,51376,13,,,1,99,,51377,13,,,1,100,,51378,13,,,1,106,,51390,26,,,1,103,,51379,13,,,1,491,,51380,13,,,1,100,,51381,13,,,1,106,,51391,26,,,1
501,'20260820',609,,51399,19,,,1,30,,51400,26,,,1,70,,51402,26,,,1,30,,51401,26,,,1,20,,51392,13,,,1,60,,51403,26,,,1,15,,51404,26,,,1,94,,51405,26,,,1,99,,51406,26,,,1,100,,51393,13,,,1,99,,51394,13,,,1,100,,51395,13,,,1,106,,51407,26,,,1,103,,51396,13,,,1,491,,51397,13,,,1,100,,51398,13,,,1,106,,51408,26,,,1
501,'20260821',609,,51416,19,,,1,30,,51417,26,,,1,70,,51419,26,,,1,30,,51418,26,,,1,20,,51409,13,,,1,60,,51420,26,,,1,15,,51421,26,,,1,94,,51422,26,,,1,99,,51423,26,,,1,100,,51410,13,,,1,99,,51411,13,,,1,100,,51412,13,,,1,106,,51424,26,,,1,103,,51413,13,,,1,491,,51414,13,,,1,100,,51415,13,,,1,106,,51425,26,,,1
501,'20260822',822,,51435,26,,,1,100,,51436,26,,,1,104,,51426,13,,,1,100,,51427,13,,,1,100,,51437,26,,,1,100,,51428,13,,,1,100,,51429,13,,,1,100,,51438,26,,,1,100,,51430,13,,,1,100,,51431,13,,,1,100,,51439,26,,,1,100,,51432,13,,,1,100,,51433,13,,,1,103,,51440,26,,,1,105,,51434,13,,,1
501,'20260823',822,,51450,26,,,1,100,,51451,26,,,1,104,,51441,13,,,1,100,,51442,13,,,1,100,,51452,26,,,1,100,,51443,13,,,1,100,,51444,13,,,1,100,,51453,26,,,1,100,,51445,13,,,1,100,,51446,13,,,1,100,,51454,26,,,1,100,,51447,13,,,1,100,,51448,13,,,1,103,,51455,26,,,1,105,,51449,13,,,1
501,'20260824',609,,51463,19,,,1,30,,51464,26,,,1,70,,51466,26,,,1,30,,51465,26,,,1,20,,51456,13,,,1,60,,51467,26,,,1,15,,51468,26,,,1,94,,51469,26,,,1,99,,51470,26,,,1,100,,51457,13,,,1,99,,51458,13,,,1,100,,51459,13,,,1,106,,51471,26,,,1,103,,51460,13,,,1,491,,51461,13,,,1,100,,51462,13,,,1,106,,51472,26,,,1
501,'20260825',609,,51480,19,,,1,30,,51481,26,,,1,70,,51483,26,,,1,30,,51482,26,,,1,20,,51473,13,,,1,60,,51484,26,,,1,15,,51485,26,,,1,94,,51486,26,,,1,99,,51487,26,,,1,100,,51474,13,,,1,99,,51475,13,,,1,100,,51476,13,,,1,106,,51488,26,,,1,103,,51477,13,,,1,491,,51478,13,,,1,100,,51479,13,,,1,106,,51489,26,,,1
501,'20260826',609,,51497,19,,,1,30,,51498,26,,,1,70,,51500,26,,,1,30,,51499,26,,,1,20,,51490,13,,,1,60,,51501,26,,,1,15,,51502,26,,,1,94,,51503,26,,,1,99,,51504,26,,,1,100,,51491,13,,,1,99,,51492,13,,,1,100,,51493,13,,,1,106,,51505,26,,,1,103,,51494,13,,,1,491,,51495,13,,,1,100,,51496,13,,,1,106,,51506,26,,,1
501,'20260827',609,,51514,19,,,1,30,,51515,26,,,1,70,,51517,26,,,1,30,,51516,26,,,1,20,,51507,13,,,1,60,,51518,26,,,1,15,,51519,26,,,1,94,,51520,26,,,1,99,,51521,26,,,1,100,,51508,13,,,1,99,,51509,13,,,1,100,,51510,13,,,1,106,,51522,26,,,1,103,,51511,13,,,1,491,,51512,13,,,1,100,,51513,13,,,1,106,,51523,26,,,1
501,'20260828',609,,51531,19,,,1,30,,51532,26,,,1,70,,51534,26,,,1,30,,51533,26,,,1,20,,51524,13,,,1,60,,51535,26,,,1,15,,51536,26,,,1,94,,51537,26,,,1,99,,51538,26,,,1,100,,51525,13,,,1,99,,51526,13,,,1,100,,51527,13,,,1,106,,51539,26,,,1,103,,51528,13,,,1,491,,51529,13,,,1,100,,51530,13,,,1,106,,51540,26,,,1
501,'20260829',822,,51550,26,,,1,100,,51551,26,,,1,104,,51541,13,,,1,100,,51542,13,,,1,100,,51552,26,,,1,100,,51543,13,,,1,100,,51544,13,,,1,100,,51553,26,,,1,100,,51545,13,,,1,100,,51546,13,,,1,100,,51554,26,,,1,100,,51547,13,,,1,100,,51548,13,,,1,103,,51555,26,,,1,105,,51549,13,,,1
501,'20260830',822,,51565,26,,,1,100,,51566,26,,,1,104,,51556,13,,,1,100,,51557,13,,,1,100,,51567,26,,,1,100,,51558,13,,,1,100,,51559,13,,,1,100,,51568,26,,,1,100,,51560,13,,,1,100,,51561,13,,,1,100,,51569,26,,,1,100,,51562,13,,,1,100,,51563,13,,,1,103,,51570,26,,,1,105,,51564,13,,,1
501,'20260831',609,,51578,19,,,1,30,,51579,26,,,1,70,,51581,26,,,1,30,,51580,26,,,1,20,,51571,13,,,1,60,,51582,26,,,1,15,,51583,26,,,1,94,,51584,26,,,1,99,,51585,26,,,1,100,,51572,13,,,1,99,,51573,13,,,1,100,,51574,13,,,1,106,,51586,26,,,1,103,,51575,13,,,1,491,,51576,13,,,1,100,,51577,13,,,1,106,,51587,26,,,1
501,'20260901',609,,51595,19,,,1,30,,51596,26,,,1,70,,51598,26,,,1,30,,51597,26,,,1,20,,51588,13,,,1,60,,51599,26,,,1,15,,51600,26,,,1,94,,51601,26,,,1,99,,51602,26,,,1,100,,51589,13,,,1,99,,51590,13,,,1,100,,51591,13,,,1,106,,51603,26,,,1,103,,51592,13,,,1,491,,51593,13,,,1,100,,51594,13,,,1,106,,51604,26,,,1
501,'20260902',609,,51612,19,,,1,30,,51613,26,,,1,70,,51615,26,,,1,30,,51614,26,,,1,20,,51605,13,,,1,60,,51616,26,,,1,15,,51617,26,,,1,94,,51618,26,,,1,99,,51619,26,,,1,100,,51606,13,,,1,99,,51607,13,,,1,100,,51608,13,,,1,106,,51620,26,,,1,103,,51609,13,,,1,491,,51610,13,,,1,100,,51611,13,,,1,106,,51621,26,,,1
501,'20260903',609,,51629,19,,,1,30,,51630,26,,,1,70,,51632,26,,,1,30,,51631,26,,,1,20,,51622,13,,,1,60,,51633,26,,,1,15,,51634,26,,,1,94,,51635,26,,,1,99,,51636,26,,,1,100,,51623,13,,,1,99,,51624,13,,,1,100,,51625,13,,,1,106,,51637,26,,,1,103,,51626,13,,,1,491,,51627,13,,,1,100,,51628,13,,,1,106,,51638,26,,,1
501,'20260904',609,,51646,19,,,1,30,,51647,26,,,1,70,,51649,26,,,1,30,,51648,26,,,1,20,,51639,13,,,1,60,,51650,26,,,1,15,,51651,26,,,1,94,,51652,26,,,1,99,,51653,26,,,1,100,,51640,13,,,1,99,,51641,13,,,1,100,,51642,13,,,1,106,,51654,26,,,1,103,,51643,13,,,1,491,,51644,13,,,1,100,,51645,13,,,1,106,,51655,26,,,1
