700,'20260508',945,,26083,22,0,23 24,1,100,,26084,22,0,23 24,1,100,,26085,22,0,23 24,1,100,,26086,22,0,23 24,1,100,,26087,22,0,23 24,1,100,,26088,22,0,23 24,1,100,,26094,22,,,1,100,,26095,22,,,1,70,,26099,22,,,1,30,,26096,22,,,1,72,,26100,22,,,1,83,,26089,22,0,23 24,1,45,,26090,22,0,23 24,1,100,,26091,22,0,23 24,1,100,,26092,22,0,23 24,1,100,,26093,22,0,23 24,1,99,,26097,22,,,1,100,,26098,22,,,1
700,'20260509',944,,26101,22,0,23 24,1,100,,26102,22,0,23 24,1,100,,26103,22,0,23 24,1,100,,26104,22,0,23 24,1,100,,26105,22,0,23 24,1,100,,26106,22,0,23 24,1,100,,26107,22,0,23 24,1,100,,26108,22,0,23 24,1,100,,26109,22,0,23 24,1,100,,26110,22,0,23 24,1,100,,26111,22,0,23 24,1,100,,26112,22,0,23 24,1,100,,26113,22,,,1,100,,26114,22,,,1,100,,26115,22,,,1
700,'20260510',944,,26116,22,0,23 24,1,100,,26117,22,0,23 24,1,100,,26118,22,0,23 24,1,100,,26119,22,0,23 24,1,100,,26120,22,0,23 24,1,100,,26121,22,0,23 24,1,100,,26122,22,0,23 24,1,100,,26123,22,0,23 24,1,100,,26124,22,0,23 24,1,100,,26125,22,0,23 24,1,100,,26126,22,0,23 24,1,100,,26127,22,0,23 24,1,100,,26128,22,,,1,100,,26129,22,,,1,100,,26130,22,,,1
700,'20260511',945,,26133,22,0,23 24,1,100,,26134,22,0,23 24,1,100,,26135,22,0,23 24,1,100,,26136,22,0,23 24,1,100,,26137,22,0,23 24,1,100,,26138,22,0,23 24,1,100,,26144,22,,,1,100,,26145,22,,,1,70,,26149,22,,,1,30,,26146,22,,,1,72,,26150,22,,,1,83,,26139,22,0,23 24,1,45,,26140,22,0,23 24,1,100,,26141,22,0,23 24,1,100,,26142,22,0,23 24,1,100,,26143,22,0,23 24,1,99,,26147,22,,,1,100,,26148,22,,,1
700,'20260512',945,,26153,22,0,23 24,1,100,,26154,22,0,23 24,1,100,,26155,22,0,23 24,1,100,,26156,22,0,23 24,1,100,,26157,22,0,23 24,1,100,,26158,22,0,23 24,1,100,,26164,22,,,1,100,,26165,22,,,1,70,,26169,22,,,1,30,,26166,22,,,1,72,,26170,22,,,1,83,,26159,22,0,23 24,1,45,,26160,22,0,23 24,1,100,,26161,22,0,23 24,1,100,,26162,22,0,23 24,1,100,,26163,22,0,23 24,1,99,,26167,22,,,1,100,,26168,22,,,1
700,'20260513',945,,26173,22,0,23 24,1,100,,26174,22,0,23 24,1,100,,26175,22,0,23 24,1,100,,26176,22,0,23 24,1,100,,26177,22,0,23 24,1,100,,26178,22,0,23 24,1,100,,26184,22,,,1,100,,26185,22,,,1,70,,26189,22,,,1,30,,26186,22,,,1,72,,26190,22,,,1,83,,26179,22,0,23 24,1,45,,26180,22,0,23 24,1,100,,26181,22,0,23 24,1,100,,26182,22,0,23 24,1,100,,26183,22,0,23 24,1,99,,26187,22,,,1,100,,26188,22,,,1
700,'20260514',945,,26193,22,0,23 24,1,100,,26194,22,0,23 24,1,100,,26195,22,0,23 24,1,100,,26196,22,0,23 24,1,100,,26197,22,0,23 24,1,100,,26198,22,0,23 24,1,100,,26204,22,,,1,100,,26205,22,,,1,70,,26209,22,,,1,30,,26206,22,,,1,72,,26210,22,,,1,83,,26199,22,0,23 24,1,45,,26200,22,0,23 24,1,100,,26201,22,0,23 24,1,100,,26202,22,0,23 24,1,100,,26203,22,0,23 24,1,99,,26207,22,,,1,100,,26208,22,,,1
700,'20260515',945,,26213,22,0,23 24,1,100,,26214,22,0,23 24,1,100,,26215,22,0,23 24,1,100,,26216,22,0,23 24,1,100,,26217,22,0,23 24,1,100,,26218,22,0,23 24,1,100,,26224,22,,,1,100,,26225,22,,,1,70,,26229,22,,,1,30,,26226,22,,,1,72,,26230,22,,,1,83,,26219,22,0,23 24,1,45,,26220,22,0,23 24,1,100,,26221,22,0,23 24,1,100,,26222,22,0,23 24,1,100,,26223,22,0,23 24,1,99,,26227,22,,,1,100,,26228,22,,,1
700,'20260516',944,,26231,22,0,23 24,1,100,,26232,22,0,23 24,1,100,,26233,22,0,23 24,1,100,,26234,22,0,23 24,1,100,,26235,22,0,23 24,1,100,,26236,22,0,23 24,1,100,,26237,22,0,23 24,1,100,,26238,22,0,23 24,1,100,,26239,22,0,23 24,1,100,,26240,22,0,23 24,1,100,,26241,22,0,23 24,1,100,,26242,22,0,23 24,1,100,,26243,22,,,1,100,,26244,22,,,1,100,,26245,22,,,1
700,'20260517',944,,26246,22,0,23 24,1,100,,26247,22,0,23 24,1,100,,26248,22,0,23 24,1,100,,26249,22,0,23 24,1,100,,26250,22,0,23 24,1,100,,26251,22,0,23 24,1,100,,26252,22,0,23 24,1,100,,26253,22,0,23 24,1,100,,26254,22,0,23 24,1,100,,26255,22,0,23 24,1,100,,26256,22,0,23 24,1,100,,26257,22,0,23 24,1,100,,26258,22,,,1,100,,26259,22,,,1,100,,26260,22,,,1
700,'20260518',944,,26261,22,0,23 24,1,100,,26262,22,0,23 24,1,100,,26263,22,0,23 24,1,100,,26264,22,0,23 24,1,100,,26265,22,0,23 24,1,100,,26266,22,0,23 24,1,100,,26267,22,0,23 24,1,100,,26268,22,0,23 24,1,100,,26269,22,0,23 24,1,100,,26270,22,0,23 24,1,100,,26271,22,0,23 24,1,100,,26272,22,0,23 24,1,100,,26273,22,,,1,100,,26274,22,,,1,100,,26275,22,,,1
700,'20260519',945,,26278,22,0,23 24,1,100,,26279,22,0,23 24,1,100,,26280,22,0,23 24,1,100,,26281,22,0,23 24,1,100,,26282,22,0,23 24,1,100,,26283,22,0,23 24,1,100,,26289,22,,,1,100,,26290,22,,,1,70,,26294,22,,,1,30,,26291,22,,,1,72,,26295,22,,,1,83,,26284,22,0,23 24,1,45,,26285,22,0,23 24,1,100,,26286,22,0,23 24,1,100,,26287,22,0,23 24,1,100,,26288,22,0,23 24,1,99,,26292,22,,,1,100,,26293,22,,,1
700,'20260520',945,,26298,22,0,23 24,1,100,,26299,22,0,23 24,1,100,,26300,22,0,23 24,1,100,,26301,22,0,23 24,1,100,,26302,22,0,23 24,1,100,,26303,22,0,23 24,1,100,,26309,22,,,1,100,,26310,22,,,1,70,,26314,22,,,1,30,,26311,22,,,1,72,,26315,22,,,1,83,,26304,22,0,23 24,1,45,,26305,22,0,23 24,1,100,,26306,22,0,23 24,1,100,,26307,22,0,23 24,1,100,,26308,22,0,23 24,1,99,,26312,22,,,1,100,,26313,22,,,1
700,'20260521',945,,26318,22,0,23 24,1,100,,26319,22,0,23 24,1,100,,26320,22,0,23 24,1,100,,26321,22,0,23 24,1,100,,26322,22,0,23 24,1,100,,26323,22,0,23 24,1,100,,26329,22,,,1,100,,26330,22,,,1,70,,26334,22,,,1,30,,26331,22,,,1,72,,26335,22,,,1,83,,26324,22,0,23 24,1,45,,26325,22,0,23 24,1,100,,26326,22,0,23 24,1,100,,26327,22,0,23 24,1,100,,26328,22,0,23 24,1,99,,26332,22,,,1,100,,26333,22,,,1
700,'20260522',945,,26338,22,0,23 24,1,100,,26339,22,0,23 24,1,100,,26340,22,0,23 24,1,100,,26341,22,0,23 24,1,100,,26342,22,0,23 24,1,100,,26343,22,0,23 24,1,100,,26349,22,,,1,100,,26350,22,,,1,70,,26354,22,,,1,30,,26351,22,,,1,72,,26355,22,,,1,83,,26344,22,0,23 24,1,45,,26345,22,0,23 24,1,100,,26346,22,0,23 24,1,100,,26347,22,0,23 24,1,100,,26348,22,0,23 24,1,99,,26352,22,,,1,100,,26353,22,,,1
700,'20260523',944,,26356,22,0,23 24,1,100,,26357,22,0,23 24,1,100,,26358,22,0,23 24,1,100,,26359,22,0,23 24,1,100,,26360,22,0,23 24,1,100,,26361,22,0,23 24,1,100,,26362,22,0,23 24,1,100,,26363,22,0,23 24,1,100,,26364,22,0,23 24,1,100,,26365,22,0,23 24,1,100,,26366,22,0,23 24,1,100,,26367,22,0,23 24,1,100,,26368,22,,,1,100,,26369,22,,,1,100,,26370,22,,,1
700,'20260524',944,,26371,22,0,23 24,1,100,,26372,22,0,23 24,1,100,,26373,22,0,23 24,1,100,,26374,22,0,23 24,1,100,,26375,22,0,23 24,1,100,,26376,22,0,23 24,1,100,,26377,22,0,23 24,1,100,,26378,22,0,23 24,1,100,,26379,22,0,23 24,1,100,,26380,22,0,23 24,1,100,,26381,22,0,23 24,1,100,,26382,22,0,23 24,1,100,,26383,22,,,1,100,,26384,22,,,1,100,,26385,22,,,1
700,'20260525',945,,26388,22,0,23 24,1,100,,26389,22,0,23 24,1,100,,26390,22,0,23 24,1,100,,26391,22,0,23 24,1,100,,26392,22,0,23 24,1,100,,26393,22,0,23 24,1,100,,26399,22,,,1,100,,26400,22,,,1,70,,26404,22,,,1,30,,26401,22,,,1,72,,26405,22,,,1,83,,26394,22,0,23 24,1,45,,26395,22,0,23 24,1,100,,26396,22,0,23 24,1,100,,26397,22,0,23 24,1,100,,26398,22,0,23 24,1,99,,26402,22,,,1,100,,26403,22,,,1
700,'20260526',945,,26408,22,0,23 24,1,100,,26409,22,0,23 24,1,100,,26410,22,0,23 24,1,100,,26411,22,0,23 24,1,100,,26412,22,0,23 24,1,100,,26413,22,0,23 24,1,100,,26419,22,,,1,100,,26420,22,,,1,70,,26424,22,,,1,30,,26421,22,,,1,72,,26425,22,,,1,83,,26414,22,0,23 24,1,45,,26415,22,0,23 24,1,100,,26416,22,0,23 24,1,100,,26417,22,0,23 24,1,100,,26418,22,0,23 24,1,99,,26422,22,,,1,100,,26423,22,,,1
700,'20260527',945,,26428,22,0,23 24,1,100,,26429,22,0,23 24,1,100,,26430,22,0,23 24,1,100,,26431,22,0,23 24,1,100,,26432,22,0,23 24,1,100,,26433,22,0,23 24,1,100,,26439,22,,,1,100,,26440,22,,,1,70,,26444,22,,,1,30,,26441,22,,,1,72,,26445,22,,,1,83,,26434,22,0,23 24,1,45,,26435,22,0,23 24,1,100,,26436,22,0,23 24,1,100,,26437,22,0,23 24,1,100,,26438,22,0,23 24,1,99,,26442,22,,,1,100,,26443,22,,,1
700,'20260528',945,,26448,22,0,23 24,1,100,,26449,22,0,23 24,1,100,,26450,22,0,23 24,1,100,,26451,22,0,23 24,1,100,,26452,22,0,23 24,1,100,,26453,22,0,23 24,1,100,,26459,22,,,1,100,,26460,22,,,1,70,,26464,22,,,1,30,,26461,22,,,1,72,,26465,22,,,1,83,,26454,22,0,23 24,1,45,,26455,22,0,23 24,1,100,,26456,22,0,23 24,1,100,,26457,22,0,23 24,1,100,,26458,22,0,23 24,1,99,,26462,22,,,1,100,,26463,22,,,1
700,'20260529',945,,26468,22,0,23 24,1,100,,26469,22,0,23 24,1,100,,26470,22,0,23 24,1,100,,26471,22,0,23 24,1,100,,26472,22,0,23 24,1,100,,26473,22,0,23 24,1,100,,26479,22,,,1,100,,26480,22,,,1,70,,26484,22,,,1,30,,26481,22,,,1,72,,26485,22,,,1,83,,26474,22,0,23 24,1,45,,26475,22,0,23 24,1,100,,26476,22,0,23 24,1,100,,26477,22,0,23 24,1,100,,26478,22,0,23 24,1,99,,26482,22,,,1,100,,26483,22,,,1
700,'20260530',944,,26486,22,0,23 24,1,100,,26487,22,0,23 24,1,100,,26488,22,0,23 24,1,100,,26489,22,0,23 24,1,100,,26490,22,0,23 24,1,100,,26491,22,0,23 24,1,100,,26492,22,0,23 24,1,100,,26493,22,0,23 24,1,100,,26494,22,0,23 24,1,100,,26495,22,0,23 24,1,100,,26496,22,0,23 24,1,100,,26497,22,0,23 24,1,100,,26498,22,,,1,100,,26499,22,,,1,100,,26500,22,,,1
700,'20260531',944,,26501,22,0,23 24,1,100,,26502,22,0,23 24,1,100,,26503,22,0,23 24,1,100,,26504,22,0,23 24,1,100,,26505,22,0,23 24,1,100,,26506,22,0,23 24,1,100,,26507,22,0,23 24,1,100,,26508,22,0,23 24,1,100,,26509,22,0,23 24,1,100,,26510,22,0,23 24,1,100,,26511,22,0,23 24,1,100,,26512,22,0,23 24,1,100,,26513,22,,,1,100,,26514,22,,,1,100,,26515,22,,,1
700,'20260601',945,,26518,22,0,23 24,1,100,,26519,22,0,23 24,1,100,,26520,22,0,23 24,1,100,,26521,22,0,23 24,1,100,,26522,22,0,23 24,1,100,,26523,22,0,23 24,1,100,,26529,22,,,1,100,,26530,22,,,1,70,,26534,22,,,1,30,,26531,22,,,1,72,,26535,22,,,1,83,,26524,22,0,23 24,1,45,,26525,22,0,23 24,1,100,,26526,22,0,23 24,1,100,,26527,22,0,23 24,1,100,,26528,22,0,23 24,1,99,,26532,22,,,1,100,,26533,22,,,1
700,'20260602',945,,26538,22,0,23 24,1,100,,26539,22,0,23 24,1,100,,26540,22,0,23 24,1,100,,26541,22,0,23 24,1,100,,26542,22,0,23 24,1,100,,26543,22,0,23 24,1,100,,26549,22,,,1,100,,26550,22,,,1,70,,26554,22,,,1,30,,26551,22,,,1,72,,26555,22,,,1,83,,26544,22,0,23 24,1,45,,26545,22,0,23 24,1,100,,26546,22,0,23 24,1,100,,26547,22,0,23 24,1,100,,26548,22,0,23 24,1,99,,26552,22,,,1,100,,26553,22,,,1
700,'20260603',945,,26558,22,0,23 24,1,100,,26559,22,0,23 24,1,100,,26560,22,0,23 24,1,100,,26561,22,0,23 24,1,100,,26562,22,0,23 24,1,100,,26563,22,0,23 24,1,100,,26569,22,,,1,100,,26570,22,,,1,70,,26574,22,,,1,30,,26571,22,,,1,72,,26575,22,,,1,83,,26564,22,0,23 24,1,45,,26565,22,0,23 24,1,100,,26566,22,0,23 24,1,100,,26567,22,0,23 24,1,100,,26568,22,0,23 24,1,99,,26572,22,,,1,100,,26573,22,,,1
700,'20260604',945,,26578,22,0,23 24,1,100,,26579,22,0,23 24,1,100,,26580,22,0,23 24,1,100,,26581,22,0,23 24,1,100,,26582,22,0,23 24,1,100,,26583,22,0,23 24,1,100,,26589,22,,,1,100,,26590,22,,,1,70,,26594,22,,,1,30,,26591,22,,,1,72,,26595,22,,,1,83,,26584,22,0,23 24,1,45,,26585,22,0,23 24,1,100,,26586,22,0,23 24,1,100,,26587,22,0,23 24,1,100,,26588,22,0,23 24,1,99,,26592,22,,,1,100,,26593,22,,,1
700,'20260605',945,,26598,22,0,23 24,1,100,,26599,22,0,23 24,1,100,,26600,22,0,23 24,1,100,,26601,22,0,23 24,1,100,,26602,22,0,23 24,1,100,,26603,22,0,23 24,1,100,,26609,22,,,1,100,,26610,22,,,1,70,,26614,22,,,1,30,,26611,22,,,1,72,,26615,22,,,1,83,,26604,22,0,23 24,1,45,,26605,22,0,23 24,1,100,,26606,22,0,23 24,1,100,,26607,22,0,23 24,1,100,,52187,22,,,1,99,,26612,22,,,1
700,'20260608',945,,26648,22,0,23 24,1,100,,26649,22,0,23 24,1,100,,26650,22,0,23 24,1,100,,26651,22,0,23 24,1,100,,26652,22,0,23 24,1,100,,26653,22,0,23 24,1,100,,26659,22,,,1,100,,26660,22,,,1,70,,26664,22,,,1,30,,26661,22,,,1,72,,26665,22,,,1,83,,26654,22,0,23 24,1,45,,26655,22,0,23 24,1,100,,26656,22,0,23 24,1,100,,26657,22,0,23 24,1,100,,26658,22,0,23 24,1,99,,26662,22,,,1,100,,26663,22,,,1
700,'20260609',945,,26668,22,0,23 24,1,100,,26669,22,0,23 24,1,100,,26670,22,0,23 24,1,100,,26671,22,0,23 24,1,100,,26672,22,0,23 24,1,100,,26673,22,0,23 24,1,100,,26679,22,,,1,100,,26680,22,,,1,70,,26684,22,,,1,30,,26681,22,,,1,72,,26685,22,,,1,83,,26674,22,0,23 24,1,45,,26675,22,0,23 24,1,100,,26676,22,0,23 24,1,100,,26677,22,0,23 24,1,100,,26678,22,0,23 24,1,99,,26682,22,,,1,100,,26683,22,,,1
700,'20260610',945,,26688,22,0,23 24,1,100,,26689,22,0,23 24,1,100,,26690,22,0,23 24,1,100,,26691,22,0,23 24,1,100,,26692,22,0,23 24,1,100,,26693,22,0,23 24,1,100,,26699,22,,,1,100,,26700,22,,,1,70,,26704,22,,,1,30,,26701,22,,,1,72,,26705,22,,,1,83,,26694,22,0,23 24,1,45,,26695,22,0,23 24,1,100,,26696,22,0,23 24,1,100,,26697,22,0,23 24,1,100,,26698,22,0,23 24,1,99,,26702,22,,,1,100,,26703,22,,,1
700,'20260611',945,,26708,22,0,23 24,1,100,,26709,22,0,23 24,1,100,,26710,22,0,23 24,1,100,,26711,22,0,23 24,1,100,,26712,22,0,23 24,1,100,,26713,22,0,23 24,1,100,,26719,22,,,1,100,,26720,22,,,1,70,,26724,22,,,1,30,,26721,22,,,1,72,,26725,22,,,1,83,,26714,22,0,23 24,1,45,,26715,22,0,23 24,1,100,,26716,22,0,23 24,1,100,,26717,22,0,23 24,1,100,,26718,22,0,23 24,1,99,,26722,22,,,1,100,,26723,22,,,1
700,'20260612',945,,26728,22,0,23 24,1,100,,26729,22,0,23 24,1,100,,26730,22,0,23 24,1,100,,26731,22,0,23 24,1,100,,26732,22,0,23 24,1,100,,26733,22,0,23 24,1,100,,26739,22,,,1,100,,26740,22,,,1,70,,26744,22,,,1,30,,26741,22,,,1,72,,26745,22,,,1,83,,26734,22,0,23 24,1,45,,26735,22,0,23 24,1,100,,26736,22,0,23 24,1,100,,26737,22,0,23 24,1,100,,26738,22,0,23 24,1,99,,26742,22,,,1,100,,26743,22,,,1
700,'20260613',944,,52188,22,0,23 24,1,100,,52189,22,0,23 24,1,100,,52190,22,0,23 24,1,100,,52191,22,0,23 24,1,100,,52192,22,0,23 24,1,100,,52193,22,0,23 24,1,100,,52194,22,0,23 24,1,100,,52195,22,0,23 24,1,100,,52196,22,0,23 24,1,100,,52197,22,0,23 24,1,100,,52198,22,0,23 24,1,100,,52199,22,0,23 24,1,100,,52200,22,,,1,100,,52201,22,,,1,100,,52202,22,,,1
700,'20260614',944,,52203,22,0,23 24,1,100,,52204,22,0,23 24,1,100,,52205,22,0,23 24,1,100,,52206,22,0,23 24,1,100,,52207,22,0,23 24,1,100,,52208,22,0,23 24,1,100,,52209,22,0,23 24,1,100,,52210,22,0,23 24,1,100,,52211,22,0,23 24,1,100,,52212,22,0,23 24,1,100,,52213,22,0,23 24,1,100,,52214,22,0,23 24,1,100,,52215,22,,,1,100,,52216,22,,,1,100,,52217,22,,,1
700,'20260615',945,,52220,22,0,23 24,1,100,,52221,22,0,23 24,1,100,,52222,22,0,23 24,1,100,,52223,22,0,23 24,1,100,,52224,22,0,23 24,1,100,,52225,22,0,23 24,1,100,,52231,22,,,1,100,,52232,22,,,1,70,,52236,22,,,1,30,,52233,22,,,1,72,,52237,22,,,1,83,,52226,22,0,23 24,1,45,,52227,22,0,23 24,1,100,,52228,22,0,23 24,1,100,,52229,22,0,23 24,1,100,,52230,22,0,23 24,1,99,,52234,22,,,1,100,,52235,22,,,1
700,'20260616',945,,52240,22,0,23 24,1,100,,52241,22,0,23 24,1,100,,52242,22,0,23 24,1,100,,52243,22,0,23 24,1,100,,52244,22,0,23 24,1,100,,52245,22,0,23 24,1,100,,52251,22,,,1,100,,52252,22,,,1,70,,52256,22,,,1,30,,52253,22,,,1,72,,52257,22,,,1,83,,52246,22,0,23 24,1,45,,52247,22,0,23 24,1,100,,52248,22,0,23 24,1,100,,52249,22,0,23 24,1,100,,52250,22,0,23 24,1,99,,52254,22,,,1,100,,52255,22,,,1
700,'20260617',945,,52260,22,0,23 24,1,100,,52261,22,0,23 24,1,100,,52262,22,0,23 24,1,100,,52263,22,0,23 24,1,100,,52264,22,0,23 24,1,100,,52265,22,0,23 24,1,100,,52271,22,,,1,100,,52272,22,,,1,70,,52276,22,,,1,30,,52273,22,,,1,72,,52277,22,,,1,83,,52266,22,0,23 24,1,45,,52267,22,0,23 24,1,100,,52268,22,0,23 24,1,100,,52269,22,0,23 24,1,100,,52270,22,0,23 24,1,99,,52274,22,,,1,100,,52275,22,,,1
700,'20260618',945,,52280,22,0,23 24,1,100,,52281,22,0,23 24,1,100,,52282,22,0,23 24,1,100,,52283,22,0,23 24,1,100,,52284,22,0,23 24,1,100,,52285,22,0,23 24,1,100,,52291,22,,,1,100,,52292,22,,,1,70,,52296,22,,,1,30,,52293,22,,,1,72,,52297,22,,,1,83,,52286,22,0,23 24,1,45,,52287,22,0,23 24,1,100,,52288,22,0,23 24,1,100,,52289,22,0,23 24,1,100,,52290,22,0,23 24,1,99,,52294,22,,,1,100,,52295,22,,,1
700,'20260619',945,,52300,22,0,23 24,1,100,,52301,22,0,23 24,1,100,,52302,22,0,23 24,1,100,,52303,22,0,23 24,1,100,,52304,22,0,23 24,1,100,,52305,22,0,23 24,1,100,,52311,22,,,1,100,,52312,22,,,1,70,,52316,22,,,1,30,,52313,22,,,1,72,,52317,22,,,1,83,,52306,22,0,23 24,1,45,,52307,22,0,23 24,1,100,,52308,22,0,23 24,1,100,,52309,22,0,23 24,1,100,,52310,22,0,23 24,1,99,,52314,22,,,1,100,,52315,22,,,1
700,'20260620',944,,52318,22,0,23 24,1,100,,52319,22,0,23 24,1,100,,52320,22,0,23 24,1,100,,52321,22,0,23 24,1,100,,52322,22,0,23 24,1,100,,52323,22,0,23 24,1,100,,52324,22,0,23 24,1,100,,52325,22,0,23 24,1,100,,52326,22,0,23 24,1,100,,52327,22,0,23 24,1,100,,52328,22,0,23 24,1,100,,52329,22,0,23 24,1,100,,52330,22,,,1,100,,52331,22,,,1,100,,52332,22,,,1
700,'20260621',944,,52333,22,0,23 24,1,100,,52334,22,0,23 24,1,100,,52335,22,0,23 24,1,100,,52336,22,0,23 24,1,100,,52337,22,0,23 24,1,100,,52338,22,0,23 24,1,100,,52339,22,0,23 24,1,100,,52340,22,0,23 24,1,100,,52341,22,0,23 24,1,100,,52342,22,0,23 24,1,100,,52343,22,0,23 24,1,100,,52344,22,0,23 24,1,100,,52345,22,,,1,100,,52346,22,,,1,100,,52347,22,,,1
700,'20260622',945,,52350,22,0,23 24,1,100,,52351,22,0,23 24,1,100,,52352,22,0,23 24,1,100,,52353,22,0,23 24,1,100,,52354,22,0,23 24,1,100,,52355,22,0,23 24,1,100,,52361,22,,,1,100,,52362,22,,,1,70,,52366,22,,,1,30,,52363,22,,,1,72,,52367,22,,,1,83,,52356,22,0,23 24,1,45,,52357,22,0,23 24,1,100,,52358,22,0,23 24,1,100,,52359,22,0,23 24,1,100,,52360,22,0,23 24,1,99,,52364,22,,,1,100,,52365,22,,,1
700,'20260623',945,,52370,22,0,23 24,1,100,,52371,22,0,23 24,1,100,,52372,22,0,23 24,1,100,,52373,22,0,23 24,1,100,,52374,22,0,23 24,1,100,,52375,22,0,23 24,1,100,,52381,22,,,1,100,,52382,22,,,1,70,,52386,22,,,1,30,,52383,22,,,1,72,,52387,22,,,1,83,,52376,22,0,23 24,1,45,,52377,22,0,23 24,1,100,,52378,22,0,23 24,1,100,,52379,22,0,23 24,1,100,,52380,22,0,23 24,1,99,,52384,22,,,1,100,,52385,22,,,1
700,'20260624',945,,52390,22,0,23 24,1,100,,52391,22,0,23 24,1,100,,52392,22,0,23 24,1,100,,52393,22,0,23 24,1,100,,52394,22,0,23 24,1,100,,52395,22,0,23 24,1,100,,52401,22,,,1,100,,52402,22,,,1,70,,52406,22,,,1,30,,52403,22,,,1,72,,52407,22,,,1,83,,52396,22,0,23 24,1,45,,52397,22,0,23 24,1,100,,52398,22,0,23 24,1,100,,52399,22,0,23 24,1,100,,52400,22,0,23 24,1,99,,52404,22,,,1,100,,52405,22,,,1
700,'20260625',945,,52410,22,0,23 24,1,100,,52411,22,0,23 24,1,100,,52412,22,0,23 24,1,100,,52413,22,0,23 24,1,100,,52414,22,0,23 24,1,100,,52415,22,0,23 24,1,100,,52421,22,,,1,100,,52422,22,,,1,70,,52426,22,,,1,30,,52423,22,,,1,72,,52427,22,,,1,83,,52416,22,0,23 24,1,45,,52417,22,0,23 24,1,100,,52418,22,0,23 24,1,100,,52419,22,0,23 24,1,100,,52420,22,0,23 24,1,99,,52424,22,,,1,100,,52425,22,,,1
700,'20260626',945,,52430,22,0,23 24,1,100,,52431,22,0,23 24,1,100,,52432,22,0,23 24,1,100,,52433,22,0,23 24,1,100,,52434,22,0,23 24,1,100,,52435,22,0,23 24,1,100,,52441,22,,,1,100,,52442,22,,,1,70,,52446,22,,,1,30,,52443,22,,,1,72,,52447,22,,,1,83,,52436,22,0,23 24,1,45,,52437,22,0,23 24,1,100,,52438,22,0,23 24,1,100,,52439,22,0,23 24,1,100,,52440,22,0,23 24,1,99,,52444,22,,,1,100,,52445,22,,,1
700,'20260627',944,,52448,22,0,23 24,1,100,,52449,22,0,23 24,1,100,,52450,22,0,23 24,1,100,,52451,22,0,23 24,1,100,,52452,22,0,23 24,1,100,,52453,22,0,23 24,1,100,,52454,22,0,23 24,1,100,,52455,22,0,23 24,1,100,,52456,22,0,23 24,1,100,,52457,22,0,23 24,1,100,,52458,22,0,23 24,1,100,,52459,22,0,23 24,1,100,,52460,22,,,1,100,,52461,22,,,1,100,,52462,22,,,1
700,'20260628',944,,52463,22,0,23 24,1,100,,52464,22,0,23 24,1,100,,52465,22,0,23 24,1,100,,52466,22,0,23 24,1,100,,52467,22,0,23 24,1,100,,52468,22,0,23 24,1,100,,52469,22,0,23 24,1,100,,52470,22,0,23 24,1,100,,52471,22,0,23 24,1,100,,52472,22,0,23 24,1,100,,52473,22,0,23 24,1,100,,52474,22,0,23 24,1,100,,52475,22,,,1,100,,52476,22,,,1,100,,52477,22,,,1
700,'20260629',945,,52480,22,0,23 24,1,100,,52481,22,0,23 24,1,100,,52482,22,0,23 24,1,100,,52483,22,0,23 24,1,100,,52484,22,0,23 24,1,100,,52485,22,0,23 24,1,100,,52491,22,,,1,100,,52492,22,,,1,70,,52496,22,,,1,30,,52493,22,,,1,72,,52497,22,,,1,83,,52486,22,0,23 24,1,45,,52487,22,0,23 24,1,100,,52488,22,0,23 24,1,100,,52489,22,0,23 24,1,100,,52490,22,0,23 24,1,99,,52494,22,,,1,100,,52495,22,,,1
700,'20260630',945,,52500,22,0,23 24,1,100,,52501,22,0,23 24,1,100,,52502,22,0,23 24,1,100,,52503,22,0,23 24,1,100,,52504,22,0,23 24,1,100,,52505,22,0,23 24,1,100,,52511,22,,,1,100,,52512,22,,,1,70,,52516,22,,,1,30,,52513,22,,,1,72,,52517,22,,,1,83,,52506,22,0,23 24,1,45,,52507,22,0,23 24,1,100,,52508,22,0,23 24,1,100,,52509,22,0,23 24,1,100,,52510,22,0,23 24,1,99,,52514,22,,,1,100,,52515,22,,,1
700,'20260701',944,,52518,22,0,23 24,1,100,,52519,22,0,23 24,1,100,,52520,22,0,23 24,1,100,,52521,22,0,23 24,1,100,,52522,22,0,23 24,1,100,,52523,22,0,23 24,1,100,,52524,22,0,23 24,1,100,,52525,22,0,23 24,1,100,,52526,22,0,23 24,1,100,,52527,22,0,23 24,1,100,,52528,22,0,23 24,1,100,,52529,22,0,23 24,1,100,,52530,22,,,1,100,,52531,22,,,1,100,,52532,22,,,1
700,'20260702',945,,52535,22,0,23 24,1,100,,52536,22,0,23 24,1,100,,52537,22,0,23 24,1,100,,52538,22,0,23 24,1,100,,52539,22,0,23 24,1,100,,52540,22,0,23 24,1,100,,52546,22,,,1,100,,52547,22,,,1,70,,52551,22,,,1,30,,52548,22,,,1,72,,52552,22,,,1,83,,52541,22,0,23 24,1,45,,52542,22,0,23 24,1,100,,52543,22,0,23 24,1,100,,52544,22,0,23 24,1,100,,52545,22,0,23 24,1,99,,52549,22,,,1,100,,52550,22,,,1
700,'20260703',945,,52555,22,0,23 24,1,100,,52556,22,0,23 24,1,100,,52557,22,0,23 24,1,100,,52558,22,0,23 24,1,100,,52559,22,0,23 24,1,100,,52560,22,0,23 24,1,100,,52566,22,,,1,100,,52567,22,,,1,70,,52571,22,,,1,30,,52568,22,,,1,72,,52572,22,,,1,83,,52561,22,0,23 24,1,45,,52562,22,0,23 24,1,100,,52563,22,0,23 24,1,100,,52564,22,0,23 24,1,100,,52565,22,0,23 24,1,99,,52569,22,,,1,100,,52570,22,,,1
700,'20260704',944,,52573,22,0,23 24,1,100,,52574,22,0,23 24,1,100,,52575,22,0,23 24,1,100,,52576,22,0,23 24,1,100,,52577,22,0,23 24,1,100,,52578,22,0,23 24,1,100,,52579,22,0,23 24,1,100,,52580,22,0,23 24,1,100,,52581,22,0,23 24,1,100,,52582,22,0,23 24,1,100,,52583,22,0,23 24,1,100,,52584,22,0,23 24,1,100,,52585,22,,,1,100,,52586,22,,,1,100,,52587,22,,,1
700,'20260705',944,,52588,22,0,23 24,1,100,,52589,22,0,23 24,1,100,,52590,22,0,23 24,1,100,,52591,22,0,23 24,1,100,,52592,22,0,23 24,1,100,,52593,22,0,23 24,1,100,,52594,22,0,23 24,1,100,,52595,22,0,23 24,1,100,,52596,22,0,23 24,1,100,,52597,22,0,23 24,1,100,,52598,22,0,23 24,1,100,,52599,22,0,23 24,1,100,,52600,22,,,1,100,,52601,22,,,1,100,,52602,22,,,1
700,'20260706',945,,52605,22,0,23 24,1,100,,52606,22,0,23 24,1,100,,52607,22,0,23 24,1,100,,52608,22,0,23 24,1,100,,52609,22,0,23 24,1,100,,52610,22,0,23 24,1,100,,52616,22,,,1,100,,52617,22,,,1,70,,52621,22,,,1,30,,52618,22,,,1,72,,52622,22,,,1,83,,52611,22,0,23 24,1,45,,52612,22,0,23 24,1,100,,52613,22,0,23 24,1,100,,52614,22,0,23 24,1,100,,52615,22,0,23 24,1,99,,52619,22,,,1,100,,52620,22,,,1
700,'20260707',945,,52625,22,0,23 24,1,100,,52626,22,0,23 24,1,100,,52627,22,0,23 24,1,100,,52628,22,0,23 24,1,100,,52629,22,0,23 24,1,100,,52630,22,0,23 24,1,100,,52636,22,,,1,100,,52637,22,,,1,70,,52641,22,,,1,30,,52638,22,,,1,72,,52642,22,,,1,83,,52631,22,0,23 24,1,45,,52632,22,0,23 24,1,100,,52633,22,0,23 24,1,100,,52634,22,0,23 24,1,100,,52635,22,0,23 24,1,99,,52639,22,,,1,100,,52640,22,,,1
700,'20260708',945,,52645,22,0,23 24,1,100,,52646,22,0,23 24,1,100,,52647,22,0,23 24,1,100,,52648,22,0,23 24,1,100,,52649,22,0,23 24,1,100,,52650,22,0,23 24,1,100,,52656,22,,,1,100,,52657,22,,,1,70,,52661,22,,,1,30,,52658,22,,,1,72,,52662,22,,,1,83,,52651,22,0,23 24,1,45,,52652,22,0,23 24,1,100,,52653,22,0,23 24,1,100,,52654,22,0,23 24,1,100,,52655,22,0,23 24,1,99,,52659,22,,,1,100,,52660,22,,,1
700,'20260709',945,,52665,22,0,23 24,1,100,,52666,22,0,23 24,1,100,,52667,22,0,23 24,1,100,,52668,22,0,23 24,1,100,,52669,22,0,23 24,1,100,,52670,22,0,23 24,1,100,,52676,22,,,1,100,,52677,22,,,1,70,,52681,22,,,1,30,,52678,22,,,1,72,,52682,22,,,1,83,,52671,22,0,23 24,1,45,,52672,22,0,23 24,1,100,,52673,22,0,23 24,1,100,,52674,22,0,23 24,1,100,,52675,22,0,23 24,1,99,,52679,22,,,1,100,,52680,22,,,1
700,'20260710',945,,52685,22,0,23 24,1,100,,52686,22,0,23 24,1,100,,52687,22,0,23 24,1,100,,52688,22,0,23 24,1,100,,52689,22,0,23 24,1,100,,52690,22,0,23 24,1,100,,52696,22,,,1,100,,52697,22,,,1,70,,52701,22,,,1,30,,52698,22,,,1,72,,52702,22,,,1,83,,52691,22,0,23 24,1,45,,52692,22,0,23 24,1,100,,52693,22,0,23 24,1,100,,52694,22,0,23 24,1,100,,52695,22,0,23 24,1,99,,52699,22,,,1,100,,52700,22,,,1
700,'20260711',944,,52703,22,0,23 24,1,100,,52704,22,0,23 24,1,100,,52705,22,0,23 24,1,100,,52706,22,0,23 24,1,100,,52707,22,0,23 24,1,100,,52708,22,0,23 24,1,100,,52709,22,0,23 24,1,100,,52710,22,0,23 24,1,100,,52711,22,0,23 24,1,100,,52712,22,0,23 24,1,100,,52713,22,0,23 24,1,100,,52714,22,0,23 24,1,100,,52715,22,,,1,100,,52716,22,,,1,100,,52717,22,,,1
700,'20260712',944,,52718,22,0,23 24,1,100,,52719,22,0,23 24,1,100,,52720,22,0,23 24,1,100,,52721,22,0,23 24,1,100,,52722,22,0,23 24,1,100,,52723,22,0,23 24,1,100,,52724,22,0,23 24,1,100,,52725,22,0,23 24,1,100,,52726,22,0,23 24,1,100,,52727,22,0,23 24,1,100,,52728,22,0,23 24,1,100,,52729,22,0,23 24,1,100,,52730,22,,,1,100,,52731,22,,,1,100,,52732,22,,,1
700,'20260713',945,,52735,22,0,23 24,1,100,,52736,22,0,23 24,1,100,,52737,22,0,23 24,1,100,,52738,22,0,23 24,1,100,,52739,22,0,23 24,1,100,,52740,22,0,23 24,1,100,,52746,22,,,1,100,,52747,22,,,1,70,,52751,22,,,1,30,,52748,22,,,1,72,,52752,22,,,1,83,,52741,22,0,23 24,1,45,,52742,22,0,23 24,1,100,,52743,22,0,23 24,1,100,,52744,22,0,23 24,1,100,,52745,22,0,23 24,1,99,,52749,22,,,1,100,,52750,22,,,1
700,'20260714',945,,52755,22,0,23 24,1,100,,52756,22,0,23 24,1,100,,52757,22,0,23 24,1,100,,52758,22,0,23 24,1,100,,52759,22,0,23 24,1,100,,52760,22,0,23 24,1,100,,52766,22,,,1,100,,52767,22,,,1,70,,52771,22,,,1,30,,52768,22,,,1,72,,52772,22,,,1,83,,52761,22,0,23 24,1,45,,52762,22,0,23 24,1,100,,52763,22,0,23 24,1,100,,52764,22,0,23 24,1,100,,52765,22,0,23 24,1,99,,52769,22,,,1,100,,52770,22,,,1
700,'20260715',945,,52775,22,0,23 24,1,100,,52776,22,0,23 24,1,100,,52777,22,0,23 24,1,100,,52778,22,0,23 24,1,100,,52779,22,0,23 24,1,100,,52780,22,0,23 24,1,100,,52786,22,,,1,100,,52787,22,,,1,70,,52791,22,,,1,30,,52788,22,,,1,72,,52792,22,,,1,83,,52781,22,0,23 24,1,45,,52782,22,0,23 24,1,100,,52783,22,0,23 24,1,100,,52784,22,0,23 24,1,100,,52785,22,0,23 24,1,99,,52789,22,,,1,100,,52790,22,,,1
700,'20260716',945,,52795,22,0,23 24,1,100,,52796,22,0,23 24,1,100,,52797,22,0,23 24,1,100,,52798,22,0,23 24,1,100,,52799,22,0,23 24,1,100,,52800,22,0,23 24,1,100,,52806,22,,,1,100,,52807,22,,,1,70,,52811,22,,,1,30,,52808,22,,,1,72,,52812,22,,,1,83,,52801,22,0,23 24,1,45,,52802,22,0,23 24,1,100,,52803,22,0,23 24,1,100,,52804,22,0,23 24,1,100,,52805,22,0,23 24,1,99,,52809,22,,,1,100,,52810,22,,,1
700,'20260717',945,,52815,22,0,23 24,1,100,,52816,22,0,23 24,1,100,,52817,22,0,23 24,1,100,,52818,22,0,23 24,1,100,,52819,22,0,23 24,1,100,,52820,22,0,23 24,1,100,,52826,22,,,1,100,,52827,22,,,1,70,,52831,22,,,1,30,,52828,22,,,1,72,,52832,22,,,1,83,,52821,22,0,23 24,1,45,,52822,22,0,23 24,1,100,,52823,22,0,23 24,1,100,,52824,22,0,23 24,1,100,,52825,22,0,23 24,1,99,,52829,22,,,1,100,,52830,22,,,1
700,'20260718',944,,52833,22,0,23 24,1,100,,52834,22,0,23 24,1,100,,52835,22,0,23 24,1,100,,52836,22,0,23 24,1,100,,52837,22,0,23 24,1,100,,52838,22,0,23 24,1,100,,52839,22,0,23 24,1,100,,52840,22,0,23 24,1,100,,52841,22,0,23 24,1,100,,52842,22,0,23 24,1,100,,52843,22,0,23 24,1,100,,52844,22,0,23 24,1,100,,52845,22,,,1,100,,52846,22,,,1,100,,52847,22,,,1
700,'20260719',944,,52848,22,0,23 24,1,100,,52849,22,0,23 24,1,100,,52850,22,0,23 24,1,100,,52851,22,0,23 24,1,100,,52852,22,0,23 24,1,100,,52853,22,0,23 24,1,100,,52854,22,0,23 24,1,100,,52855,22,0,23 24,1,100,,52856,22,0,23 24,1,100,,52857,22,0,23 24,1,100,,52858,22,0,23 24,1,100,,52859,22,0,23 24,1,100,,52860,22,,,1,100,,52861,22,,,1,100,,52862,22,,,1
700,'20260720',945,,52865,22,0,23 24,1,100,,52866,22,0,23 24,1,100,,52867,22,0,23 24,1,100,,52868,22,0,23 24,1,100,,52869,22,0,23 24,1,100,,52870,22,0,23 24,1,100,,52876,22,,,1,100,,52877,22,,,1,70,,52881,22,,,1,30,,52878,22,,,1,72,,52882,22,,,1,83,,52871,22,0,23 24,1,45,,52872,22,0,23 24,1,100,,52873,22,0,23 24,1,100,,52874,22,0,23 24,1,100,,52875,22,0,23 24,1,99,,52879,22,,,1,100,,52880,22,,,1
700,'20260721',945,,52885,22,0,23 24,1,100,,52886,22,0,23 24,1,100,,52887,22,0,23 24,1,100,,52888,22,0,23 24,1,100,,52889,22,0,23 24,1,100,,52890,22,0,23 24,1,100,,52896,22,,,1,100,,52897,22,,,1,70,,52901,22,,,1,30,,52898,22,,,1,72,,52902,22,,,1,83,,52891,22,0,23 24,1,45,,52892,22,0,23 24,1,100,,52893,22,0,23 24,1,100,,52894,22,0,23 24,1,100,,52895,22,0,23 24,1,99,,52899,22,,,1,100,,52900,22,,,1
700,'20260722',945,,52905,22,0,23 24,1,100,,52906,22,0,23 24,1,100,,52907,22,0,23 24,1,100,,52908,22,0,23 24,1,100,,52909,22,0,23 24,1,100,,52910,22,0,23 24,1,100,,52916,22,,,1,100,,52917,22,,,1,70,,52921,22,,,1,30,,52918,22,,,1,72,,52922,22,,,1,83,,52911,22,0,23 24,1,45,,52912,22,0,23 24,1,100,,52913,22,0,23 24,1,100,,52914,22,0,23 24,1,100,,52915,22,0,23 24,1,99,,52919,22,,,1,100,,52920,22,,,1
700,'20260723',945,,52925,22,0,23 24,1,100,,52926,22,0,23 24,1,100,,52927,22,0,23 24,1,100,,52928,22,0,23 24,1,100,,52929,22,0,23 24,1,100,,52930,22,0,23 24,1,100,,52936,22,,,1,100,,52937,22,,,1,70,,52941,22,,,1,30,,52938,22,,,1,72,,52942,22,,,1,83,,52931,22,0,23 24,1,45,,52932,22,0,23 24,1,100,,52933,22,0,23 24,1,100,,52934,22,0,23 24,1,100,,52935,22,0,23 24,1,99,,52939,22,,,1,100,,52940,22,,,1
700,'20260724',945,,52945,22,0,23 24,1,100,,52946,22,0,23 24,1,100,,52947,22,0,23 24,1,100,,52948,22,0,23 24,1,100,,52949,22,0,23 24,1,100,,52950,22,0,23 24,1,100,,52956,22,,,1,100,,52957,22,,,1,70,,52961,22,,,1,30,,52958,22,,,1,72,,52962,22,,,1,83,,52951,22,0,23 24,1,45,,52952,22,0,23 24,1,100,,52953,22,0,23 24,1,100,,52954,22,0,23 24,1,100,,52955,22,0,23 24,1,99,,52959,22,,,1,100,,52960,22,,,1
700,'20260725',944,,52963,22,0,23 24,1,100,,52964,22,0,23 24,1,100,,52965,22,0,23 24,1,100,,52966,22,0,23 24,1,100,,52967,22,0,23 24,1,100,,52968,22,0,23 24,1,100,,52969,22,0,23 24,1,100,,52970,22,0,23 24,1,100,,52971,22,0,23 24,1,100,,52972,22,0,23 24,1,100,,52973,22,0,23 24,1,100,,52974,22,0,23 24,1,100,,52975,22,,,1,100,,52976,22,,,1,100,,52977,22,,,1
700,'20260726',944,,52978,22,0,23 24,1,100,,52979,22,0,23 24,1,100,,52980,22,0,23 24,1,100,,52981,22,0,23 24,1,100,,52982,22,0,23 24,1,100,,52983,22,0,23 24,1,100,,52984,22,0,23 24,1,100,,52985,22,0,23 24,1,100,,52986,22,0,23 24,1,100,,52987,22,0,23 24,1,100,,52988,22,0,23 24,1,100,,52989,22,0,23 24,1,100,,52990,22,,,1,100,,52991,22,,,1,100,,52992,22,,,1
700,'20260727',945,,52995,22,0,23 24,1,100,,52996,22,0,23 24,1,100,,52997,22,0,23 24,1,100,,52998,22,0,23 24,1,100,,52999,22,0,23 24,1,100,,53000,22,0,23 24,1,100,,53006,22,,,1,100,,53007,22,,,1,70,,53011,22,,,1,30,,53008,22,,,1,72,,53012,22,,,1,83,,53001,22,0,23 24,1,45,,53002,22,0,23 24,1,100,,53003,22,0,23 24,1,100,,53004,22,0,23 24,1,100,,53005,22,0,23 24,1,99,,53009,22,,,1,100,,53010,22,,,1
700,'20260728',945,,53015,22,0,23 24,1,100,,53016,22,0,23 24,1,100,,53017,22,0,23 24,1,100,,53018,22,0,23 24,1,100,,53019,22,0,23 24,1,100,,53020,22,0,23 24,1,100,,53026,22,,,1,100,,53027,22,,,1,70,,53031,22,,,1,30,,53028,22,,,1,72,,53032,22,,,1,83,,53021,22,0,23 24,1,45,,53022,22,0,23 24,1,100,,53023,22,0,23 24,1,100,,53024,22,0,23 24,1,100,,53025,22,0,23 24,1,99,,53029,22,,,1,100,,53030,22,,,1
700,'20260729',945,,53035,22,0,23 24,1,100,,53036,22,0,23 24,1,100,,53037,22,0,23 24,1,100,,53038,22,0,23 24,1,100,,53039,22,0,23 24,1,100,,53040,22,0,23 24,1,100,,53046,22,,,1,100,,53047,22,,,1,70,,53051,22,,,1,30,,53048,22,,,1,72,,53052,22,,,1,83,,53041,22,0,23 24,1,45,,53042,22,0,23 24,1,100,,53043,22,0,23 24,1,100,,53044,22,0,23 24,1,100,,53045,22,0,23 24,1,99,,53049,22,,,1,100,,53050,22,,,1
700,'20260730',945,,53055,22,0,23 24,1,100,,53056,22,0,23 24,1,100,,53057,22,0,23 24,1,100,,53058,22,0,23 24,1,100,,53059,22,0,23 24,1,100,,53060,22,0,23 24,1,100,,53066,22,,,1,100,,53067,22,,,1,70,,53071,22,,,1,30,,53068,22,,,1,72,,53072,22,,,1,83,,53061,22,0,23 24,1,45,,53062,22,0,23 24,1,100,,53063,22,0,23 24,1,100,,53064,22,0,23 24,1,100,,53065,22,0,23 24,1,99,,53069,22,,,1,100,,53070,22,,,1
700,'20260731',945,,53075,22,0,23 24,1,100,,53076,22,0,23 24,1,100,,53077,22,0,23 24,1,100,,53078,22,0,23 24,1,100,,53079,22,0,23 24,1,100,,53080,22,0,23 24,1,100,,53086,22,,,1,100,,53087,22,,,1,70,,53091,22,,,1,30,,53088,22,,,1,72,,53092,22,,,1,83,,53081,22,0,23 24,1,45,,53082,22,0,23 24,1,100,,53083,22,0,23 24,1,100,,53084,22,0,23 24,1,100,,53085,22,0,23 24,1,99,,53089,22,,,1,100,,53090,22,,,1
700,'20260801',944,,53093,22,0,23 24,1,100,,53094,22,0,23 24,1,100,,53095,22,0,23 24,1,100,,53096,22,0,23 24,1,100,,53097,22,0,23 24,1,100,,53098,22,0,23 24,1,100,,53099,22,0,23 24,1,100,,53100,22,0,23 24,1,100,,53101,22,0,23 24,1,100,,53102,22,0,23 24,1,100,,53103,22,0,23 24,1,100,,53104,22,0,23 24,1,100,,53105,22,,,1,100,,53106,22,,,1,100,,53107,22,,,1
700,'20260802',944,,53108,22,0,23 24,1,100,,53109,22,0,23 24,1,100,,53110,22,0,23 24,1,100,,53111,22,0,23 24,1,100,,53112,22,0,23 24,1,100,,53113,22,0,23 24,1,100,,53114,22,0,23 24,1,100,,53115,22,0,23 24,1,100,,53116,22,0,23 24,1,100,,53117,22,0,23 24,1,100,,53118,22,0,23 24,1,100,,53119,22,0,23 24,1,100,,53120,22,,,1,100,,53121,22,,,1,100,,53122,22,,,1
700,'20260803',945,,53125,22,0,23 24,1,100,,53126,22,0,23 24,1,100,,53127,22,0,23 24,1,100,,53128,22,0,23 24,1,100,,53129,22,0,23 24,1,100,,53130,22,0,23 24,1,100,,53136,22,,,1,100,,53137,22,,,1,70,,53141,22,,,1,30,,53138,22,,,1,72,,53142,22,,,1,83,,53131,22,0,23 24,1,45,,53132,22,0,23 24,1,100,,53133,22,0,23 24,1,100,,53134,22,0,23 24,1,100,,53135,22,0,23 24,1,99,,53139,22,,,1,100,,53140,22,,,1
700,'20260804',945,,53145,22,0,23 24,1,100,,53146,22,0,23 24,1,100,,53147,22,0,23 24,1,100,,53148,22,0,23 24,1,100,,53149,22,0,23 24,1,100,,53150,22,0,23 24,1,100,,53156,22,,,1,100,,53157,22,,,1,70,,53161,22,,,1,30,,53158,22,,,1,72,,53162,22,,,1,83,,53151,22,0,23 24,1,45,,53152,22,0,23 24,1,100,,53153,22,0,23 24,1,100,,53154,22,0,23 24,1,100,,53155,22,0,23 24,1,99,,53159,22,,,1,100,,53160,22,,,1
700,'20260805',945,,53165,22,0,23 24,1,100,,53166,22,0,23 24,1,100,,53167,22,0,23 24,1,100,,53168,22,0,23 24,1,100,,53169,22,0,23 24,1,100,,53170,22,0,23 24,1,100,,53176,22,,,1,100,,53177,22,,,1,70,,53181,22,,,1,30,,53178,22,,,1,72,,53182,22,,,1,83,,53171,22,0,23 24,1,45,,53172,22,0,23 24,1,100,,53173,22,0,23 24,1,100,,53174,22,0,23 24,1,100,,53175,22,0,23 24,1,99,,53179,22,,,1,100,,53180,22,,,1
700,'20260806',945,,53185,22,0,23 24,1,100,,53186,22,0,23 24,1,100,,53187,22,0,23 24,1,100,,53188,22,0,23 24,1,100,,53189,22,0,23 24,1,100,,53190,22,0,23 24,1,100,,53196,22,,,1,100,,53197,22,,,1,70,,53201,22,,,1,30,,53198,22,,,1,72,,53202,22,,,1,83,,53191,22,0,23 24,1,45,,53192,22,0,23 24,1,100,,53193,22,0,23 24,1,100,,53194,22,0,23 24,1,100,,53195,22,0,23 24,1,99,,53199,22,,,1,100,,53200,22,,,1
700,'20260807',945,,53205,22,0,23 24,1,100,,53206,22,0,23 24,1,100,,53207,22,0,23 24,1,100,,53208,22,0,23 24,1,100,,53209,22,0,23 24,1,100,,53210,22,0,23 24,1,100,,53216,22,,,1,100,,53217,22,,,1,70,,53221,22,,,1,30,,53218,22,,,1,72,,53222,22,,,1,83,,53211,22,0,23 24,1,45,,53212,22,0,23 24,1,100,,53213,22,0,23 24,1,100,,53214,22,0,23 24,1,100,,53215,22,0,23 24,1,99,,53219,22,,,1,100,,53220,22,,,1
700,'20260808',944,,53223,22,0,23 24,1,100,,53224,22,0,23 24,1,100,,53225,22,0,23 24,1,100,,53226,22,0,23 24,1,100,,53227,22,0,23 24,1,100,,53228,22,0,23 24,1,100,,53229,22,0,23 24,1,100,,53230,22,0,23 24,1,100,,53231,22,0,23 24,1,100,,53232,22,0,23 24,1,100,,53233,22,0,23 24,1,100,,53234,22,0,23 24,1,100,,53235,22,,,1,100,,53236,22,,,1,100,,53237,22,,,1
700,'20260809',944,,53238,22,0,23 24,1,100,,53239,22,0,23 24,1,100,,53240,22,0,23 24,1,100,,53241,22,0,23 24,1,100,,53242,22,0,23 24,1,100,,53243,22,0,23 24,1,100,,53244,22,0,23 24,1,100,,53245,22,0,23 24,1,100,,53246,22,0,23 24,1,100,,53247,22,0,23 24,1,100,,53248,22,0,23 24,1,100,,53249,22,0,23 24,1,100,,53250,22,,,1,100,,53251,22,,,1,100,,53252,22,,,1
700,'20260810',945,,53255,22,0,23 24,1,100,,53256,22,0,23 24,1,100,,53257,22,0,23 24,1,100,,53258,22,0,23 24,1,100,,53259,22,0,23 24,1,100,,53260,22,0,23 24,1,100,,53266,22,,,1,100,,53267,22,,,1,70,,53271,22,,,1,30,,53268,22,,,1,72,,53272,22,,,1,83,,53261,22,0,23 24,1,45,,53262,22,0,23 24,1,100,,53263,22,0,23 24,1,100,,53264,22,0,23 24,1,100,,53265,22,0,23 24,1,99,,53269,22,,,1,100,,53270,22,,,1
700,'20260811',945,,53275,22,0,23 24,1,100,,53276,22,0,23 24,1,100,,53277,22,0,23 24,1,100,,53278,22,0,23 24,1,100,,53279,22,0,23 24,1,100,,53280,22,0,23 24,1,100,,53286,22,,,1,100,,53287,22,,,1,70,,53291,22,,,1,30,,53288,22,,,1,72,,53292,22,,,1,83,,53281,22,0,23 24,1,45,,53282,22,0,23 24,1,100,,53283,22,0,23 24,1,100,,53284,22,0,23 24,1,100,,53285,22,0,23 24,1,99,,53289,22,,,1,100,,53290,22,,,1
700,'20260812',945,,53295,22,0,23 24,1,100,,53296,22,0,23 24,1,100,,53297,22,0,23 24,1,100,,53298,22,0,23 24,1,100,,53299,22,0,23 24,1,100,,53300,22,0,23 24,1,100,,53306,22,,,1,100,,53307,22,,,1,70,,53311,22,,,1,30,,53308,22,,,1,72,,53312,22,,,1,83,,53301,22,0,23 24,1,45,,53302,22,0,23 24,1,100,,53303,22,0,23 24,1,100,,53304,22,0,23 24,1,100,,53305,22,0,23 24,1,99,,53309,22,,,1,100,,53310,22,,,1
700,'20260813',945,,53315,22,0,23 24,1,100,,53316,22,0,23 24,1,100,,53317,22,0,23 24,1,100,,53318,22,0,23 24,1,100,,53319,22,0,23 24,1,100,,53320,22,0,23 24,1,100,,53326,22,,,1,100,,53327,22,,,1,70,,53331,22,,,1,30,,53328,22,,,1,72,,53332,22,,,1,83,,53321,22,0,23 24,1,45,,53322,22,0,23 24,1,100,,53323,22,0,23 24,1,100,,53324,22,0,23 24,1,100,,53325,22,0,23 24,1,99,,53329,22,,,1,100,,53330,22,,,1
700,'20260814',945,,53335,22,0,23 24,1,100,,53336,22,0,23 24,1,100,,53337,22,0,23 24,1,100,,53338,22,0,23 24,1,100,,53339,22,0,23 24,1,100,,53340,22,0,23 24,1,100,,53346,22,,,1,100,,53347,22,,,1,70,,53351,22,,,1,30,,53348,22,,,1,72,,53352,22,,,1,83,,53341,22,0,23 24,1,45,,53342,22,0,23 24,1,100,,53343,22,0,23 24,1,100,,53344,22,0,23 24,1,100,,53345,22,0,23 24,1,99,,53349,22,,,1,100,,53350,22,,,1
700,'20260815',944,,53353,22,0,23 24,1,100,,53354,22,0,23 24,1,100,,53355,22,0,23 24,1,100,,53356,22,0,23 24,1,100,,53357,22,0,23 24,1,100,,53358,22,0,23 24,1,100,,53359,22,0,23 24,1,100,,53360,22,0,23 24,1,100,,53361,22,0,23 24,1,100,,53362,22,0,23 24,1,100,,53363,22,0,23 24,1,100,,53364,22,0,23 24,1,100,,53365,22,,,1,100,,53366,22,,,1,100,,53367,22,,,1
700,'20260816',944,,53368,22,0,23 24,1,100,,53369,22,0,23 24,1,100,,53370,22,0,23 24,1,100,,53371,22,0,23 24,1,100,,53372,22,0,23 24,1,100,,53373,22,0,23 24,1,100,,53374,22,0,23 24,1,100,,53375,22,0,23 24,1,100,,53376,22,0,23 24,1,100,,53377,22,0,23 24,1,100,,53378,22,0,23 24,1,100,,53379,22,0,23 24,1,100,,53380,22,,,1,100,,53381,22,,,1,100,,53382,22,,,1
700,'20260817',945,,53385,22,0,23 24,1,100,,53386,22,0,23 24,1,100,,53387,22,0,23 24,1,100,,53388,22,0,23 24,1,100,,53389,22,0,23 24,1,100,,53390,22,0,23 24,1,100,,53396,22,,,1,100,,53397,22,,,1,70,,53401,22,,,1,30,,53398,22,,,1,72,,53402,22,,,1,83,,53391,22,0,23 24,1,45,,53392,22,0,23 24,1,100,,53393,22,0,23 24,1,100,,53394,22,0,23 24,1,100,,53395,22,0,23 24,1,99,,53399,22,,,1,100,,53400,22,,,1
700,'20260818',945,,53405,22,0,23 24,1,100,,53406,22,0,23 24,1,100,,53407,22,0,23 24,1,100,,53408,22,0,23 24,1,100,,53409,22,0,23 24,1,100,,53410,22,0,23 24,1,100,,53416,22,,,1,100,,53417,22,,,1,70,,53421,22,,,1,30,,53418,22,,,1,72,,53422,22,,,1,83,,53411,22,0,23 24,1,45,,53412,22,0,23 24,1,100,,53413,22,0,23 24,1,100,,53414,22,0,23 24,1,100,,53415,22,0,23 24,1,99,,53419,22,,,1,100,,53420,22,,,1
700,'20260819',945,,53425,22,0,23 24,1,100,,53426,22,0,23 24,1,100,,53427,22,0,23 24,1,100,,53428,22,0,23 24,1,100,,53429,22,0,23 24,1,100,,53430,22,0,23 24,1,100,,53436,22,,,1,100,,53437,22,,,1,70,,53441,22,,,1,30,,53438,22,,,1,72,,53442,22,,,1,83,,53431,22,0,23 24,1,45,,53432,22,0,23 24,1,100,,53433,22,0,23 24,1,100,,53434,22,0,23 24,1,100,,53435,22,0,23 24,1,99,,53439,22,,,1,100,,53440,22,,,1
700,'20260820',945,,53445,22,0,23 24,1,100,,53446,22,0,23 24,1,100,,53447,22,0,23 24,1,100,,53448,22,0,23 24,1,100,,53449,22,0,23 24,1,100,,53450,22,0,23 24,1,100,,53456,22,,,1,100,,53457,22,,,1,70,,53461,22,,,1,30,,53458,22,,,1,72,,53462,22,,,1,83,,53451,22,0,23 24,1,45,,53452,22,0,23 24,1,100,,53453,22,0,23 24,1,100,,53454,22,0,23 24,1,100,,53455,22,0,23 24,1,99,,53459,22,,,1,100,,53460,22,,,1
700,'20260821',945,,53465,22,0,23 24,1,100,,53466,22,0,23 24,1,100,,53467,22,0,23 24,1,100,,53468,22,0,23 24,1,100,,53469,22,0,23 24,1,100,,53470,22,0,23 24,1,100,,53476,22,,,1,100,,53477,22,,,1,70,,53481,22,,,1,30,,53478,22,,,1,72,,53482,22,,,1,83,,53471,22,0,23 24,1,45,,53472,22,0,23 24,1,100,,53473,22,0,23 24,1,100,,53474,22,0,23 24,1,100,,53475,22,0,23 24,1,99,,53479,22,,,1,100,,53480,22,,,1
700,'20260822',944,,53483,22,0,23 24,1,100,,53484,22,0,23 24,1,100,,53485,22,0,23 24,1,100,,53486,22,0,23 24,1,100,,53487,22,0,23 24,1,100,,53488,22,0,23 24,1,100,,53489,22,0,23 24,1,100,,53490,22,0,23 24,1,100,,53491,22,0,23 24,1,100,,53492,22,0,23 24,1,100,,53493,22,0,23 24,1,100,,53494,22,0,23 24,1,100,,53495,22,,,1,100,,53496,22,,,1,100,,53497,22,,,1
700,'20260823',944,,53498,22,0,23 24,1,100,,53499,22,0,23 24,1,100,,53500,22,0,23 24,1,100,,53501,22,0,23 24,1,100,,53502,22,0,23 24,1,100,,53503,22,0,23 24,1,100,,53504,22,0,23 24,1,100,,53505,22,0,23 24,1,100,,53506,22,0,23 24,1,100,,53507,22,0,23 24,1,100,,53508,22,0,23 24,1,100,,53509,22,0,23 24,1,100,,53510,22,,,1,100,,53511,22,,,1,100,,53512,22,,,1
700,'20260824',945,,53515,22,0,23 24,1,100,,53516,22,0,23 24,1,100,,53517,22,0,23 24,1,100,,53518,22,0,23 24,1,100,,53519,22,0,23 24,1,100,,53520,22,0,23 24,1,100,,53526,22,,,1,100,,53527,22,,,1,70,,53531,22,,,1,30,,53528,22,,,1,72,,53532,22,,,1,83,,53521,22,0,23 24,1,45,,53522,22,0,23 24,1,100,,53523,22,0,23 24,1,100,,53524,22,0,23 24,1,100,,53525,22,0,23 24,1,99,,53529,22,,,1,100,,53530,22,,,1
700,'20260825',945,,53535,22,0,23 24,1,100,,53536,22,0,23 24,1,100,,53537,22,0,23 24,1,100,,53538,22,0,23 24,1,100,,53539,22,0,23 24,1,100,,53540,22,0,23 24,1,100,,53546,22,,,1,100,,53547,22,,,1,70,,53551,22,,,1,30,,53548,22,,,1,72,,53552,22,,,1,83,,53541,22,0,23 24,1,45,,53542,22,0,23 24,1,100,,53543,22,0,23 24,1,100,,53544,22,0,23 24,1,100,,53545,22,0,23 24,1,99,,53549,22,,,1,100,,53550,22,,,1
700,'20260826',945,,53555,22,0,23 24,1,100,,53556,22,0,23 24,1,100,,53557,22,0,23 24,1,100,,53558,22,0,23 24,1,100,,53559,22,0,23 24,1,100,,53560,22,0,23 24,1,100,,53566,22,,,1,100,,53567,22,,,1,70,,53571,22,,,1,30,,53568,22,,,1,72,,53572,22,,,1,83,,53561,22,0,23 24,1,45,,53562,22,0,23 24,1,100,,53563,22,0,23 24,1,100,,53564,22,0,23 24,1,100,,53565,22,0,23 24,1,99,,53569,22,,,1,100,,53570,22,,,1
700,'20260827',945,,53575,22,0,23 24,1,100,,53576,22,0,23 24,1,100,,53577,22,0,23 24,1,100,,53578,22,0,23 24,1,100,,53579,22,0,23 24,1,100,,53580,22,0,23 24,1,100,,53586,22,,,1,100,,53587,22,,,1,70,,53591,22,,,1,30,,53588,22,,,1,72,,53592,22,,,1,83,,53581,22,0,23 24,1,45,,53582,22,0,23 24,1,100,,53583,22,0,23 24,1,100,,53584,22,0,23 24,1,100,,53585,22,0,23 24,1,99,,53589,22,,,1,100,,53590,22,,,1
700,'20260828',945,,53595,22,0,23 24,1,100,,53596,22,0,23 24,1,100,,53597,22,0,23 24,1,100,,53598,22,0,23 24,1,100,,53599,22,0,23 24,1,100,,53600,22,0,23 24,1,100,,53606,22,,,1,100,,53607,22,,,1,70,,53611,22,,,1,30,,53608,22,,,1,72,,53612,22,,,1,83,,53601,22,0,23 24,1,45,,53602,22,0,23 24,1,100,,53603,22,0,23 24,1,100,,53604,22,0,23 24,1,100,,53605,22,0,23 24,1,99,,53609,22,,,1,100,,53610,22,,,1
700,'20260829',944,,53613,22,0,23 24,1,100,,53614,22,0,23 24,1,100,,53615,22,0,23 24,1,100,,53616,22,0,23 24,1,100,,53617,22,0,23 24,1,100,,53618,22,0,23 24,1,100,,53619,22,0,23 24,1,100,,53620,22,0,23 24,1,100,,53621,22,0,23 24,1,100,,53622,22,0,23 24,1,100,,53623,22,0,23 24,1,100,,53624,22,0,23 24,1,100,,53625,22,,,1,100,,53626,22,,,1,100,,53627,22,,,1
700,'20260830',944,,53628,22,0,23 24,1,100,,53629,22,0,23 24,1,100,,53630,22,0,23 24,1,100,,53631,22,0,23 24,1,100,,53632,22,0,23 24,1,100,,53633,22,0,23 24,1,100,,53634,22,0,23 24,1,100,,53635,22,0,23 24,1,100,,53636,22,0,23 24,1,100,,53637,22,0,23 24,1,100,,53638,22,0,23 24,1,100,,53639,22,0,23 24,1,100,,53640,22,,,1,100,,53641,22,,,1,100,,53642,22,,,1
700,'20260831',945,,53645,22,0,23 24,1,100,,53646,22,0,23 24,1,100,,53647,22,0,23 24,1,100,,53648,22,0,23 24,1,100,,53649,22,0,23 24,1,100,,53650,22,0,23 24,1,100,,53656,22,,,1,100,,53657,22,,,1,70,,53661,22,,,1,30,,53658,22,,,1,72,,53662,22,,,1,83,,53651,22,0,23 24,1,45,,53652,22,0,23 24,1,100,,53653,22,0,23 24,1,100,,53654,22,0,23 24,1,100,,53655,22,0,23 24,1,99,,53659,22,,,1,100,,53660,22,,,1
700,'20260901',945,,53665,22,0,23 24,1,100,,53666,22,0,23 24,1,100,,53667,22,0,23 24,1,100,,53668,22,0,23 24,1,100,,53669,22,0,23 24,1,100,,53670,22,0,23 24,1,100,,53676,22,,,1,100,,53677,22,,,1,70,,53681,22,,,1,30,,53678,22,,,1,72,,53682,22,,,1,83,,53671,22,0,23 24,1,45,,53672,22,0,23 24,1,100,,53673,22,0,23 24,1,100,,53674,22,0,23 24,1,100,,53675,22,0,23 24,1,99,,53679,22,,,1,100,,53680,22,,,1
700,'20260902',945,,53685,22,0,23 24,1,100,,53686,22,0,23 24,1,100,,53687,22,0,23 24,1,100,,53688,22,0,23 24,1,100,,53689,22,0,23 24,1,100,,53690,22,0,23 24,1,100,,53696,22,,,1,100,,53697,22,,,1,70,,53701,22,,,1,30,,53698,22,,,1,72,,53702,22,,,1,83,,53691,22,0,23 24,1,45,,53692,22,0,23 24,1,100,,53693,22,0,23 24,1,100,,53694,22,0,23 24,1,100,,53695,22,0,23 24,1,99,,53699,22,,,1,100,,53700,22,,,1
700,'20260903',945,,53705,22,0,23 24,1,100,,53706,22,0,23 24,1,100,,53707,22,0,23 24,1,100,,53708,22,0,23 24,1,100,,53709,22,0,23 24,1,100,,53710,22,0,23 24,1,100,,53716,22,,,1,100,,53717,22,,,1,70,,53721,22,,,1,30,,53718,22,,,1,72,,53722,22,,,1,83,,53711,22,0,23 24,1,45,,53712,22,0,23 24,1,100,,53713,22,0,23 24,1,100,,53714,22,0,23 24,1,100,,53715,22,0,23 24,1,99,,53719,22,,,1,100,,53720,22,,,1
700,'20260904',945,,53725,22,0,23 24,1,100,,53726,22,0,23 24,1,100,,53727,22,0,23 24,1,100,,53728,22,0,23 24,1,100,,53729,22,0,23 24,1,100,,53730,22,0,23 24,1,100,,53736,22,,,1,100,,53737,22,,,1,70,,53741,22,,,1,30,,53738,22,,,1,72,,53742,22,,,1,83,,53731,22,0,23 24,1,45,,53732,22,0,23 24,1,100,,53733,22,0,23 24,1,100,,53734,22,0,23 24,1,100,,53735,22,0,23 24,1,99,,53739,22,,,1,100,,53740,22,,,1
701,'20260508',534,,26989,7,,,1,100,,26990,7,,,1,70,,26994,7,,,1,30,,26991,7,,,1,70,,26995,7,,,1,30,,26992,7,,,1,100,,26993,7,,,1,100,,26979,4,,,1,100,,26980,4,,,1,100,,26981,4,,,1,100,,26982,4,,,1,100,,26983,4,,,1,100,,26984,4,,,1,400,,26985,4,,,1,100,,26986,4,,,1,100,,26987,4,,,1,100,,26988,4,,,1
701,'20260509',735,,27008,7,,,1,100,,27009,7,,,1,100,,27010,7,,,1,100,,26996,4,,,1,100,,26997,4,,,1,100,,26998,4,,,1,100,,26999,4,,,1,100,,27000,4,,,1,100,,27001,4,,,1,100,,27002,4,,,1,100,,27003,4,,,1,100,,27004,4,,,1,100,,27005,4,,,1,100,,27006,4,,,1,100,,27007,4,,,1
701,'20260510',735,,27023,7,,,1,100,,27024,7,,,1,100,,27025,7,,,1,100,,27011,4,,,1,100,,27012,4,,,1,100,,27013,4,,,1,100,,27014,4,,,1,100,,27015,4,,,1,100,,27016,4,,,1,100,,27017,4,,,1,100,,27018,4,,,1,100,,27019,4,,,1,100,,27020,4,,,1,100,,27021,4,,,1,100,,27022,4,,,1
701,'20260511',534,,27038,7,,,1,100,,27039,7,,,1,70,,27043,7,,,1,30,,27040,7,,,1,70,,27044,7,,,1,30,,27041,7,,,1,100,,27042,7,,,1,100,,27028,4,,,1,100,,27029,4,,,1,100,,27030,4,,,1,100,,27031,4,,,1,100,,27032,4,,,1,100,,27033,4,,,1,400,,27034,4,,,1,100,,27035,4,,,1,100,,27036,4,,,1,100,,27037,4,,,1
701,'20260512',534,,27057,7,,,1,100,,27058,7,,,1,70,,27062,7,,,1,30,,27059,7,,,1,70,,27063,7,,,1,30,,27060,7,,,1,100,,27061,7,,,1,100,,27047,4,,,1,100,,27048,4,,,1,100,,27049,4,,,1,100,,27050,4,,,1,100,,27051,4,,,1,100,,27052,4,,,1,400,,27053,4,,,1,100,,27054,4,,,1,100,,27055,4,,,1,100,,27056,4,,,1
701,'20260513',534,,27076,7,,,1,100,,27077,7,,,1,70,,27081,7,,,1,30,,27078,7,,,1,70,,27082,7,,,1,30,,27079,7,,,1,100,,27080,7,,,1,100,,27066,4,,,1,100,,27067,4,,,1,100,,27068,4,,,1,100,,27069,4,,,1,100,,27070,4,,,1,100,,27071,4,,,1,400,,27072,4,,,1,100,,27073,4,,,1,100,,27074,4,,,1,100,,27075,4,,,1
701,'20260514',534,,27095,7,,,1,100,,27096,7,,,1,70,,27100,7,,,1,30,,27097,7,,,1,70,,27101,7,,,1,30,,27098,7,,,1,100,,27099,7,,,1,100,,27085,4,,,1,100,,27086,4,,,1,100,,27087,4,,,1,100,,27088,4,,,1,100,,27089,4,,,1,100,,27090,4,,,1,400,,27091,4,,,1,100,,27092,4,,,1,100,,27093,4,,,1,100,,27094,4,,,1
701,'20260515',534,,27114,7,,,1,100,,27115,7,,,1,70,,27119,7,,,1,30,,27116,7,,,1,70,,27120,7,,,1,30,,27117,7,,,1,100,,27118,7,,,1,100,,27104,4,,,1,100,,27105,4,,,1,100,,27106,4,,,1,100,,27107,4,,,1,100,,27108,4,,,1,100,,27109,4,,,1,400,,27110,4,,,1,100,,27111,4,,,1,100,,27112,4,,,1,100,,27113,4,,,1
701,'20260516',735,,27133,7,,,1,100,,27134,7,,,1,100,,27135,7,,,1,100,,27121,4,,,1,100,,27122,4,,,1,100,,27123,4,,,1,100,,27124,4,,,1,100,,27125,4,,,1,100,,27126,4,,,1,100,,27127,4,,,1,100,,27128,4,,,1,100,,27129,4,,,1,100,,27130,4,,,1,100,,27131,4,,,1,100,,27132,4,,,1
701,'20260517',735,,27148,7,,,1,100,,27149,7,,,1,100,,27150,7,,,1,100,,27136,4,,,1,100,,27137,4,,,1,100,,27138,4,,,1,100,,27139,4,,,1,100,,27140,4,,,1,100,,27141,4,,,1,100,,27142,4,,,1,100,,27143,4,,,1,100,,27144,4,,,1,100,,27145,4,,,1,100,,27146,4,,,1,100,,27147,4,,,1
701,'20260518',735,,27163,7,,,1,100,,27164,7,,,1,100,,27165,7,,,1,100,,27151,4,,,1,100,,27152,4,,,1,100,,27153,4,,,1,100,,27154,4,,,1,100,,27155,4,,,1,100,,27156,4,,,1,100,,27157,4,,,1,100,,27158,4,,,1,100,,27159,4,,,1,100,,27160,4,,,1,100,,27161,4,,,1,100,,27162,4,,,1
701,'20260519',534,,27178,7,,,1,100,,27179,7,,,1,70,,27183,7,,,1,30,,27180,7,,,1,70,,27184,7,,,1,30,,27181,7,,,1,100,,27182,7,,,1,100,,27168,4,,,1,100,,27169,4,,,1,100,,27170,4,,,1,100,,27171,4,,,1,100,,27172,4,,,1,100,,27173,4,,,1,400,,27174,4,,,1,100,,27175,4,,,1,100,,27176,4,,,1,100,,27177,4,,,1
701,'20260520',534,,27197,7,,,1,100,,27198,7,,,1,70,,27202,7,,,1,30,,27199,7,,,1,70,,27203,7,,,1,30,,27200,7,,,1,100,,27201,7,,,1,100,,27187,4,,,1,100,,27188,4,,,1,100,,27189,4,,,1,100,,27190,4,,,1,100,,27191,4,,,1,100,,27192,4,,,1,400,,27193,4,,,1,100,,27194,4,,,1,100,,27195,4,,,1,100,,27196,4,,,1
701,'20260521',534,,27216,7,,,1,100,,27217,7,,,1,70,,27221,7,,,1,30,,27218,7,,,1,70,,27222,7,,,1,30,,27219,7,,,1,100,,27220,7,,,1,100,,27206,4,,,1,100,,27207,4,,,1,100,,27208,4,,,1,100,,27209,4,,,1,100,,27210,4,,,1,100,,27211,4,,,1,400,,27212,4,,,1,100,,27213,4,,,1,100,,27214,4,,,1,100,,27215,4,,,1
701,'20260522',534,,27235,7,,,1,100,,27236,7,,,1,70,,27240,7,,,1,30,,27237,7,,,1,70,,27241,7,,,1,30,,27238,7,,,1,100,,27239,7,,,1,100,,27225,4,,,1,100,,27226,4,,,1,100,,27227,4,,,1,100,,27228,4,,,1,100,,27229,4,,,1,100,,27230,4,,,1,400,,27231,4,,,1,100,,27232,4,,,1,100,,27233,4,,,1,100,,27234,4,,,1
701,'20260523',735,,27254,7,,,1,100,,27255,7,,,1,100,,27256,7,,,1,100,,27242,4,,,1,100,,27243,4,,,1,100,,27244,4,,,1,100,,27245,4,,,1,100,,27246,4,,,1,100,,27247,4,,,1,100,,27248,4,,,1,100,,27249,4,,,1,100,,27250,4,,,1,100,,27251,4,,,1,100,,27252,4,,,1,100,,27253,4,,,1
701,'20260524',735,,27269,7,,,1,100,,27270,7,,,1,100,,27271,7,,,1,100,,27257,4,,,1,100,,27258,4,,,1,100,,27259,4,,,1,100,,27260,4,,,1,100,,27261,4,,,1,100,,27262,4,,,1,100,,27263,4,,,1,100,,27264,4,,,1,100,,27265,4,,,1,100,,27266,4,,,1,100,,27267,4,,,1,100,,27268,4,,,1
701,'20260525',534,,27284,7,,,1,100,,27285,7,,,1,70,,27289,7,,,1,30,,27286,7,,,1,70,,27290,7,,,1,30,,27287,7,,,1,100,,27288,7,,,1,100,,27274,4,,,1,100,,27275,4,,,1,100,,27276,4,,,1,100,,27277,4,,,1,100,,27278,4,,,1,100,,27279,4,,,1,400,,27280,4,,,1,100,,27281,4,,,1,100,,27282,4,,,1,100,,27283,4,,,1
701,'20260526',534,,27303,7,,,1,100,,27304,7,,,1,70,,27308,7,,,1,30,,27305,7,,,1,70,,27309,7,,,1,30,,27306,7,,,1,100,,27307,7,,,1,100,,27293,4,,,1,100,,27294,4,,,1,100,,27295,4,,,1,100,,27296,4,,,1,100,,27297,4,,,1,100,,27298,4,,,1,400,,27299,4,,,1,100,,27300,4,,,1,100,,27301,4,,,1,100,,27302,4,,,1
701,'20260527',534,,27322,7,,,1,100,,27323,7,,,1,70,,27327,7,,,1,30,,27324,7,,,1,70,,27328,7,,,1,30,,27325,7,,,1,100,,27326,7,,,1,100,,27312,4,,,1,100,,27313,4,,,1,100,,27314,4,,,1,100,,27315,4,,,1,100,,27316,4,,,1,100,,27317,4,,,1,400,,27318,4,,,1,100,,27319,4,,,1,100,,27320,4,,,1,100,,27321,4,,,1
701,'20260528',534,,27341,7,,,1,100,,27342,7,,,1,70,,27346,7,,,1,30,,27343,7,,,1,70,,27347,7,,,1,30,,27344,7,,,1,100,,27345,7,,,1,100,,27331,4,,,1,100,,27332,4,,,1,100,,27333,4,,,1,100,,27334,4,,,1,100,,27335,4,,,1,100,,27336,4,,,1,400,,27337,4,,,1,100,,27338,4,,,1,100,,27339,4,,,1,100,,27340,4,,,1
701,'20260529',534,,27360,7,,,1,100,,27361,7,,,1,70,,27365,7,,,1,30,,27362,7,,,1,70,,27366,7,,,1,30,,27363,7,,,1,100,,27364,7,,,1,100,,27350,4,,,1,100,,27351,4,,,1,100,,27352,4,,,1,100,,27353,4,,,1,100,,27354,4,,,1,100,,27355,4,,,1,400,,27356,4,,,1,100,,27357,4,,,1,100,,27358,4,,,1,100,,27359,4,,,1
701,'20260530',735,,27379,7,,,1,100,,27380,7,,,1,100,,27381,7,,,1,100,,27367,4,,,1,100,,27368,4,,,1,100,,27369,4,,,1,100,,27370,4,,,1,100,,27371,4,,,1,100,,27372,4,,,1,100,,27373,4,,,1,100,,27374,4,,,1,100,,27375,4,,,1,100,,27376,4,,,1,100,,27377,4,,,1,100,,27378,4,,,1
701,'20260531',735,,27394,7,,,1,100,,27395,7,,,1,100,,27396,7,,,1,100,,27382,4,,,1,100,,27383,4,,,1,100,,27384,4,,,1,100,,27385,4,,,1,100,,27386,4,,,1,100,,27387,4,,,1,100,,27388,4,,,1,100,,27389,4,,,1,100,,27390,4,,,1,100,,27391,4,,,1,100,,27392,4,,,1,100,,27393,4,,,1
701,'20260601',534,,27409,7,,,1,100,,27410,7,,,1,70,,27414,7,,,1,30,,27411,7,,,1,70,,27415,7,,,1,30,,27412,7,,,1,100,,27413,7,,,1,100,,27399,4,,,1,100,,27400,4,,,1,100,,27401,4,,,1,100,,27402,4,,,1,100,,27403,4,,,1,100,,27404,4,,,1,400,,27405,4,,,1,100,,27406,4,,,1,100,,27407,4,,,1,100,,27408,4,,,1
701,'20260602',534,,27428,7,,,1,100,,27429,7,,,1,70,,27433,7,,,1,30,,27430,7,,,1,70,,27434,7,,,1,30,,27431,7,,,1,100,,27432,7,,,1,100,,27418,4,,,1,100,,27419,4,,,1,100,,27420,4,,,1,100,,27421,4,,,1,100,,27422,4,,,1,100,,27423,4,,,1,400,,27424,4,,,1,100,,27425,4,,,1,100,,27426,4,,,1,100,,27427,4,,,1
701,'20260603',534,,27447,7,,,1,100,,27448,7,,,1,70,,27452,7,,,1,30,,27449,7,,,1,70,,27453,7,,,1,30,,27450,7,,,1,100,,27451,7,,,1,100,,27437,4,,,1,100,,27438,4,,,1,100,,27439,4,,,1,100,,27440,4,,,1,100,,27441,4,,,1,100,,27442,4,,,1,400,,27443,4,,,1,100,,27444,4,,,1,100,,27445,4,,,1,100,,27446,4,,,1
701,'20260604',534,,27466,7,,,1,100,,27467,7,,,1,70,,27471,7,,,1,30,,27468,7,,,1,70,,27472,7,,,1,30,,27469,7,,,1,100,,27470,7,,,1,100,,27456,4,,,1,100,,27457,4,,,1,100,,27458,4,,,1,100,,27459,4,,,1,100,,27460,4,,,1,100,,27461,4,,,1,400,,27462,4,,,1,100,,27463,4,,,1,100,,27464,4,,,1,100,,27465,4,,,1
701,'20260605',534,,27485,7,,,1,100,,27486,7,,,1,70,,27490,7,,,1,30,,27487,7,,,1,70,,27491,7,,,1,30,,27488,7,,,1,100,,27489,7,,,1,100,,27475,4,,,1,100,,27476,4,,,1,100,,27477,4,,,1,100,,27478,4,,,1,100,,27479,4,,,1,100,,27480,4,,,1,400,,27481,4,,,1,100,,27482,4,,,1,100,,27483,4,,,1,100,,27484,4,,,1
701,'20260608',534,,27534,7,,,1,100,,27535,7,,,1,70,,27539,7,,,1,30,,27536,7,,,1,70,,27540,7,,,1,30,,27537,7,,,1,100,,27538,7,,,1,100,,27524,4,,,1,100,,27525,4,,,1,100,,27526,4,,,1,100,,27527,4,,,1,100,,27528,4,,,1,100,,27529,4,,,1,400,,27530,4,,,1,100,,27531,4,,,1,100,,27532,4,,,1,100,,27533,4,,,1
701,'20260609',534,,27553,7,,,1,100,,27554,7,,,1,70,,27558,7,,,1,30,,27555,7,,,1,70,,27559,7,,,1,30,,27556,7,,,1,100,,27557,7,,,1,100,,27543,4,,,1,100,,27544,4,,,1,100,,27545,4,,,1,100,,27546,4,,,1,100,,27547,4,,,1,100,,27548,4,,,1,400,,27549,4,,,1,100,,27550,4,,,1,100,,27551,4,,,1,100,,27552,4,,,1
701,'20260610',534,,27572,7,,,1,100,,27573,7,,,1,70,,27577,7,,,1,30,,27574,7,,,1,70,,27578,7,,,1,30,,27575,7,,,1,100,,27576,7,,,1,100,,27562,4,,,1,100,,27563,4,,,1,100,,27564,4,,,1,100,,27565,4,,,1,100,,27566,4,,,1,100,,27567,4,,,1,400,,27568,4,,,1,100,,27569,4,,,1,100,,27570,4,,,1,100,,27571,4,,,1
701,'20260611',534,,27591,7,,,1,100,,27592,7,,,1,70,,27596,7,,,1,30,,27593,7,,,1,70,,27597,7,,,1,30,,27594,7,,,1,100,,27595,7,,,1,100,,27581,4,,,1,100,,27582,4,,,1,100,,27583,4,,,1,100,,27584,4,,,1,100,,27585,4,,,1,100,,27586,4,,,1,400,,27587,4,,,1,100,,27588,4,,,1,100,,27589,4,,,1,100,,27590,4,,,1
701,'20260612',534,,27610,7,,,1,100,,27611,7,,,1,70,,27615,7,,,1,30,,27612,7,,,1,70,,27616,7,,,1,30,,27613,7,,,1,100,,27614,7,,,1,100,,27600,4,,,1,100,,27601,4,,,1,100,,27602,4,,,1,100,,27603,4,,,1,100,,27604,4,,,1,100,,27605,4,,,1,400,,27606,4,,,1,100,,27607,4,,,1,100,,27608,4,,,1,100,,27609,4,,,1
701,'20260613',735,,53758,7,,,1,100,,53759,7,,,1,100,,53760,7,,,1,100,,53746,4,,,1,100,,53747,4,,,1,100,,53748,4,,,1,100,,53749,4,,,1,100,,53750,4,,,1,100,,53751,4,,,1,100,,53752,4,,,1,100,,53753,4,,,1,100,,53754,4,,,1,100,,53755,4,,,1,100,,53756,4,,,1,100,,53757,4,,,1
701,'20260614',735,,53773,7,,,1,100,,53774,7,,,1,100,,53775,7,,,1,100,,53761,4,,,1,100,,53762,4,,,1,100,,53763,4,,,1,100,,53764,4,,,1,100,,53765,4,,,1,100,,53766,4,,,1,100,,53767,4,,,1,100,,53768,4,,,1,100,,53769,4,,,1,100,,53770,4,,,1,100,,53771,4,,,1,100,,53772,4,,,1
701,'20260615',534,,53789,7,,,1,100,,53790,7,,,1,70,,53794,7,,,1,30,,53791,7,,,1,70,,53795,7,,,1,30,,53792,7,,,1,100,,53793,7,,,1,100,,53779,4,,,1,100,,53780,4,,,1,100,,53781,4,,,1,100,,53782,4,,,1,100,,53783,4,,,1,100,,53784,4,,,1,400,,53785,4,,,1,100,,53786,4,,,1,100,,53787,4,,,1,100,,53788,4,,,1
701,'20260616',534,,53809,7,,,1,100,,53810,7,,,1,70,,53814,7,,,1,30,,53811,7,,,1,70,,53815,7,,,1,30,,53812,7,,,1,100,,53813,7,,,1,100,,53799,4,,,1,100,,53800,4,,,1,100,,53801,4,,,1,100,,53802,4,,,1,100,,53803,4,,,1,100,,53804,4,,,1,400,,53805,4,,,1,100,,53806,4,,,1,100,,53807,4,,,1,100,,53808,4,,,1
701,'20260617',534,,53829,7,,,1,100,,53830,7,,,1,70,,53834,7,,,1,30,,53831,7,,,1,70,,53835,7,,,1,30,,53832,7,,,1,100,,53833,7,,,1,100,,53819,4,,,1,100,,53820,4,,,1,100,,53821,4,,,1,100,,53822,4,,,1,100,,53823,4,,,1,100,,53824,4,,,1,400,,53825,4,,,1,100,,53826,4,,,1,100,,53827,4,,,1,100,,53828,4,,,1
701,'20260618',534,,53849,7,,,1,100,,53850,7,,,1,70,,53854,7,,,1,30,,53851,7,,,1,70,,53855,7,,,1,30,,53852,7,,,1,100,,53853,7,,,1,100,,53839,4,,,1,100,,53840,4,,,1,100,,53841,4,,,1,100,,53842,4,,,1,100,,53843,4,,,1,100,,53844,4,,,1,400,,53845,4,,,1,100,,53846,4,,,1,100,,53847,4,,,1,100,,53848,4,,,1
701,'20260619',534,,53869,7,,,1,100,,53870,7,,,1,70,,53874,7,,,1,30,,53871,7,,,1,70,,53875,7,,,1,30,,53872,7,,,1,100,,53873,7,,,1,100,,53859,4,,,1,100,,53860,4,,,1,100,,53861,4,,,1,100,,53862,4,,,1,100,,53863,4,,,1,100,,53864,4,,,1,400,,53865,4,,,1,100,,53866,4,,,1,100,,53867,4,,,1,100,,53868,4,,,1
701,'20260620',735,,53888,7,,,1,100,,53889,7,,,1,100,,53890,7,,,1,100,,53876,4,,,1,100,,53877,4,,,1,100,,53878,4,,,1,100,,53879,4,,,1,100,,53880,4,,,1,100,,53881,4,,,1,100,,53882,4,,,1,100,,53883,4,,,1,100,,53884,4,,,1,100,,53885,4,,,1,100,,53886,4,,,1,100,,53887,4,,,1
701,'20260621',735,,53903,7,,,1,100,,53904,7,,,1,100,,53905,7,,,1,100,,53891,4,,,1,100,,53892,4,,,1,100,,53893,4,,,1,100,,53894,4,,,1,100,,53895,4,,,1,100,,53896,4,,,1,100,,53897,4,,,1,100,,53898,4,,,1,100,,53899,4,,,1,100,,53900,4,,,1,100,,53901,4,,,1,100,,53902,4,,,1
701,'20260622',534,,53919,7,,,1,100,,53920,7,,,1,70,,53924,7,,,1,30,,53921,7,,,1,70,,53925,7,,,1,30,,53922,7,,,1,100,,53923,7,,,1,100,,53909,4,,,1,100,,53910,4,,,1,100,,53911,4,,,1,100,,53912,4,,,1,100,,53913,4,,,1,100,,53914,4,,,1,400,,53915,4,,,1,100,,53916,4,,,1,100,,53917,4,,,1,100,,53918,4,,,1
701,'20260623',534,,53939,7,,,1,100,,53940,7,,,1,70,,53944,7,,,1,30,,53941,7,,,1,70,,53945,7,,,1,30,,53942,7,,,1,100,,53943,7,,,1,100,,53929,4,,,1,100,,53930,4,,,1,100,,53931,4,,,1,100,,53932,4,,,1,100,,53933,4,,,1,100,,53934,4,,,1,400,,53935,4,,,1,100,,53936,4,,,1,100,,53937,4,,,1,100,,53938,4,,,1
701,'20260624',534,,53959,7,,,1,100,,53960,7,,,1,70,,53964,7,,,1,30,,53961,7,,,1,70,,53965,7,,,1,30,,53962,7,,,1,100,,53963,7,,,1,100,,53949,4,,,1,100,,53950,4,,,1,100,,53951,4,,,1,100,,53952,4,,,1,100,,53953,4,,,1,100,,53954,4,,,1,400,,53955,4,,,1,100,,53956,4,,,1,100,,53957,4,,,1,100,,53958,4,,,1
701,'20260625',534,,53979,7,,,1,100,,53980,7,,,1,70,,53984,7,,,1,30,,53981,7,,,1,70,,53985,7,,,1,30,,53982,7,,,1,100,,53983,7,,,1,100,,53969,4,,,1,100,,53970,4,,,1,100,,53971,4,,,1,100,,53972,4,,,1,100,,53973,4,,,1,100,,53974,4,,,1,400,,53975,4,,,1,100,,53976,4,,,1,100,,53977,4,,,1,100,,53978,4,,,1
701,'20260626',534,,53999,7,,,1,100,,54000,7,,,1,70,,54004,7,,,1,30,,54001,7,,,1,70,,54005,7,,,1,30,,54002,7,,,1,100,,54003,7,,,1,100,,53989,4,,,1,100,,53990,4,,,1,100,,53991,4,,,1,100,,53992,4,,,1,100,,53993,4,,,1,100,,53994,4,,,1,400,,53995,4,,,1,100,,53996,4,,,1,100,,53997,4,,,1,100,,53998,4,,,1
701,'20260627',735,,54018,7,,,1,100,,54019,7,,,1,100,,54020,7,,,1,100,,54006,4,,,1,100,,54007,4,,,1,100,,54008,4,,,1,100,,54009,4,,,1,100,,54010,4,,,1,100,,54011,4,,,1,100,,54012,4,,,1,100,,54013,4,,,1,100,,54014,4,,,1,100,,54015,4,,,1,100,,54016,4,,,1,100,,54017,4,,,1
701,'20260628',735,,54033,7,,,1,100,,54034,7,,,1,100,,54035,7,,,1,100,,54021,4,,,1,100,,54022,4,,,1,100,,54023,4,,,1,100,,54024,4,,,1,100,,54025,4,,,1,100,,54026,4,,,1,100,,54027,4,,,1,100,,54028,4,,,1,100,,54029,4,,,1,100,,54030,4,,,1,100,,54031,4,,,1,100,,54032,4,,,1
701,'20260629',534,,54049,7,,,1,100,,54050,7,,,1,70,,54054,7,,,1,30,,54051,7,,,1,70,,54055,7,,,1,30,,54052,7,,,1,100,,54053,7,,,1,100,,54039,4,,,1,100,,54040,4,,,1,100,,54041,4,,,1,100,,54042,4,,,1,100,,54043,4,,,1,100,,54044,4,,,1,400,,54045,4,,,1,100,,54046,4,,,1,100,,54047,4,,,1,100,,54048,4,,,1
701,'20260630',534,,54069,7,,,1,100,,54070,7,,,1,70,,54074,7,,,1,30,,54071,7,,,1,70,,54075,7,,,1,30,,54072,7,,,1,100,,54073,7,,,1,100,,54059,4,,,1,100,,54060,4,,,1,100,,54061,4,,,1,100,,54062,4,,,1,100,,54063,4,,,1,100,,54064,4,,,1,400,,54065,4,,,1,100,,54066,4,,,1,100,,54067,4,,,1,100,,54068,4,,,1
701,'20260701',735,,54088,7,,,1,100,,54089,7,,,1,100,,54090,7,,,1,100,,54076,4,,,1,100,,54077,4,,,1,100,,54078,4,,,1,100,,54079,4,,,1,100,,54080,4,,,1,100,,54081,4,,,1,100,,54082,4,,,1,100,,54083,4,,,1,100,,54084,4,,,1,100,,54085,4,,,1,100,,54086,4,,,1,100,,54087,4,,,1
701,'20260702',534,,54104,7,,,1,100,,54105,7,,,1,70,,54109,7,,,1,30,,54106,7,,,1,70,,54110,7,,,1,30,,54107,7,,,1,100,,54108,7,,,1,100,,54094,4,,,1,100,,54095,4,,,1,100,,54096,4,,,1,100,,54097,4,,,1,100,,54098,4,,,1,100,,54099,4,,,1,400,,54100,4,,,1,100,,54101,4,,,1,100,,54102,4,,,1,100,,54103,4,,,1
701,'20260703',534,,54124,7,,,1,100,,54125,7,,,1,70,,54129,7,,,1,30,,54126,7,,,1,70,,54130,7,,,1,30,,54127,7,,,1,100,,54128,7,,,1,100,,54114,4,,,1,100,,54115,4,,,1,100,,54116,4,,,1,100,,54117,4,,,1,100,,54118,4,,,1,100,,54119,4,,,1,400,,54120,4,,,1,100,,54121,4,,,1,100,,54122,4,,,1,100,,54123,4,,,1
701,'20260704',735,,54143,7,,,1,100,,54144,7,,,1,100,,54145,7,,,1,100,,54131,4,,,1,100,,54132,4,,,1,100,,54133,4,,,1,100,,54134,4,,,1,100,,54135,4,,,1,100,,54136,4,,,1,100,,54137,4,,,1,100,,54138,4,,,1,100,,54139,4,,,1,100,,54140,4,,,1,100,,54141,4,,,1,100,,54142,4,,,1
701,'20260705',735,,54158,7,,,1,100,,54159,7,,,1,100,,54160,7,,,1,100,,54146,4,,,1,100,,54147,4,,,1,100,,54148,4,,,1,100,,54149,4,,,1,100,,54150,4,,,1,100,,54151,4,,,1,100,,54152,4,,,1,100,,54153,4,,,1,100,,54154,4,,,1,100,,54155,4,,,1,100,,54156,4,,,1,100,,54157,4,,,1
701,'20260706',534,,54173,7,,,1,100,,54174,7,,,1,70,,54178,7,,,1,30,,54175,7,,,1,70,,54179,7,,,1,30,,54176,7,,,1,100,,54177,7,,,1,100,,54163,4,,,1,100,,54164,4,,,1,100,,54165,4,,,1,100,,54166,4,,,1,100,,54167,4,,,1,100,,54168,4,,,1,400,,54169,4,,,1,100,,54170,4,,,1,100,,54171,4,,,1,100,,54172,4,,,1
701,'20260707',534,,54192,7,,,1,100,,54193,7,,,1,70,,54197,7,,,1,30,,54194,7,,,1,70,,54198,7,,,1,30,,54195,7,,,1,100,,54196,7,,,1,100,,54182,4,,,1,100,,54183,4,,,1,100,,54184,4,,,1,100,,54185,4,,,1,100,,54186,4,,,1,100,,54187,4,,,1,400,,54188,4,,,1,100,,54189,4,,,1,100,,54190,4,,,1,100,,54191,4,,,1
701,'20260708',534,,54211,7,,,1,100,,54212,7,,,1,70,,54216,7,,,1,30,,54213,7,,,1,70,,54217,7,,,1,30,,54214,7,,,1,100,,54215,7,,,1,100,,54201,4,,,1,100,,54202,4,,,1,100,,54203,4,,,1,100,,54204,4,,,1,100,,54205,4,,,1,100,,54206,4,,,1,400,,54207,4,,,1,100,,54208,4,,,1,100,,54209,4,,,1,100,,54210,4,,,1
701,'20260709',534,,54230,7,,,1,100,,54231,7,,,1,70,,54235,7,,,1,30,,54232,7,,,1,70,,54236,7,,,1,30,,54233,7,,,1,100,,54234,7,,,1,100,,54220,4,,,1,100,,54221,4,,,1,100,,54222,4,,,1,100,,54223,4,,,1,100,,54224,4,,,1,100,,54225,4,,,1,400,,54226,4,,,1,100,,54227,4,,,1,100,,54228,4,,,1,100,,54229,4,,,1
701,'20260710',534,,54249,7,,,1,100,,54250,7,,,1,70,,54254,7,,,1,30,,54251,7,,,1,70,,54255,7,,,1,30,,54252,7,,,1,100,,54253,7,,,1,100,,54239,4,,,1,100,,54240,4,,,1,100,,54241,4,,,1,100,,54242,4,,,1,100,,54243,4,,,1,100,,54244,4,,,1,400,,54245,4,,,1,100,,54246,4,,,1,100,,54247,4,,,1,100,,54248,4,,,1
701,'20260711',735,,54268,7,,,1,100,,54269,7,,,1,100,,54270,7,,,1,100,,54256,4,,,1,100,,54257,4,,,1,100,,54258,4,,,1,100,,54259,4,,,1,100,,54260,4,,,1,100,,54261,4,,,1,100,,54262,4,,,1,100,,54263,4,,,1,100,,54264,4,,,1,100,,54265,4,,,1,100,,54266,4,,,1,100,,54267,4,,,1
701,'20260712',735,,54283,7,,,1,100,,54284,7,,,1,100,,54285,7,,,1,100,,54271,4,,,1,100,,54272,4,,,1,100,,54273,4,,,1,100,,54274,4,,,1,100,,54275,4,,,1,100,,54276,4,,,1,100,,54277,4,,,1,100,,54278,4,,,1,100,,54279,4,,,1,100,,54280,4,,,1,100,,54281,4,,,1,100,,54282,4,,,1
701,'20260713',534,,54298,7,,,1,100,,54299,7,,,1,70,,54303,7,,,1,30,,54300,7,,,1,70,,54304,7,,,1,30,,54301,7,,,1,100,,54302,7,,,1,100,,54288,4,,,1,100,,54289,4,,,1,100,,54290,4,,,1,100,,54291,4,,,1,100,,54292,4,,,1,100,,54293,4,,,1,400,,54294,4,,,1,100,,54295,4,,,1,100,,54296,4,,,1,100,,54297,4,,,1
701,'20260714',534,,54317,7,,,1,100,,54318,7,,,1,70,,54322,7,,,1,30,,54319,7,,,1,70,,54323,7,,,1,30,,54320,7,,,1,100,,54321,7,,,1,100,,54307,4,,,1,100,,54308,4,,,1,100,,54309,4,,,1,100,,54310,4,,,1,100,,54311,4,,,1,100,,54312,4,,,1,400,,54313,4,,,1,100,,54314,4,,,1,100,,54315,4,,,1,100,,54316,4,,,1
701,'20260715',534,,54336,7,,,1,100,,54337,7,,,1,70,,54341,7,,,1,30,,54338,7,,,1,70,,54342,7,,,1,30,,54339,7,,,1,100,,54340,7,,,1,100,,54326,4,,,1,100,,54327,4,,,1,100,,54328,4,,,1,100,,54329,4,,,1,100,,54330,4,,,1,100,,54331,4,,,1,400,,54332,4,,,1,100,,54333,4,,,1,100,,54334,4,,,1,100,,54335,4,,,1
701,'20260716',534,,54355,7,,,1,100,,54356,7,,,1,70,,54360,7,,,1,30,,54357,7,,,1,70,,54361,7,,,1,30,,54358,7,,,1,100,,54359,7,,,1,100,,54345,4,,,1,100,,54346,4,,,1,100,,54347,4,,,1,100,,54348,4,,,1,100,,54349,4,,,1,100,,54350,4,,,1,400,,54351,4,,,1,100,,54352,4,,,1,100,,54353,4,,,1,100,,54354,4,,,1
701,'20260717',534,,54374,7,,,1,100,,54375,7,,,1,70,,54379,7,,,1,30,,54376,7,,,1,70,,54380,7,,,1,30,,54377,7,,,1,100,,54378,7,,,1,100,,54364,4,,,1,100,,54365,4,,,1,100,,54366,4,,,1,100,,54367,4,,,1,100,,54368,4,,,1,100,,54369,4,,,1,400,,54370,4,,,1,100,,54371,4,,,1,100,,54372,4,,,1,100,,54373,4,,,1
701,'20260718',735,,54393,7,,,1,100,,54394,7,,,1,100,,54395,7,,,1,100,,54381,4,,,1,100,,54382,4,,,1,100,,54383,4,,,1,100,,54384,4,,,1,100,,54385,4,,,1,100,,54386,4,,,1,100,,54387,4,,,1,100,,54388,4,,,1,100,,54389,4,,,1,100,,54390,4,,,1,100,,54391,4,,,1,100,,54392,4,,,1
701,'20260719',735,,54408,7,,,1,100,,54409,7,,,1,100,,54410,7,,,1,100,,54396,4,,,1,100,,54397,4,,,1,100,,54398,4,,,1,100,,54399,4,,,1,100,,54400,4,,,1,100,,54401,4,,,1,100,,54402,4,,,1,100,,54403,4,,,1,100,,54404,4,,,1,100,,54405,4,,,1,100,,54406,4,,,1,100,,54407,4,,,1
701,'20260720',534,,54423,7,,,1,100,,54424,7,,,1,70,,54428,7,,,1,30,,54425,7,,,1,70,,54429,7,,,1,30,,54426,7,,,1,100,,54427,7,,,1,100,,54413,4,,,1,100,,54414,4,,,1,100,,54415,4,,,1,100,,54416,4,,,1,100,,54417,4,,,1,100,,54418,4,,,1,400,,54419,4,,,1,100,,54420,4,,,1,100,,54421,4,,,1,100,,54422,4,,,1
701,'20260721',534,,54442,7,,,1,100,,54443,7,,,1,70,,54447,7,,,1,30,,54444,7,,,1,70,,54448,7,,,1,30,,54445,7,,,1,100,,54446,7,,,1,100,,54432,4,,,1,100,,54433,4,,,1,100,,54434,4,,,1,100,,54435,4,,,1,100,,54436,4,,,1,100,,54437,4,,,1,400,,54438,4,,,1,100,,54439,4,,,1,100,,54440,4,,,1,100,,54441,4,,,1
701,'20260722',534,,54461,7,,,1,100,,54462,7,,,1,70,,54466,7,,,1,30,,54463,7,,,1,70,,54467,7,,,1,30,,54464,7,,,1,100,,54465,7,,,1,100,,54451,4,,,1,100,,54452,4,,,1,100,,54453,4,,,1,100,,54454,4,,,1,100,,54455,4,,,1,100,,54456,4,,,1,400,,54457,4,,,1,100,,54458,4,,,1,100,,54459,4,,,1,100,,54460,4,,,1
701,'20260723',534,,54480,7,,,1,100,,54481,7,,,1,70,,54485,7,,,1,30,,54482,7,,,1,70,,54486,7,,,1,30,,54483,7,,,1,100,,54484,7,,,1,100,,54470,4,,,1,100,,54471,4,,,1,100,,54472,4,,,1,100,,54473,4,,,1,100,,54474,4,,,1,100,,54475,4,,,1,400,,54476,4,,,1,100,,54477,4,,,1,100,,54478,4,,,1,100,,54479,4,,,1
701,'20260724',534,,54499,7,,,1,100,,54500,7,,,1,70,,54504,7,,,1,30,,54501,7,,,1,70,,54505,7,,,1,30,,54502,7,,,1,100,,54503,7,,,1,100,,54489,4,,,1,100,,54490,4,,,1,100,,54491,4,,,1,100,,54492,4,,,1,100,,54493,4,,,1,100,,54494,4,,,1,400,,54495,4,,,1,100,,54496,4,,,1,100,,54497,4,,,1,100,,54498,4,,,1
701,'20260725',735,,54518,7,,,1,100,,54519,7,,,1,100,,54520,7,,,1,100,,54506,4,,,1,100,,54507,4,,,1,100,,54508,4,,,1,100,,54509,4,,,1,100,,54510,4,,,1,100,,54511,4,,,1,100,,54512,4,,,1,100,,54513,4,,,1,100,,54514,4,,,1,100,,54515,4,,,1,100,,54516,4,,,1,100,,54517,4,,,1
701,'20260726',735,,54533,7,,,1,100,,54534,7,,,1,100,,54535,7,,,1,100,,54521,4,,,1,100,,54522,4,,,1,100,,54523,4,,,1,100,,54524,4,,,1,100,,54525,4,,,1,100,,54526,4,,,1,100,,54527,4,,,1,100,,54528,4,,,1,100,,54529,4,,,1,100,,54530,4,,,1,100,,54531,4,,,1,100,,54532,4,,,1
701,'20260727',534,,54548,7,,,1,100,,54549,7,,,1,70,,54553,7,,,1,30,,54550,7,,,1,70,,54554,7,,,1,30,,54551,7,,,1,100,,54552,7,,,1,100,,54538,4,,,1,100,,54539,4,,,1,100,,54540,4,,,1,100,,54541,4,,,1,100,,54542,4,,,1,100,,54543,4,,,1,400,,54544,4,,,1,100,,54545,4,,,1,100,,54546,4,,,1,100,,54547,4,,,1
701,'20260728',534,,54567,7,,,1,100,,54568,7,,,1,70,,54572,7,,,1,30,,54569,7,,,1,70,,54573,7,,,1,30,,54570,7,,,1,100,,54571,7,,,1,100,,54557,4,,,1,100,,54558,4,,,1,100,,54559,4,,,1,100,,54560,4,,,1,100,,54561,4,,,1,100,,54562,4,,,1,400,,54563,4,,,1,100,,54564,4,,,1,100,,54565,4,,,1,100,,54566,4,,,1
701,'20260729',534,,54586,7,,,1,100,,54587,7,,,1,70,,54591,7,,,1,30,,54588,7,,,1,70,,54592,7,,,1,30,,54589,7,,,1,100,,54590,7,,,1,100,,54576,4,,,1,100,,54577,4,,,1,100,,54578,4,,,1,100,,54579,4,,,1,100,,54580,4,,,1,100,,54581,4,,,1,400,,54582,4,,,1,100,,54583,4,,,1,100,,54584,4,,,1,100,,54585,4,,,1
701,'20260730',534,,54605,7,,,1,100,,54606,7,,,1,70,,54610,7,,,1,30,,54607,7,,,1,70,,54611,7,,,1,30,,54608,7,,,1,100,,54609,7,,,1,100,,54595,4,,,1,100,,54596,4,,,1,100,,54597,4,,,1,100,,54598,4,,,1,100,,54599,4,,,1,100,,54600,4,,,1,400,,54601,4,,,1,100,,54602,4,,,1,100,,54603,4,,,1,100,,54604,4,,,1
701,'20260731',534,,54624,7,,,1,100,,54625,7,,,1,70,,54629,7,,,1,30,,54626,7,,,1,70,,54630,7,,,1,30,,54627,7,,,1,100,,54628,7,,,1,100,,54614,4,,,1,100,,54615,4,,,1,100,,54616,4,,,1,100,,54617,4,,,1,100,,54618,4,,,1,100,,54619,4,,,1,400,,54620,4,,,1,100,,54621,4,,,1,100,,54622,4,,,1,100,,54623,4,,,1
701,'20260801',735,,54643,7,,,1,100,,54644,7,,,1,100,,54645,7,,,1,100,,54631,4,,,1,100,,54632,4,,,1,100,,54633,4,,,1,100,,54634,4,,,1,100,,54635,4,,,1,100,,54636,4,,,1,100,,54637,4,,,1,100,,54638,4,,,1,100,,54639,4,,,1,100,,54640,4,,,1,100,,54641,4,,,1,100,,54642,4,,,1
701,'20260802',735,,54658,7,,,1,100,,54659,7,,,1,100,,54660,7,,,1,100,,54646,4,,,1,100,,54647,4,,,1,100,,54648,4,,,1,100,,54649,4,,,1,100,,54650,4,,,1,100,,54651,4,,,1,100,,54652,4,,,1,100,,54653,4,,,1,100,,54654,4,,,1,100,,54655,4,,,1,100,,54656,4,,,1,100,,54657,4,,,1
701,'20260803',534,,54673,7,,,1,100,,54674,7,,,1,70,,54678,7,,,1,30,,54675,7,,,1,70,,54679,7,,,1,30,,54676,7,,,1,100,,54677,7,,,1,100,,54663,4,,,1,100,,54664,4,,,1,100,,54665,4,,,1,100,,54666,4,,,1,100,,54667,4,,,1,100,,54668,4,,,1,400,,54669,4,,,1,100,,54670,4,,,1,100,,54671,4,,,1,100,,54672,4,,,1
701,'20260804',534,,54692,7,,,1,100,,54693,7,,,1,70,,54697,7,,,1,30,,54694,7,,,1,70,,54698,7,,,1,30,,54695,7,,,1,100,,54696,7,,,1,100,,54682,4,,,1,100,,54683,4,,,1,100,,54684,4,,,1,100,,54685,4,,,1,100,,54686,4,,,1,100,,54687,4,,,1,400,,54688,4,,,1,100,,54689,4,,,1,100,,54690,4,,,1,100,,54691,4,,,1
701,'20260805',534,,54711,7,,,1,100,,54712,7,,,1,70,,54716,7,,,1,30,,54713,7,,,1,70,,54717,7,,,1,30,,54714,7,,,1,100,,54715,7,,,1,100,,54701,4,,,1,100,,54702,4,,,1,100,,54703,4,,,1,100,,54704,4,,,1,100,,54705,4,,,1,100,,54706,4,,,1,400,,54707,4,,,1,100,,54708,4,,,1,100,,54709,4,,,1,100,,54710,4,,,1
701,'20260806',534,,54730,7,,,1,100,,54731,7,,,1,70,,54735,7,,,1,30,,54732,7,,,1,70,,54736,7,,,1,30,,54733,7,,,1,100,,54734,7,,,1,100,,54720,4,,,1,100,,54721,4,,,1,100,,54722,4,,,1,100,,54723,4,,,1,100,,54724,4,,,1,100,,54725,4,,,1,400,,54726,4,,,1,100,,54727,4,,,1,100,,54728,4,,,1,100,,54729,4,,,1
701,'20260807',534,,54749,7,,,1,100,,54750,7,,,1,70,,54754,7,,,1,30,,54751,7,,,1,70,,54755,7,,,1,30,,54752,7,,,1,100,,54753,7,,,1,100,,54739,4,,,1,100,,54740,4,,,1,100,,54741,4,,,1,100,,54742,4,,,1,100,,54743,4,,,1,100,,54744,4,,,1,400,,54745,4,,,1,100,,54746,4,,,1,100,,54747,4,,,1,100,,54748,4,,,1
701,'20260808',735,,54768,7,,,1,100,,54769,7,,,1,100,,54770,7,,,1,100,,54756,4,,,1,100,,54757,4,,,1,100,,54758,4,,,1,100,,54759,4,,,1,100,,54760,4,,,1,100,,54761,4,,,1,100,,54762,4,,,1,100,,54763,4,,,1,100,,54764,4,,,1,100,,54765,4,,,1,100,,54766,4,,,1,100,,54767,4,,,1
701,'20260809',735,,54783,7,,,1,100,,54784,7,,,1,100,,54785,7,,,1,100,,54771,4,,,1,100,,54772,4,,,1,100,,54773,4,,,1,100,,54774,4,,,1,100,,54775,4,,,1,100,,54776,4,,,1,100,,54777,4,,,1,100,,54778,4,,,1,100,,54779,4,,,1,100,,54780,4,,,1,100,,54781,4,,,1,100,,54782,4,,,1
701,'20260810',534,,54798,7,,,1,100,,54799,7,,,1,70,,54803,7,,,1,30,,54800,7,,,1,70,,54804,7,,,1,30,,54801,7,,,1,100,,54802,7,,,1,100,,54788,4,,,1,100,,54789,4,,,1,100,,54790,4,,,1,100,,54791,4,,,1,100,,54792,4,,,1,100,,54793,4,,,1,400,,54794,4,,,1,100,,54795,4,,,1,100,,54796,4,,,1,100,,54797,4,,,1
701,'20260811',534,,54817,7,,,1,100,,54818,7,,,1,70,,54822,7,,,1,30,,54819,7,,,1,70,,54823,7,,,1,30,,54820,7,,,1,100,,54821,7,,,1,100,,54807,4,,,1,100,,54808,4,,,1,100,,54809,4,,,1,100,,54810,4,,,1,100,,54811,4,,,1,100,,54812,4,,,1,400,,54813,4,,,1,100,,54814,4,,,1,100,,54815,4,,,1,100,,54816,4,,,1
701,'20260812',534,,54836,7,,,1,100,,54837,7,,,1,70,,54841,7,,,1,30,,54838,7,,,1,70,,54842,7,,,1,30,,54839,7,,,1,100,,54840,7,,,1,100,,54826,4,,,1,100,,54827,4,,,1,100,,54828,4,,,1,100,,54829,4,,,1,100,,54830,4,,,1,100,,54831,4,,,1,400,,54832,4,,,1,100,,54833,4,,,1,100,,54834,4,,,1,100,,54835,4,,,1
701,'20260813',534,,54855,7,,,1,100,,54856,7,,,1,70,,54860,7,,,1,30,,54857,7,,,1,70,,54861,7,,,1,30,,54858,7,,,1,100,,54859,7,,,1,100,,54845,4,,,1,100,,54846,4,,,1,100,,54847,4,,,1,100,,54848,4,,,1,100,,54849,4,,,1,100,,54850,4,,,1,400,,54851,4,,,1,100,,54852,4,,,1,100,,54853,4,,,1,100,,54854,4,,,1
701,'20260814',534,,54874,7,,,1,100,,54875,7,,,1,70,,54879,7,,,1,30,,54876,7,,,1,70,,54880,7,,,1,30,,54877,7,,,1,100,,54878,7,,,1,100,,54864,4,,,1,100,,54865,4,,,1,100,,54866,4,,,1,100,,54867,4,,,1,100,,54868,4,,,1,100,,54869,4,,,1,400,,54870,4,,,1,100,,54871,4,,,1,100,,54872,4,,,1,100,,54873,4,,,1
701,'20260815',735,,54893,7,,,1,100,,54894,7,,,1,100,,54895,7,,,1,100,,54881,4,,,1,100,,54882,4,,,1,100,,54883,4,,,1,100,,54884,4,,,1,100,,54885,4,,,1,100,,54886,4,,,1,100,,54887,4,,,1,100,,54888,4,,,1,100,,54889,4,,,1,100,,54890,4,,,1,100,,54891,4,,,1,100,,54892,4,,,1
701,'20260816',735,,54908,7,,,1,100,,54909,7,,,1,100,,54910,7,,,1,100,,54896,4,,,1,100,,54897,4,,,1,100,,54898,4,,,1,100,,54899,4,,,1,100,,54900,4,,,1,100,,54901,4,,,1,100,,54902,4,,,1,100,,54903,4,,,1,100,,54904,4,,,1,100,,54905,4,,,1,100,,54906,4,,,1,100,,54907,4,,,1
701,'20260817',534,,54923,7,,,1,100,,54924,7,,,1,70,,54928,7,,,1,30,,54925,7,,,1,70,,54929,7,,,1,30,,54926,7,,,1,100,,54927,7,,,1,100,,54913,4,,,1,100,,54914,4,,,1,100,,54915,4,,,1,100,,54916,4,,,1,100,,54917,4,,,1,100,,54918,4,,,1,400,,54919,4,,,1,100,,54920,4,,,1,100,,54921,4,,,1,100,,54922,4,,,1
701,'20260818',534,,54942,7,,,1,100,,54943,7,,,1,70,,54947,7,,,1,30,,54944,7,,,1,70,,54948,7,,,1,30,,54945,7,,,1,100,,54946,7,,,1,100,,54932,4,,,1,100,,54933,4,,,1,100,,54934,4,,,1,100,,54935,4,,,1,100,,54936,4,,,1,100,,54937,4,,,1,400,,54938,4,,,1,100,,54939,4,,,1,100,,54940,4,,,1,100,,54941,4,,,1
701,'20260819',534,,54961,7,,,1,100,,54962,7,,,1,70,,54966,7,,,1,30,,54963,7,,,1,70,,54967,7,,,1,30,,54964,7,,,1,100,,54965,7,,,1,100,,54951,4,,,1,100,,54952,4,,,1,100,,54953,4,,,1,100,,54954,4,,,1,100,,54955,4,,,1,100,,54956,4,,,1,400,,54957,4,,,1,100,,54958,4,,,1,100,,54959,4,,,1,100,,54960,4,,,1
701,'20260820',534,,54980,7,,,1,100,,54981,7,,,1,70,,54985,7,,,1,30,,54982,7,,,1,70,,54986,7,,,1,30,,54983,7,,,1,100,,54984,7,,,1,100,,54970,4,,,1,100,,54971,4,,,1,100,,54972,4,,,1,100,,54973,4,,,1,100,,54974,4,,,1,100,,54975,4,,,1,400,,54976,4,,,1,100,,54977,4,,,1,100,,54978,4,,,1,100,,54979,4,,,1
701,'20260821',534,,54999,7,,,1,100,,55000,7,,,1,70,,55004,7,,,1,30,,55001,7,,,1,70,,55005,7,,,1,30,,55002,7,,,1,100,,55003,7,,,1,100,,54989,4,,,1,100,,54990,4,,,1,100,,54991,4,,,1,100,,54992,4,,,1,100,,54993,4,,,1,100,,54994,4,,,1,400,,54995,4,,,1,100,,54996,4,,,1,100,,54997,4,,,1,100,,54998,4,,,1
701,'20260822',735,,55018,7,,,1,100,,55019,7,,,1,100,,55020,7,,,1,100,,55006,4,,,1,100,,55007,4,,,1,100,,55008,4,,,1,100,,55009,4,,,1,100,,55010,4,,,1,100,,55011,4,,,1,100,,55012,4,,,1,100,,55013,4,,,1,100,,55014,4,,,1,100,,55015,4,,,1,100,,55016,4,,,1,100,,55017,4,,,1
701,'20260823',735,,55033,7,,,1,100,,55034,7,,,1,100,,55035,7,,,1,100,,55021,4,,,1,100,,55022,4,,,1,100,,55023,4,,,1,100,,55024,4,,,1,100,,55025,4,,,1,100,,55026,4,,,1,100,,55027,4,,,1,100,,55028,4,,,1,100,,55029,4,,,1,100,,55030,4,,,1,100,,55031,4,,,1,100,,55032,4,,,1
701,'20260824',534,,55048,7,,,1,100,,55049,7,,,1,70,,55053,7,,,1,30,,55050,7,,,1,70,,55054,7,,,1,30,,55051,7,,,1,100,,55052,7,,,1,100,,55038,4,,,1,100,,55039,4,,,1,100,,55040,4,,,1,100,,55041,4,,,1,100,,55042,4,,,1,100,,55043,4,,,1,400,,55044,4,,,1,100,,55045,4,,,1,100,,55046,4,,,1,100,,55047,4,,,1
701,'20260825',534,,55067,7,,,1,100,,55068,7,,,1,70,,55072,7,,,1,30,,55069,7,,,1,70,,55073,7,,,1,30,,55070,7,,,1,100,,55071,7,,,1,100,,55057,4,,,1,100,,55058,4,,,1,100,,55059,4,,,1,100,,55060,4,,,1,100,,55061,4,,,1,100,,55062,4,,,1,400,,55063,4,,,1,100,,55064,4,,,1,100,,55065,4,,,1,100,,55066,4,,,1
701,'20260826',534,,55086,7,,,1,100,,55087,7,,,1,70,,55091,7,,,1,30,,55088,7,,,1,70,,55092,7,,,1,30,,55089,7,,,1,100,,55090,7,,,1,100,,55076,4,,,1,100,,55077,4,,,1,100,,55078,4,,,1,100,,55079,4,,,1,100,,55080,4,,,1,100,,55081,4,,,1,400,,55082,4,,,1,100,,55083,4,,,1,100,,55084,4,,,1,100,,55085,4,,,1
701,'20260827',534,,55105,7,,,1,100,,55106,7,,,1,70,,55110,7,,,1,30,,55107,7,,,1,70,,55111,7,,,1,30,,55108,7,,,1,100,,55109,7,,,1,100,,55095,4,,,1,100,,55096,4,,,1,100,,55097,4,,,1,100,,55098,4,,,1,100,,55099,4,,,1,100,,55100,4,,,1,400,,55101,4,,,1,100,,55102,4,,,1,100,,55103,4,,,1,100,,55104,4,,,1
701,'20260828',534,,55124,7,,,1,100,,55125,7,,,1,70,,55129,7,,,1,30,,55126,7,,,1,70,,55130,7,,,1,30,,55127,7,,,1,100,,55128,7,,,1,100,,55114,4,,,1,100,,55115,4,,,1,100,,55116,4,,,1,100,,55117,4,,,1,100,,55118,4,,,1,100,,55119,4,,,1,400,,55120,4,,,1,100,,55121,4,,,1,100,,55122,4,,,1,100,,55123,4,,,1
701,'20260829',735,,55143,7,,,1,100,,55144,7,,,1,100,,55145,7,,,1,100,,55131,4,,,1,100,,55132,4,,,1,100,,55133,4,,,1,100,,55134,4,,,1,100,,55135,4,,,1,100,,55136,4,,,1,100,,55137,4,,,1,100,,55138,4,,,1,100,,55139,4,,,1,100,,55140,4,,,1,100,,55141,4,,,1,100,,55142,4,,,1
701,'20260830',735,,55158,7,,,1,100,,55159,7,,,1,100,,55160,7,,,1,100,,55146,4,,,1,100,,55147,4,,,1,100,,55148,4,,,1,100,,55149,4,,,1,100,,55150,4,,,1,100,,55151,4,,,1,100,,55152,4,,,1,100,,55153,4,,,1,100,,55154,4,,,1,100,,55155,4,,,1,100,,55156,4,,,1,100,,55157,4,,,1
701,'20260831',534,,55173,7,,,1,100,,55174,7,,,1,70,,55178,7,,,1,30,,55175,7,,,1,70,,55179,7,,,1,30,,55176,7,,,1,100,,55177,7,,,1,100,,55163,4,,,1,100,,55164,4,,,1,100,,55165,4,,,1,100,,55166,4,,,1,100,,55167,4,,,1,100,,55168,4,,,1,400,,55169,4,,,1,100,,55170,4,,,1,100,,55171,4,,,1,100,,55172,4,,,1
701,'20260901',534,,55192,7,,,1,100,,55193,7,,,1,70,,55197,7,,,1,30,,55194,7,,,1,70,,55198,7,,,1,30,,55195,7,,,1,100,,55196,7,,,1,100,,55182,4,,,1,100,,55183,4,,,1,100,,55184,4,,,1,100,,55185,4,,,1,100,,55186,4,,,1,100,,55187,4,,,1,400,,55188,4,,,1,100,,55189,4,,,1,100,,55190,4,,,1,100,,55191,4,,,1
701,'20260902',534,,55211,7,,,1,100,,55212,7,,,1,70,,55216,7,,,1,30,,55213,7,,,1,70,,55217,7,,,1,30,,55214,7,,,1,100,,55215,7,,,1,100,,55201,4,,,1,100,,55202,4,,,1,100,,55203,4,,,1,100,,55204,4,,,1,100,,55205,4,,,1,100,,55206,4,,,1,400,,55207,4,,,1,100,,55208,4,,,1,100,,55209,4,,,1,100,,55210,4,,,1
701,'20260903',534,,55230,7,,,1,100,,55231,7,,,1,70,,55235,7,,,1,30,,55232,7,,,1,70,,55236,7,,,1,30,,55233,7,,,1,100,,55234,7,,,1,100,,55220,4,,,1,100,,55221,4,,,1,100,,55222,4,,,1,100,,55223,4,,,1,100,,55224,4,,,1,100,,55225,4,,,1,400,,55226,4,,,1,100,,55227,4,,,1,100,,55228,4,,,1,100,,55229,4,,,1
701,'20260904',534,,55249,7,,,1,100,,55250,7,,,1,70,,55254,7,,,1,30,,55251,7,,,1,70,,55255,7,,,1,30,,55252,7,,,1,100,,55253,7,,,1,100,,55239,4,,,1,100,,55240,4,,,1,100,,55241,4,,,1,100,,55242,4,,,1,100,,55243,4,,,1,100,,55244,4,,,1,400,,55245,4,,,1,100,,55246,4,,,1,100,,55247,4,,,1,100,,55248,4,,,1
