300,'20260707',934,,43723,24,0,35,1,91,,43718,24,0,35,1,100,,43705,24,4,,1,100,,43706,24,4,,1,100,,43719,24,0,35,1,100,,43707,24,4,,1,100,,43708,24,4,,1,100,,43720,24,0,35,1,78,,43715,24,0,35,1,22,,43713,24,0,27,1,9,,63769,24,,,1,21,,43714,24,0,27,1,49,,43716,24,0,35,1,31,,43725,24,0,35,1,67,,43717,24,0,35,1,23,,43709,24,4,,1,100,,43710,24,4,,1,100,,43711,24,4,,1,100,,43721,24,0,35,1,100,,43722,24,0,35,1,100,,43712,24,4,,1
300,'20260708',934,,43763,24,0,35,1,91,,43758,24,0,35,1,100,,43745,24,4,,1,100,,43746,24,4,,1,100,,43759,24,0,35,1,100,,43747,24,4,,1,100,,43748,24,4,,1,100,,43760,24,0,35,1,78,,43755,24,0,35,1,22,,43753,24,0,27,1,9,,63770,24,,,1,21,,43754,24,0,27,1,49,,43756,24,0,35,1,31,,43765,24,0,35,1,67,,43757,24,0,35,1,23,,43749,24,4,,1,100,,43750,24,4,,1,100,,43751,24,4,,1,100,,43761,24,0,35,1,100,,43762,24,0,35,1,100,,43752,24,4,,1
300,'20260709',934,,43803,24,0,35,1,91,,43798,24,0,35,1,100,,43785,24,4,,1,100,,43786,24,4,,1,100,,43799,24,0,35,1,100,,43787,24,4,,1,100,,43788,24,4,,1,100,,43800,24,0,35,1,78,,43795,24,0,35,1,22,,43793,24,0,27,1,9,,63771,24,,,1,21,,43794,24,0,27,1,49,,43796,24,0,35,1,31,,43805,24,0,35,1,67,,43797,24,0,35,1,23,,43789,24,4,,1,100,,43790,24,4,,1,100,,43791,24,4,,1,100,,43801,24,0,35,1,100,,43802,24,0,35,1,100,,43792,24,4,,1
300,'20260710',934,,43843,24,0,35,1,91,,43838,24,0,35,1,100,,43825,24,4,,1,100,,43826,24,4,,1,100,,43839,24,0,35,1,100,,43827,24,4,,1,100,,43828,24,4,,1,100,,43840,24,0,35,1,78,,43835,24,0,35,1,22,,43833,24,0,27,1,9,,63772,24,,,1,21,,43834,24,0,27,1,49,,43836,24,0,35,1,31,,43845,24,0,35,1,67,,43837,24,0,35,1,23,,43829,24,4,,1,100,,43830,24,4,,1,100,,43831,24,4,,1,100,,43841,24,0,35,1,100,,43842,24,0,35,1,100,,43832,24,4,,1
300,'20260711',923,,43855,24,4,,1,11,,63773,24,,,1,103,,43856,24,4,,1,100,,43857,24,4,,1,100,,43858,24,4,,1,100,,43859,24,4,,1,100,,43860,24,4,,1,100,,43861,24,4,,1,100,,43862,24,4,,1,101,,43869,24,0,35,1,99,,43863,24,4,,1,100,,43864,24,4,,1,100,,43865,24,4,,1,100,,43866,24,4,,1,100,,43867,24,4,,1,101,,43870,24,0,35,1,99,,43868,24,4,,1
300,'20260712',923,,43880,24,4,,1,11,,63774,24,,,1,103,,43881,24,4,,1,100,,43882,24,4,,1,100,,43883,24,4,,1,100,,43884,24,4,,1,100,,43885,24,4,,1,100,,43886,24,4,,1,100,,43887,24,4,,1,101,,43894,24,0,35,1,99,,43888,24,4,,1,100,,43889,24,4,,1,100,,43890,24,4,,1,100,,43891,24,4,,1,100,,43892,24,4,,1,101,,43895,24,0,35,1,99,,43893,24,4,,1
300,'20260713',934,,43933,24,0,35,1,91,,43928,24,0,35,1,100,,43915,24,4,,1,100,,43916,24,4,,1,100,,43929,24,0,35,1,100,,43917,24,4,,1,100,,43918,24,4,,1,100,,43930,24,0,35,1,78,,43925,24,0,35,1,22,,43923,24,0,27,1,9,,63775,24,,,1,21,,43924,24,0,27,1,49,,43926,24,0,35,1,31,,43935,24,0,35,1,67,,43927,24,0,35,1,23,,43919,24,4,,1,100,,43920,24,4,,1,100,,43921,24,4,,1,100,,43931,24,0,35,1,100,,43932,24,0,35,1,100,,43922,24,4,,1
300,'20260714',934,,43973,24,0,35,1,91,,43968,24,0,35,1,100,,43955,24,4,,1,100,,43956,24,4,,1,100,,43969,24,0,35,1,100,,43957,24,4,,1,100,,43958,24,4,,1,100,,43970,24,0,35,1,78,,43965,24,0,35,1,22,,43963,24,0,27,1,9,,63776,24,,,1,21,,43964,24,0,27,1,49,,43966,24,0,35,1,31,,43975,24,0,35,1,67,,43967,24,0,35,1,23,,43959,24,4,,1,100,,43960,24,4,,1,100,,43961,24,4,,1,100,,43971,24,0,35,1,100,,43972,24,0,35,1,100,,43962,24,4,,1
300,'20260715',934,,44013,24,0,35,1,91,,44008,24,0,35,1,100,,43995,24,4,,1,100,,43996,24,4,,1,100,,44009,24,0,35,1,100,,43997,24,4,,1,100,,43998,24,4,,1,100,,44010,24,0,35,1,78,,44005,24,0,35,1,22,,44003,24,0,27,1,9,,63777,24,,,1,21,,44004,24,0,27,1,49,,44006,24,0,35,1,31,,44015,24,0,35,1,67,,44007,24,0,35,1,23,,43999,24,4,,1,100,,44000,24,4,,1,100,,44001,24,4,,1,100,,44011,24,0,35,1,100,,44012,24,0,35,1,100,,44002,24,4,,1
300,'20260716',934,,44053,24,0,35,1,91,,44048,24,0,35,1,100,,44035,24,4,,1,100,,44036,24,4,,1,100,,44049,24,0,35,1,100,,44037,24,4,,1,100,,44038,24,4,,1,100,,44050,24,0,35,1,78,,44045,24,0,35,1,22,,44043,24,0,27,1,9,,63778,24,,,1,21,,44044,24,0,27,1,49,,44046,24,0,35,1,31,,44055,24,0,35,1,67,,44047,24,0,35,1,23,,44039,24,4,,1,100,,44040,24,4,,1,100,,44041,24,4,,1,100,,44051,24,0,35,1,100,,44052,24,0,35,1,100,,44042,24,4,,1
300,'20260717',934,,44093,24,0,35,1,91,,44088,24,0,35,1,100,,44075,24,4,,1,100,,44076,24,4,,1,100,,44089,24,0,35,1,100,,44077,24,4,,1,100,,44078,24,4,,1,100,,44090,24,0,35,1,78,,44085,24,0,35,1,22,,44083,24,0,27,1,9,,63779,24,,,1,21,,44084,24,0,27,1,49,,44086,24,0,35,1,31,,44095,24,0,35,1,67,,44087,24,0,35,1,23,,44079,24,4,,1,100,,44080,24,4,,1,100,,44081,24,4,,1,100,,44091,24,0,35,1,100,,44092,24,0,35,1,100,,44082,24,4,,1
300,'20260718',923,,44105,24,4,,1,11,,63780,24,,,1,103,,44106,24,4,,1,100,,44107,24,4,,1,100,,44108,24,4,,1,100,,44109,24,4,,1,100,,44110,24,4,,1,100,,44111,24,4,,1,100,,44112,24,4,,1,101,,44119,24,0,35,1,99,,44113,24,4,,1,100,,44114,24,4,,1,100,,44115,24,4,,1,100,,44116,24,4,,1,100,,44117,24,4,,1,101,,44120,24,0,35,1,99,,44118,24,4,,1
300,'20260719',923,,44130,24,4,,1,11,,63781,24,,,1,103,,44131,24,4,,1,100,,44132,24,4,,1,100,,44133,24,4,,1,100,,44134,24,4,,1,100,,44135,24,4,,1,100,,44136,24,4,,1,100,,44137,24,4,,1,101,,44144,24,0,35,1,99,,44138,24,4,,1,100,,44139,24,4,,1,100,,44140,24,4,,1,100,,44141,24,4,,1,100,,44142,24,4,,1,101,,44145,24,0,35,1,99,,44143,24,4,,1
300,'20260720',934,,44183,24,0,35,1,91,,44178,24,0,35,1,100,,44165,24,4,,1,100,,44166,24,4,,1,100,,44179,24,0,35,1,100,,44167,24,4,,1,100,,44168,24,4,,1,100,,44180,24,0,35,1,78,,44175,24,0,35,1,22,,44173,24,0,27,1,9,,63782,24,,,1,21,,44174,24,0,27,1,49,,44176,24,0,35,1,31,,44185,24,0,35,1,67,,44177,24,0,35,1,23,,44169,24,4,,1,100,,44170,24,4,,1,100,,44171,24,4,,1,100,,44181,24,0,35,1,100,,44182,24,0,35,1,100,,44172,24,4,,1
300,'20260721',934,,44223,24,0,35,1,91,,44218,24,0,35,1,100,,44205,24,4,,1,100,,44206,24,4,,1,100,,44219,24,0,35,1,100,,44207,24,4,,1,100,,44208,24,4,,1,100,,44220,24,0,35,1,78,,44215,24,0,35,1,22,,44213,24,0,27,1,9,,63783,24,,,1,21,,44214,24,0,27,1,49,,44216,24,0,35,1,31,,44225,24,0,35,1,67,,44217,24,0,35,1,23,,44209,24,4,,1,100,,44210,24,4,,1,100,,44211,24,4,,1,100,,44221,24,0,35,1,100,,44222,24,0,35,1,100,,44212,24,4,,1
300,'20260722',934,,44263,24,0,35,1,91,,44258,24,0,35,1,100,,44245,24,4,,1,100,,44246,24,4,,1,100,,44259,24,0,35,1,100,,44247,24,4,,1,100,,44248,24,4,,1,100,,44260,24,0,35,1,78,,44255,24,0,35,1,22,,44253,24,0,27,1,9,,63784,24,,,1,21,,44254,24,0,27,1,49,,44256,24,0,35,1,31,,44265,24,0,35,1,67,,44257,24,0,35,1,23,,44249,24,4,,1,100,,44250,24,4,,1,100,,44251,24,4,,1,100,,44261,24,0,35,1,100,,44262,24,0,35,1,100,,44252,24,4,,1
300,'20260723',934,,44303,24,0,35,1,91,,44298,24,0,35,1,100,,44285,24,4,,1,100,,44286,24,4,,1,100,,44299,24,0,35,1,100,,44287,24,4,,1,100,,44288,24,4,,1,100,,44300,24,0,35,1,78,,44295,24,0,35,1,22,,44293,24,0,27,1,9,,63785,24,,,1,21,,44294,24,0,27,1,49,,44296,24,0,35,1,31,,44305,24,0,35,1,67,,44297,24,0,35,1,23,,44289,24,4,,1,100,,44290,24,4,,1,100,,44291,24,4,,1,100,,44301,24,0,35,1,100,,44302,24,0,35,1,100,,44292,24,4,,1
300,'20260724',934,,44343,24,0,35,1,91,,44338,24,0,35,1,100,,44325,24,4,,1,100,,44326,24,4,,1,100,,44339,24,0,35,1,100,,44327,24,4,,1,100,,44328,24,4,,1,100,,44340,24,0,35,1,78,,44335,24,0,35,1,22,,44333,24,0,27,1,9,,63786,24,,,1,21,,44334,24,0,27,1,49,,44336,24,0,35,1,31,,44345,24,0,35,1,67,,44337,24,0,35,1,23,,44329,24,4,,1,100,,44330,24,4,,1,100,,44331,24,4,,1,100,,44341,24,0,27,1,100,,44342,24,0,35,1
300,'20260725',923,,44355,16,4,,1,114,,44356,16,4,,1,100,,44357,16,4,,1,100,,44358,16,4,,1,100,,44359,16,4,,1,100,,44360,16,4,,1,100,,44361,16,4,,1,100,,44362,16,4,,1,100,,44369,16,4,,1,100,,44363,16,4,,1,100,,44364,16,4,,1,100,,44365,16,4,,1,100,,44366,16,4,,1,100,,44367,16,4,,1,100,,44370,16,4,,1,100,,44368,16,4,,1
300,'20260726',923,,44380,16,4,,1,114,,44381,16,4,,1,100,,44382,16,4,,1,100,,44383,16,4,,1,100,,44384,16,4,,1,100,,44385,16,4,,1,100,,44386,16,4,,1,100,,44387,16,4,,1,100,,44394,16,4,,1,100,,44388,16,4,,1,100,,44389,16,4,,1,100,,44390,16,4,,1,100,,44391,16,4,,1,100,,44392,16,4,,1,100,,44395,16,4,,1,100,,44393,16,4,,1
300,'20260727',934,,44433,24,0,35,1,91,,44428,24,0,35,1,100,,44415,24,4,,1,100,,44416,24,4,,1,100,,44429,24,0,35,1,100,,44417,24,4,,1,100,,44418,24,4,,1,100,,44430,24,0,35,1,78,,44425,24,0,35,1,22,,44423,24,0,27,1,9,,63789,24,,,1,21,,44424,24,0,27,1,49,,44426,24,0,35,1,31,,44435,24,0,35,1,67,,44427,24,0,35,1,23,,44419,24,4,,1,100,,44420,24,4,,1,100,,44421,24,4,,1,100,,44431,24,0,35,1,100,,44432,24,0,35,1,100,,44422,24,4,,1
300,'20260728',934,,44473,24,0,35,1,91,,44468,24,0,35,1,100,,44455,24,4,,1,100,,44456,24,4,,1,100,,44469,24,0,35,1,100,,44457,24,4,,1,100,,44458,24,4,,1,100,,44470,24,0,35,1,78,,44465,24,0,35,1,22,,44463,24,0,27,1,9,,63790,24,,,1,21,,44464,24,0,27,1,49,,44466,24,0,35,1,31,,44475,24,0,35,1,67,,44467,24,0,35,1,23,,44459,24,4,,1,100,,44460,24,4,,1,100,,44461,24,4,,1,100,,44471,24,0,35,1,100,,44472,24,0,35,1,100,,44462,24,4,,1
300,'20260729',934,,44513,24,0,35,1,91,,44508,24,0,35,1,100,,44495,24,4,,1,100,,44496,24,4,,1,100,,44509,24,0,35,1,100,,44497,24,4,,1,100,,44498,24,4,,1,100,,44510,24,0,35,1,78,,44505,24,0,35,1,22,,44503,24,0,27,1,9,,63791,24,,,1,21,,44504,24,0,27,1,49,,44506,24,0,35,1,31,,44515,24,0,35,1,67,,44507,24,0,35,1,23,,44499,24,4,,1,100,,44500,24,4,,1,100,,44501,24,4,,1,100,,44511,24,0,35,1,100,,44512,24,0,35,1,100,,44502,24,4,,1
300,'20260730',934,,44553,24,0,35,1,91,,44548,24,0,35,1,100,,44535,24,4,,1,100,,44536,24,4,,1,100,,44549,24,0,35,1,100,,44537,24,4,,1,100,,44538,24,4,,1,100,,44550,24,0,35,1,78,,44545,24,0,35,1,22,,44543,24,0,27,1,9,,63792,24,,,1,21,,44544,24,0,27,1,49,,44546,24,0,35,1,31,,44555,24,0,35,1,67,,44547,24,0,35,1,23,,44539,24,4,,1,100,,44540,24,4,,1,100,,44541,24,4,,1,100,,44551,24,0,35,1,100,,44552,24,0,35,1,100,,44542,24,4,,1
300,'20260731',934,,44593,24,0,35,1,91,,44588,24,0,35,1,100,,44575,24,4,,1,100,,44576,24,4,,1,100,,44589,24,0,35,1,100,,44577,24,4,,1,100,,44578,24,4,,1,100,,44590,24,0,35,1,78,,44585,24,0,35,1,22,,44583,24,0,27,1,9,,63793,24,,,1,21,,44584,24,0,27,1,49,,44586,24,0,35,1,31,,44595,24,0,35,1,67,,44587,24,0,35,1,23,,44579,24,4,,1,100,,44580,24,4,,1,100,,44581,24,4,,1,100,,44591,24,0,35,1,100,,44592,24,0,35,1,100,,44582,24,4,,1
300,'20260801',923,,44605,24,4,,1,11,,63794,24,,,1,103,,44606,24,4,,1,100,,44607,24,4,,1,100,,44608,24,4,,1,100,,44609,24,4,,1,100,,44610,24,4,,1,100,,44611,24,4,,1,100,,44612,24,4,,1,101,,44619,24,0,35,1,99,,44613,24,4,,1,100,,44614,24,4,,1,100,,44615,24,4,,1,100,,44616,24,4,,1,100,,44617,24,4,,1,101,,44620,24,0,35,1,99,,44618,24,4,,1
300,'20260802',923,,44630,24,4,,1,11,,63795,24,,,1,103,,44631,24,4,,1,100,,44632,24,4,,1,100,,44633,24,4,,1,100,,44634,24,4,,1,100,,44635,24,4,,1,100,,44636,24,4,,1,100,,44637,24,4,,1,101,,44644,24,0,35,1,99,,44638,24,4,,1,100,,44639,24,4,,1,100,,44640,24,4,,1,100,,44641,24,4,,1,100,,44642,24,4,,1,101,,44645,24,0,35,1,99,,44643,24,4,,1
300,'20260803',923,,64164,24,4,,1,11,,64171,24,,,1,103,,64165,24,4,,1,100,,44665,24,4,,1,100,,44666,24,4,,1,100,,64166,24,4,,1,100,,44667,24,4,,1,100,,44668,24,4,,1,100,,64167,24,4,,1,101,,64170,24,0,35,1,99,,64168,24,4,,1,100,,44669,24,4,,1,100,,44670,24,4,,1,100,,44671,24,4,,1,100,,64169,24,4,,1,101,,44682,24,0,35,1,99,,44672,24,4,,1
300,'20260804',934,,44723,24,0,35,1,91,,44718,24,0,35,1,100,,44705,24,4,,1,100,,44706,24,4,,1,100,,44719,24,0,35,1,100,,44707,24,4,,1,100,,44708,24,4,,1,100,,44720,24,0,35,1,78,,44715,24,0,35,1,22,,44713,24,0,27,1,9,,63797,24,,,1,21,,44714,24,0,27,1,49,,44716,24,0,35,1,31,,44725,24,0,35,1,67,,44717,24,0,35,1,23,,44709,24,4,,1,100,,44710,24,4,,1,100,,44711,24,4,,1,100,,44721,24,0,35,1,100,,44722,24,0,35,1,100,,44712,24,4,,1
300,'20260805',934,,44763,24,0,35,1,91,,44758,24,0,35,1,100,,44745,24,4,,1,100,,44746,24,4,,1,100,,44759,24,0,35,1,100,,44747,24,4,,1,100,,44748,24,4,,1,100,,44760,24,0,35,1,78,,44755,24,0,35,1,22,,44753,24,0,27,1,9,,63798,24,,,1,21,,44754,24,0,27,1,49,,44756,24,0,35,1,31,,44765,24,0,35,1,67,,44757,24,0,35,1,23,,44749,24,4,,1,100,,44750,24,4,,1,100,,44751,24,4,,1,100,,44761,24,0,35,1,100,,44762,24,0,35,1,100,,44752,24,4,,1
300,'20260806',934,,44803,24,0,35,1,91,,44798,24,0,35,1,100,,44785,24,4,,1,100,,44786,24,4,,1,100,,44799,24,0,35,1,100,,44787,24,4,,1,100,,44788,24,4,,1,100,,44800,24,0,35,1,78,,44795,24,0,35,1,22,,44793,24,0,27,1,9,,63799,24,,,1,21,,44794,24,0,27,1,49,,44796,24,0,35,1,31,,44805,24,0,35,1,67,,44797,24,0,35,1,23,,44789,24,4,,1,100,,44790,24,4,,1,100,,44791,24,4,,1,100,,44801,24,0,35,1,100,,44802,24,0,35,1,100,,44792,24,4,,1
300,'20260807',934,,44843,24,0,35,1,91,,44838,24,0,35,1,100,,44825,24,4,,1,100,,44826,24,4,,1,100,,44839,24,0,35,1,100,,44827,24,4,,1,100,,44828,24,4,,1,100,,44840,24,0,35,1,78,,44835,24,0,35,1,22,,44833,24,0,27,1,9,,63800,24,,,1,21,,44834,24,0,27,1,49,,44836,24,0,35,1,31,,44845,24,0,35,1,67,,44837,24,0,35,1,23,,44829,24,4,,1,100,,44830,24,4,,1,100,,44831,24,4,,1,100,,44841,24,0,35,1,100,,44842,24,0,35,1,100,,44832,24,4,,1
300,'20260808',923,,44855,24,4,,1,11,,63801,24,,,1,103,,44856,24,4,,1,100,,44857,24,4,,1,100,,44858,24,4,,1,100,,44859,24,4,,1,100,,44860,24,4,,1,100,,44861,24,4,,1,100,,44862,24,4,,1,101,,44869,24,0,35,1,99,,44863,24,4,,1,100,,44864,24,4,,1,100,,44865,24,4,,1,100,,44866,24,4,,1,100,,44867,24,4,,1,101,,44870,24,0,35,1,99,,44868,24,4,,1
300,'20260809',923,,44880,24,4,,1,11,,63802,24,,,1,103,,44881,24,4,,1,100,,44882,24,4,,1,100,,44883,24,4,,1,100,,44884,24,4,,1,100,,44885,24,4,,1,100,,44886,24,4,,1,100,,44887,24,4,,1,101,,44894,24,0,35,1,99,,44888,24,4,,1,100,,44889,24,4,,1,100,,44890,24,4,,1,100,,44891,24,4,,1,100,,44892,24,4,,1,101,,44895,24,0,35,1,99,,44893,24,4,,1
300,'20260810',923,,64181,24,4,,1,11,,64188,24,,,1,103,,64182,24,4,,1,100,,44915,24,4,,1,100,,44916,24,4,,1,100,,64183,24,4,,1,100,,44917,24,4,,1,100,,44918,24,4,,1,100,,64184,24,4,,1,101,,64187,24,0,35,1,99,,64185,24,4,,1,100,,44919,24,4,,1,100,,44920,24,4,,1,100,,44921,24,4,,1,100,,64186,24,4,,1,101,,44932,24,0,35,1,99,,44922,24,4,,1
300,'20260811',934,,44973,24,0,35,1,91,,44968,24,0,35,1,100,,44955,24,4,,1,100,,44956,24,4,,1,100,,44969,24,0,35,1,100,,44957,24,4,,1,100,,44958,24,4,,1,100,,44970,24,0,35,1,78,,44965,24,0,35,1,22,,44963,24,0,27,1,9,,63804,24,,,1,21,,44964,24,0,27,1,49,,44966,24,0,35,1,31,,44975,24,0,35,1,67,,44967,24,0,35,1,23,,44959,24,4,,1,100,,44960,24,4,,1,100,,44961,24,4,,1,100,,44971,24,0,35,1,100,,44972,24,0,35,1,100,,44962,24,4,,1
300,'20260812',934,,45013,24,0,35,1,91,,45008,24,0,35,1,100,,44995,24,4,,1,100,,44996,24,4,,1,100,,45009,24,0,35,1,100,,44997,24,4,,1,100,,44998,24,4,,1,100,,45010,24,0,35,1,78,,45005,24,0,35,1,22,,45003,24,0,27,1,9,,63805,24,,,1,21,,45004,24,0,27,1,49,,45006,24,0,35,1,31,,45015,24,0,35,1,67,,45007,24,0,35,1,23,,44999,24,4,,1,100,,45000,24,4,,1,100,,45001,24,4,,1,100,,45011,24,0,35,1,100,,45012,24,0,35,1,100,,45002,24,4,,1
300,'20260813',934,,45053,24,0,35,1,91,,45048,24,0,35,1,100,,45035,24,4,,1,100,,45036,24,4,,1,100,,45049,24,0,35,1,100,,45037,24,4,,1,100,,45038,24,4,,1,100,,45050,24,0,35,1,78,,45045,24,0,35,1,22,,45043,24,0,27,1,9,,63806,24,,,1,21,,45044,24,0,27,1,49,,45046,24,0,35,1,31,,45055,24,0,35,1,67,,45047,24,0,35,1,23,,45039,24,4,,1,100,,45040,24,4,,1,100,,45041,24,4,,1,100,,45051,24,0,35,1,100,,45052,24,0,35,1,100,,45042,24,4,,1
300,'20260814',934,,45093,24,0,35,1,91,,45088,24,0,35,1,100,,45075,24,4,,1,100,,45076,24,4,,1,100,,45089,24,0,35,1,100,,45077,24,4,,1,100,,45078,24,4,,1,100,,45090,24,0,35,1,78,,45085,24,0,35,1,22,,45083,24,0,27,1,9,,63807,24,,,1,21,,45084,24,0,27,1,49,,45086,24,0,35,1,31,,45095,24,0,35,1,67,,45087,24,0,35,1,23,,45079,24,4,,1,100,,45080,24,4,,1,100,,45081,24,4,,1,100,,45091,24,0,35,1,100,,45092,24,0,35,1,100,,45082,24,4,,1
300,'20260815',923,,45105,24,4,,1,11,,63808,24,,,1,103,,45106,24,4,,1,100,,45107,24,4,,1,100,,45108,24,4,,1,100,,45109,24,4,,1,100,,45110,24,4,,1,100,,45111,24,4,,1,100,,45112,24,4,,1,101,,45119,24,0,35,1,99,,45113,24,4,,1,100,,45114,24,4,,1,100,,45115,24,4,,1,100,,45116,24,4,,1,100,,45117,24,4,,1,101,,45120,24,0,35,1,99,,45118,24,4,,1
300,'20260816',923,,45130,24,4,,1,11,,63809,24,,,1,103,,45131,24,4,,1,100,,45132,24,4,,1,100,,45133,24,4,,1,100,,45134,24,4,,1,100,,45135,24,4,,1,100,,45136,24,4,,1,100,,45137,24,4,,1,101,,45144,24,0,35,1,99,,45138,24,4,,1,100,,45139,24,4,,1,100,,45140,24,4,,1,100,,45141,24,4,,1,100,,45142,24,4,,1,101,,45145,24,0,35,1,99,,45143,24,4,,1
300,'20260817',923,,64198,24,4,,1,11,,64205,24,,,1,103,,64199,24,4,,1,100,,45165,24,4,,1,100,,45166,24,4,,1,100,,64200,24,4,,1,100,,45167,24,4,,1,100,,45168,24,4,,1,100,,64201,24,4,,1,101,,64204,24,0,35,1,99,,64202,24,4,,1,100,,45169,24,4,,1,100,,45170,24,4,,1,100,,45171,24,4,,1,100,,64203,24,4,,1,101,,45182,24,0,35,1,99,,45172,24,4,,1
300,'20260818',934,,45223,24,0,35,1,91,,45218,24,0,35,1,100,,45205,24,4,,1,100,,45206,24,4,,1,100,,45219,24,0,35,1,100,,45207,24,4,,1,100,,45208,24,4,,1,100,,45220,24,0,35,1,78,,45215,24,0,35,1,22,,45213,24,0,27,1,9,,63811,24,,,1,21,,45214,24,0,27,1,49,,45216,24,0,35,1,31,,45225,24,0,35,1,67,,45217,24,0,35,1,23,,45209,24,4,,1,100,,45210,24,4,,1,100,,45211,24,4,,1,100,,45221,24,0,35,1,100,,45222,24,0,35,1,100,,45212,24,4,,1
300,'20260819',934,,45263,24,0,35,1,91,,45258,24,0,35,1,100,,45245,24,4,,1,100,,45246,24,4,,1,100,,45259,24,0,35,1,100,,45247,24,4,,1,100,,45248,24,4,,1,100,,45260,24,0,35,1,78,,45255,24,0,35,1,22,,45253,24,0,27,1,9,,63812,24,,,1,21,,45254,24,0,27,1,49,,45256,24,0,35,1,31,,45265,24,0,35,1,67,,45257,24,0,35,1,23,,45249,24,4,,1,100,,45250,24,4,,1,100,,45251,24,4,,1,100,,45261,24,0,35,1,100,,45262,24,0,35,1,100,,45252,24,4,,1
300,'20260820',934,,45303,24,0,35,1,91,,45298,24,0,35,1,100,,45285,24,4,,1,100,,45286,24,4,,1,100,,45299,24,0,35,1,100,,45287,24,4,,1,100,,45288,24,4,,1,100,,45300,24,0,35,1,78,,45295,24,0,35,1,22,,45293,24,0,27,1,9,,63813,24,,,1,21,,45294,24,0,27,1,49,,45296,24,0,35,1,31,,45305,24,0,35,1,67,,45297,24,0,35,1,23,,45289,24,4,,1,100,,45290,24,4,,1,100,,45291,24,4,,1,100,,45301,24,0,35,1,100,,45302,24,0,35,1,100,,45292,24,4,,1
300,'20260821',934,,45343,24,0,35,1,91,,45338,24,0,35,1,100,,45325,24,4,,1,100,,45326,24,4,,1,100,,45339,24,0,35,1,100,,45327,24,4,,1,100,,45328,24,4,,1,100,,45340,24,0,35,1,78,,45335,24,0,35,1,22,,45333,24,0,27,1,9,,63814,24,,,1,21,,45334,24,0,27,1,49,,45336,24,0,35,1,31,,45345,24,0,35,1,67,,45337,24,0,35,1,23,,45329,24,4,,1,100,,45330,24,4,,1,100,,45331,24,4,,1,100,,45341,24,0,35,1,100,,45342,24,0,35,1,100,,45332,24,4,,1
300,'20260822',923,,45355,24,4,,1,11,,63815,24,,,1,103,,45356,24,4,,1,100,,45357,24,4,,1,100,,45358,24,4,,1,100,,45359,24,4,,1,100,,45360,24,4,,1,100,,45361,24,4,,1,100,,45362,24,4,,1,101,,45369,24,0,35,1,99,,45363,24,4,,1,100,,45364,24,4,,1,100,,45365,24,4,,1,100,,45366,24,4,,1,100,,45367,24,4,,1,101,,45370,24,0,35,1,99,,45368,24,4,,1
300,'20260823',923,,45380,24,4,,1,11,,63816,24,,,1,103,,45381,24,4,,1,100,,45382,24,4,,1,100,,45383,24,4,,1,100,,45384,24,4,,1,100,,45385,24,4,,1,100,,45386,24,4,,1,100,,45387,24,4,,1,101,,45394,24,0,35,1,99,,45388,24,4,,1,100,,45389,24,4,,1,100,,45390,24,4,,1,100,,45391,24,4,,1,100,,45392,24,4,,1,101,,45395,24,0,35,1,99,,45393,24,4,,1
300,'20260824',923,,64215,24,4,,1,11,,64222,24,,,1,103,,64216,24,4,,1,100,,45415,24,4,,1,100,,45416,24,4,,1,100,,64217,24,4,,1,100,,45417,24,4,,1,100,,45418,24,4,,1,100,,64218,24,4,,1,101,,64221,24,0,35,1,99,,64219,24,4,,1,100,,45419,24,4,,1,100,,45420,24,4,,1,100,,45421,24,4,,1,100,,64220,24,4,,1,101,,45432,24,0,35,1,99,,45422,24,4,,1
300,'20260825',934,,45473,24,0,35,1,91,,45468,24,0,35,1,100,,45455,24,4,,1,100,,45456,24,4,,1,100,,45469,24,0,35,1,100,,45457,24,4,,1,100,,45458,24,4,,1,100,,45470,24,0,35,1,78,,45465,24,0,35,1,22,,45463,24,0,27,1,9,,63818,24,,,1,21,,45464,24,0,27,1,49,,45466,24,0,35,1,31,,45475,24,0,35,1,67,,45467,24,0,35,1,23,,45459,24,4,,1,100,,45460,24,4,,1,100,,45461,24,4,,1,100,,45471,24,0,35,1,100,,45472,24,0,35,1,100,,45462,24,4,,1
300,'20260826',934,,45513,24,0,35,1,91,,45508,24,0,35,1,100,,45495,24,4,,1,100,,45496,24,4,,1,100,,45509,24,0,35,1,100,,45497,24,4,,1,100,,45498,24,4,,1,100,,45510,24,0,35,1,78,,45505,24,0,35,1,22,,45503,24,0,27,1,9,,63819,24,,,1,21,,45504,24,0,27,1,49,,45506,24,0,35,1,31,,45515,24,0,35,1,67,,45507,24,0,35,1,23,,45499,24,4,,1,100,,45500,24,4,,1,100,,45501,24,4,,1,100,,45511,24,0,35,1,100,,45512,24,0,35,1,100,,45502,24,4,,1
300,'20260827',934,,45553,24,0,35,1,91,,45548,24,0,35,1,100,,45535,24,4,,1,100,,45536,24,4,,1,100,,45549,24,0,35,1,100,,45537,24,4,,1,100,,45538,24,4,,1,100,,45550,24,0,35,1,78,,45545,24,0,35,1,22,,45543,24,0,27,1,9,,63820,24,,,1,21,,45544,24,0,27,1,49,,45546,24,0,35,1,31,,45555,24,0,35,1,67,,45547,24,0,35,1,23,,45539,24,4,,1,100,,45540,24,4,,1,100,,45541,24,4,,1,100,,45551,24,0,35,1,100,,45552,24,0,35,1,100,,45542,24,4,,1
300,'20260828',934,,45593,24,0,35,1,91,,45588,24,0,35,1,100,,45575,24,4,,1,100,,45576,24,4,,1,100,,45589,24,0,35,1,100,,45577,24,4,,1,100,,45578,24,4,,1,100,,45590,24,0,35,1,78,,45585,24,0,35,1,22,,45583,24,0,27,1,9,,63821,24,,,1,21,,45584,24,0,27,1,49,,45586,24,0,35,1,31,,45595,24,0,35,1,67,,45587,24,0,35,1,23,,45579,24,4,,1,100,,45580,24,4,,1,100,,45581,24,4,,1,100,,45591,24,0,35,1,100,,45592,24,0,35,1,100,,45582,24,4,,1
300,'20260829',923,,45605,24,4,,1,11,,63822,24,,,1,103,,45606,24,4,,1,100,,45607,24,4,,1,100,,45608,24,4,,1,100,,45609,24,4,,1,100,,45610,24,4,,1,100,,45611,24,4,,1,100,,45612,24,4,,1,101,,45619,24,0,35,1,99,,45613,24,4,,1,100,,45614,24,4,,1,100,,45615,24,4,,1,100,,45616,24,4,,1,100,,45617,24,4,,1,101,,45620,24,0,35,1,99,,45618,24,4,,1
300,'20260830',923,,45630,24,4,,1,11,,63823,24,,,1,103,,45631,24,4,,1,100,,45632,24,4,,1,100,,45633,24,4,,1,100,,45634,24,4,,1,100,,45635,24,4,,1,100,,45636,24,4,,1,100,,45637,24,4,,1,101,,45644,24,0,35,1,99,,45638,24,4,,1,100,,45639,24,4,,1,100,,45640,24,4,,1,100,,45641,24,4,,1,100,,45642,24,4,,1,101,,45645,24,0,35,1,99,,45643,24,4,,1
300,'20260831',923,,64232,24,4,,1,11,,64239,24,,,1,103,,64233,24,4,,1,100,,45665,24,4,,1,100,,45666,24,4,,1,100,,64234,24,4,,1,100,,45667,24,4,,1,100,,45668,24,4,,1,100,,64235,24,4,,1,101,,64238,24,0,35,1,99,,64236,24,4,,1,100,,45669,24,4,,1,100,,45670,24,4,,1,100,,45671,24,4,,1,100,,64237,24,4,,1,101,,45682,24,0,35,1,99,,45672,24,4,,1
300,'20260901',934,,45723,24,0,35,1,91,,45718,24,0,35,1,100,,45705,24,4,,1,100,,45706,24,4,,1,100,,45719,24,0,35,1,100,,45707,24,4,,1,100,,45708,24,4,,1,100,,45720,24,0,35,1,78,,45715,24,0,35,1,22,,45713,24,0,27,1,9,,63825,24,,,1,21,,45714,24,0,27,1,49,,45716,24,0,35,1,31,,45725,24,0,35,1,67,,45717,24,0,35,1,23,,45709,24,4,,1,100,,45710,24,4,,1,100,,45711,24,4,,1,100,,45721,24,0,35,1,100,,45722,24,0,35,1,100,,45712,24,4,,1
300,'20260902',934,,45763,24,0,35,1,91,,45758,24,0,35,1,100,,45745,24,4,,1,100,,45746,24,4,,1,100,,45759,24,0,35,1,100,,45747,24,4,,1,100,,45748,24,4,,1,100,,45760,24,0,35,1,78,,45755,24,0,35,1,22,,45753,24,0,27,1,9,,63826,24,,,1,21,,45754,24,0,27,1,49,,45756,24,0,35,1,31,,45765,24,0,35,1,67,,45757,24,0,35,1,23,,45749,24,4,,1,100,,45750,24,4,,1,100,,45751,24,4,,1,100,,45761,24,0,35,1,100,,45762,24,0,35,1,100,,45752,24,4,,1
300,'20260903',934,,45803,24,0,35,1,91,,45798,24,0,35,1,100,,45785,24,4,,1,100,,45786,24,4,,1,100,,45799,24,0,35,1,100,,45787,24,4,,1,100,,45788,24,4,,1,100,,45800,24,0,35,1,78,,45795,24,0,35,1,22,,45793,24,0,27,1,9,,63827,24,,,1,21,,45794,24,0,27,1,49,,45796,24,0,35,1,31,,45805,24,0,35,1,67,,45797,24,0,35,1,23,,45789,24,4,,1,100,,45790,24,4,,1,100,,45791,24,4,,1,100,,45801,24,0,35,1,100,,45802,24,0,35,1,100,,45792,24,4,,1
300,'20260904',934,,45843,24,0,35,1,91,,45838,24,0,35,1,100,,45825,24,4,,1,100,,45826,24,4,,1,100,,45839,24,0,35,1,100,,45827,24,4,,1,100,,45828,24,4,,1,100,,45840,24,0,35,1,78,,45835,24,0,35,1,22,,45833,24,0,27,1,9,,63828,24,,,1,21,,45834,24,0,27,1,49,,45836,24,0,35,1,31,,45845,24,0,35,1,67,,45837,24,0,35,1,23,,45829,24,4,,1,100,,45830,24,4,,1,100,,45831,24,4,,1,100,,45841,24,0,35,1,100,,45842,24,0,35,1,100,,45832,24,4,,1
301,'20260707',544,,46698,6,,,1,70,,46700,19,,,1,22,,46699,6,,,1,70,,46707,19,,,1,30,,46701,19,,,1,70,,63830,28,,,1,30,,46702,19,,,1,70,,46709,19,,,1,28,,46710,19,,,1,112,,46692,1,,,1,100,,46693,1,,,1,100,,46704,19,,,1,100,,46694,1,,,1,100,,46695,1,,,1,100,,46705,19,,,1,88,,46703,17,,,1,312,,46696,1,,,1,100,,46697,1,,,1,100,,46706,19,,,1
301,'20260708',544,,46738,6,,,1,70,,46740,19,,,1,22,,46739,6,,,1,70,,46747,19,,,1,30,,46741,19,,,1,70,,63831,28,,,1,30,,46742,19,,,1,70,,46749,19,,,1,28,,46750,19,,,1,112,,46732,1,,,1,100,,46733,1,,,1,100,,46744,19,,,1,100,,46734,1,,,1,100,,46735,1,,,1,100,,46745,19,,,1,88,,46743,17,,,1,312,,46736,1,,,1,100,,46737,1,,,1,100,,46746,19,,,1
301,'20260709',544,,46778,6,,,1,70,,46780,19,,,1,22,,46779,6,,,1,70,,46787,19,,,1,30,,46781,19,,,1,70,,63832,28,,,1,30,,46782,19,,,1,70,,46789,19,,,1,28,,46790,19,,,1,112,,46772,1,,,1,100,,46773,1,,,1,100,,46784,19,,,1,100,,46774,1,,,1,100,,46775,1,,,1,100,,46785,19,,,1,88,,46783,17,,,1,312,,46776,1,,,1,100,,46777,1,,,1,100,,46786,19,,,1
301,'20260710',544,,46818,6,,,1,70,,46820,19,,,1,22,,46819,6,,,1,70,,46827,19,,,1,30,,46821,19,,,1,70,,63833,28,,,1,30,,46822,19,,,1,70,,46829,19,,,1,28,,46830,19,,,1,112,,46812,1,,,1,100,,46813,1,,,1,100,,46824,19,,,1,100,,46814,1,,,1,100,,46815,1,,,1,100,,46825,19,,,1,88,,46823,17,,,1,312,,46816,1,,,1,100,,46817,1,,,1,100,,46826,19,,,1
301,'20260711',747,,46840,1,,,1,100,,46854,19,,,1,100,,46841,1,,,1,100,,46842,1,,,1,100,,46843,1,,,1,100,,46844,1,,,1,100,,46845,1,,,1,100,,46846,1,,,1,100,,46847,1,,,1,100,,46855,19,,,1,100,,46848,1,,,1,100,,46849,1,,,1,100,,46850,1,,,1,53,,63834,26,,,1,47,,46851,1,,,1,100,,46852,1,,,1,100,,46853,1,,,1
301,'20260712',747,,46865,1,,,1,100,,46879,19,,,1,100,,46866,1,,,1,100,,46867,1,,,1,100,,46868,1,,,1,100,,46869,1,,,1,100,,46870,1,,,1,100,,46871,1,,,1,100,,46872,1,,,1,100,,46880,19,,,1,100,,46873,1,,,1,100,,46874,1,,,1,100,,46875,1,,,1,53,,63835,26,,,1,47,,46876,1,,,1,100,,46877,1,,,1,100,,46878,1,,,1
301,'20260713',544,,46908,6,,,1,70,,46910,19,,,1,22,,46909,6,,,1,70,,46917,19,,,1,30,,46911,19,,,1,70,,63836,28,,,1,30,,46912,19,,,1,70,,46919,19,,,1,28,,46920,19,,,1,112,,46902,1,,,1,100,,46903,1,,,1,100,,46914,19,,,1,100,,46904,1,,,1,100,,46905,1,,,1,100,,46915,19,,,1,88,,46913,17,,,1,312,,46906,1,,,1,100,,46907,1,,,1,100,,46916,19,,,1
301,'20260714',544,,46948,6,,,1,70,,46950,19,,,1,22,,46949,6,,,1,70,,46957,19,,,1,30,,46951,19,,,1,70,,63837,28,,,1,30,,46952,19,,,1,70,,46959,19,,,1,28,,46960,19,,,1,112,,46942,1,,,1,100,,46943,1,,,1,100,,46954,19,,,1,100,,46944,1,,,1,100,,46945,1,,,1,100,,46955,19,,,1,88,,46953,17,,,1,312,,46946,1,,,1,100,,46947,1,,,1,100,,46956,19,,,1
301,'20260715',544,,46988,6,,,1,70,,46990,19,,,1,22,,46989,6,,,1,70,,46997,19,,,1,30,,46991,19,,,1,70,,63838,28,,,1,30,,46992,19,,,1,70,,46999,19,,,1,28,,47000,19,,,1,112,,46982,1,,,1,100,,46983,1,,,1,100,,46994,19,,,1,100,,46984,1,,,1,100,,46985,1,,,1,100,,46995,19,,,1,88,,46993,17,,,1,312,,46986,1,,,1,100,,46987,1,,,1,100,,46996,19,,,1
301,'20260716',544,,47028,6,,,1,70,,47030,19,,,1,22,,47029,6,,,1,70,,47037,19,,,1,30,,47031,19,,,1,70,,63839,28,,,1,30,,47032,19,,,1,70,,47039,19,,,1,28,,47040,19,,,1,112,,47022,1,,,1,100,,47023,1,,,1,100,,47034,19,,,1,100,,47024,1,,,1,100,,47025,1,,,1,100,,47035,19,,,1,88,,47033,17,,,1,312,,47026,1,,,1,100,,47027,1,,,1,100,,47036,19,,,1
301,'20260717',544,,47068,6,,,1,70,,47070,19,,,1,22,,47069,6,,,1,70,,47077,19,,,1,30,,47071,19,,,1,70,,63840,28,,,1,30,,47072,19,,,1,70,,47079,19,,,1,28,,47080,19,,,1,112,,47062,1,,,1,100,,47063,1,,,1,100,,47074,19,,,1,100,,47064,1,,,1,100,,47065,1,,,1,100,,47075,19,,,1,88,,47073,17,,,1,312,,47066,1,,,1,100,,47067,1,,,1,100,,47076,19,,,1
301,'20260718',747,,47090,1,,,1,100,,47104,19,,,1,100,,47091,1,,,1,100,,47092,1,,,1,100,,47093,1,,,1,100,,47094,1,,,1,100,,47095,1,,,1,100,,47096,1,,,1,100,,47097,1,,,1,100,,47105,19,,,1,100,,47098,1,,,1,100,,47099,1,,,1,100,,47100,1,,,1,53,,63841,26,,,1,47,,47101,1,,,1,100,,47102,1,,,1,100,,47103,1,,,1
301,'20260719',747,,47115,1,,,1,100,,47129,19,,,1,100,,47116,1,,,1,100,,47117,1,,,1,100,,47118,1,,,1,100,,47119,1,,,1,100,,47120,1,,,1,100,,47121,1,,,1,100,,47122,1,,,1,100,,47130,19,,,1,100,,47123,1,,,1,100,,47124,1,,,1,100,,47125,1,,,1,53,,63842,26,,,1,47,,47126,1,,,1,100,,47127,1,,,1,100,,47128,1,,,1
301,'20260720',544,,47158,6,,,1,70,,47160,19,,,1,22,,47159,6,,,1,70,,47167,19,,,1,30,,47161,19,,,1,70,,63843,28,,,1,30,,47162,19,,,1,70,,47169,19,,,1,28,,47170,19,,,1,112,,47152,1,,,1,100,,47153,1,,,1,100,,47164,19,,,1,100,,47154,1,,,1,100,,47155,1,,,1,100,,47165,19,,,1,88,,47163,17,,,1,312,,47156,1,,,1,100,,47157,1,,,1,100,,47166,19,,,1
301,'20260721',544,,47198,6,,,1,70,,47200,19,,,1,22,,47199,6,,,1,70,,47207,19,,,1,30,,47201,19,,,1,70,,63844,28,,,1,30,,47202,19,,,1,70,,47209,19,,,1,28,,47210,19,,,1,112,,47192,1,,,1,100,,47193,1,,,1,100,,47204,19,,,1,100,,47194,1,,,1,100,,47195,1,,,1,100,,47205,19,,,1,88,,47203,17,,,1,312,,47196,1,,,1,100,,47197,1,,,1,100,,47206,19,,,1
301,'20260722',544,,47238,6,,,1,70,,47240,19,,,1,22,,47239,6,,,1,70,,47247,19,,,1,30,,47241,19,,,1,70,,63845,28,,,1,30,,47242,19,,,1,70,,47249,19,,,1,28,,47250,19,,,1,112,,47232,1,,,1,100,,47233,1,,,1,100,,47244,19,,,1,100,,47234,1,,,1,100,,47235,1,,,1,100,,47245,19,,,1,88,,47243,17,,,1,312,,47236,1,,,1,100,,47237,1,,,1,100,,47246,19,,,1
301,'20260723',544,,47278,6,,,1,70,,47280,19,,,1,22,,47279,6,,,1,70,,47287,19,,,1,30,,47281,19,,,1,70,,63846,28,,,1,30,,47282,19,,,1,70,,47289,19,,,1,28,,47290,19,,,1,112,,47272,1,,,1,100,,47273,1,,,1,100,,47284,19,,,1,100,,47274,1,,,1,100,,47275,1,,,1,100,,47285,19,,,1,88,,47283,17,,,1,312,,47276,1,,,1,100,,47277,1,,,1,100,,47286,19,,,1
301,'20260724',544,,47318,6,,,1,70,,47320,19,,,1,22,,47319,6,,,1,70,,47327,19,,,1,30,,47321,19,,,1,70,,63847,28,,,1,30,,47322,19,,,1,70,,47329,19,,,1,28,,47330,19,,,1,112,,47312,1,,,1,100,,47313,1,,,1,100,,47324,19,,,1,100,,47314,1,,,1,100,,47315,1,,,1,100,,47325,19,,,1,88,,47323,17,,,1,312,,47316,1,,,1,100,,47317,1,,,1,100,,47326,19,,,1
301,'20260725',747,,47340,1,0,23 43,1,100,,47354,1,0,23 43,1,100,,47341,1,0,23 43,1,100,,47342,1,0,23 43,1,100,,47343,1,0,23 43,1,100,,47344,1,0,23 43,1,100,,47345,1,0,23 43,1,100,,47346,1,0,23 43,1,100,,47347,1,0,23 43,1,100,,47355,1,0,23 43,1,100,,47348,1,0,23 43,1,100,,47349,1,0,23 43,1,100,,47350,1,0,23 43,1,100,,47351,1,0,23 43,1,100,,47352,1,0,23 43,1,100,,47353,1,0,23 43,1
301,'20260726',747,,47365,1,0,23 43,1,100,,47379,1,0,23 43,1,100,,47366,1,0,23 43,1,100,,47367,1,0,23 43,1,100,,47368,1,0,23 43,1,100,,47369,1,0,23 43,1,100,,47370,1,0,23 43,1,100,,47371,1,0,23 43,1,100,,47372,1,0,23 43,1,100,,47380,1,0,23 43,1,100,,47373,1,0,23 43,1,100,,47374,1,0,23 43,1,100,,47375,1,0,23 43,1,100,,47376,1,0,23 43,1,100,,47377,1,0,23 43,1,100,,47378,1,0,23 43,1
301,'20260727',544,,47408,6,,,1,70,,47410,19,,,1,22,,47409,6,,,1,70,,47417,19,,,1,30,,47411,19,,,1,70,,63850,28,,,1,30,,47412,19,,,1,70,,47419,19,,,1,28,,47420,19,,,1,112,,47402,1,,,1,100,,47403,1,,,1,100,,47414,19,,,1,100,,47404,1,,,1,100,,47405,1,,,1,100,,47415,19,,,1,88,,47413,17,,,1,312,,47406,1,,,1,100,,47407,1,,,1,100,,47416,19,,,1
301,'20260728',544,,47448,6,,,1,70,,47450,19,,,1,22,,47449,6,,,1,70,,47457,19,,,1,30,,47451,19,,,1,70,,63851,28,,,1,30,,47452,19,,,1,70,,47459,19,,,1,28,,47460,19,,,1,112,,47442,1,,,1,100,,47443,1,,,1,100,,47454,19,,,1,100,,47444,1,,,1,100,,47445,1,,,1,100,,47455,19,,,1,88,,47453,17,,,1,312,,47446,1,,,1,100,,47447,1,,,1,100,,47456,19,,,1
301,'20260729',544,,47488,6,,,1,70,,47490,19,,,1,22,,47489,6,,,1,70,,47497,19,,,1,30,,47491,19,,,1,70,,63852,28,,,1,30,,47492,19,,,1,70,,47499,19,,,1,28,,47500,19,,,1,112,,47482,1,,,1,100,,47483,1,,,1,100,,47494,19,,,1,100,,47484,1,,,1,100,,47485,1,,,1,100,,47495,19,,,1,88,,47493,17,,,1,312,,47486,1,,,1,100,,47487,1,,,1,100,,47496,19,,,1
301,'20260730',544,,47528,6,,,1,70,,47530,19,,,1,22,,47529,6,,,1,70,,47537,19,,,1,30,,47531,19,,,1,70,,63853,28,,,1,30,,47532,19,,,1,70,,47539,19,,,1,28,,47540,19,,,1,112,,47522,1,,,1,100,,47523,1,,,1,100,,47534,19,,,1,100,,47524,1,,,1,100,,47525,1,,,1,100,,47535,19,,,1,88,,47533,17,,,1,312,,47526,1,,,1,100,,47527,1,,,1,100,,47536,19,,,1
301,'20260731',544,,47568,6,,,1,70,,47570,19,,,1,22,,47569,6,,,1,70,,47577,19,,,1,30,,47571,19,,,1,70,,63854,28,,,1,30,,47572,19,,,1,70,,47579,19,,,1,28,,47580,19,,,1,112,,47562,1,,,1,100,,47563,1,,,1,100,,47574,19,,,1,100,,47564,1,,,1,100,,47565,1,,,1,100,,47575,19,,,1,88,,47573,17,,,1,312,,47566,1,,,1,100,,47567,1,,,1,100,,47576,19,,,1
301,'20260801',747,,47590,1,,,1,100,,47604,19,,,1,100,,47591,1,,,1,100,,47592,1,,,1,100,,47593,1,,,1,100,,47594,1,,,1,100,,47595,1,,,1,100,,47596,1,,,1,100,,47597,1,,,1,100,,47605,19,,,1,100,,47598,1,,,1,100,,47599,1,,,1,100,,47600,1,,,1,53,,63855,26,,,1,47,,47601,1,,,1,100,,47602,1,,,1,100,,47603,1,,,1
301,'20260802',747,,47615,1,,,1,100,,47629,19,,,1,100,,47616,1,,,1,100,,47617,1,,,1,100,,47618,1,,,1,100,,47619,1,,,1,100,,47620,1,,,1,100,,47621,1,,,1,100,,47622,1,,,1,100,,47630,19,,,1,100,,47623,1,,,1,100,,47624,1,,,1,100,,47625,1,,,1,53,,63856,26,,,1,47,,47626,1,,,1,100,,47627,1,,,1,100,,47628,1,,,1
301,'20260803',747,,64241,1,,,1,100,,64255,19,,,1,100,,64242,1,,,1,100,,64243,1,,,1,100,,64244,1,,,1,100,,64245,1,,,1,100,,64246,1,,,1,100,,64247,1,,,1,100,,64248,1,,,1,100,,64256,19,,,1,100,,64249,1,,,1,100,,64250,1,,,1,100,,64251,1,,,1,53,,64257,26,,,1,47,,64252,1,,,1,100,,64253,1,,,1,100,,64254,1,,,1
301,'20260804',544,,47698,6,,,1,70,,47700,19,,,1,22,,47699,6,,,1,70,,47707,19,,,1,30,,47701,19,,,1,70,,63858,28,,,1,30,,47702,19,,,1,70,,47709,19,,,1,28,,47710,19,,,1,112,,47692,1,,,1,100,,47693,1,,,1,100,,47704,19,,,1,100,,47694,1,,,1,100,,47695,1,,,1,100,,47705,19,,,1,88,,47703,17,,,1,312,,47696,1,,,1,100,,47697,1,,,1,100,,47706,19,,,1
301,'20260805',544,,47738,6,,,1,70,,47740,19,,,1,22,,47739,6,,,1,70,,47747,19,,,1,30,,47741,19,,,1,70,,63859,28,,,1,30,,47742,19,,,1,70,,47749,19,,,1,28,,47750,19,,,1,112,,47732,1,,,1,100,,47733,1,,,1,100,,47744,19,,,1,100,,47734,1,,,1,100,,47735,1,,,1,100,,47745,19,,,1,88,,47743,17,,,1,312,,47736,1,,,1,100,,47737,1,,,1,100,,47746,19,,,1
301,'20260806',544,,47778,6,,,1,70,,47780,19,,,1,22,,47779,6,,,1,70,,47787,19,,,1,30,,47781,19,,,1,70,,63860,28,,,1,30,,47782,19,,,1,70,,47789,19,,,1,28,,47790,19,,,1,112,,47772,1,,,1,100,,47773,1,,,1,100,,47784,19,,,1,100,,47774,1,,,1,100,,47775,1,,,1,100,,47785,19,,,1,88,,47783,17,,,1,312,,47776,1,,,1,100,,47777,1,,,1,100,,47786,19,,,1
301,'20260807',544,,47818,6,,,1,70,,47820,19,,,1,22,,47819,6,,,1,70,,47827,19,,,1,30,,47821,19,,,1,70,,63861,28,,,1,30,,47822,19,,,1,70,,47829,19,,,1,28,,47830,19,,,1,112,,47812,1,,,1,100,,47813,1,,,1,100,,47824,19,,,1,100,,47814,1,,,1,100,,47815,1,,,1,100,,47825,19,,,1,88,,47823,17,,,1,312,,47816,1,,,1,100,,47817,1,,,1,100,,47826,19,,,1
301,'20260808',747,,47840,1,,,1,100,,47854,19,,,1,100,,47841,1,,,1,100,,47842,1,,,1,100,,47843,1,,,1,100,,47844,1,,,1,100,,47845,1,,,1,100,,47846,1,,,1,100,,47847,1,,,1,100,,47855,19,,,1,100,,47848,1,,,1,100,,47849,1,,,1,100,,47850,1,,,1,53,,63862,26,,,1,47,,47851,1,,,1,100,,47852,1,,,1,100,,47853,1,,,1
301,'20260809',747,,47865,1,,,1,100,,47879,19,,,1,100,,47866,1,,,1,100,,47867,1,,,1,100,,47868,1,,,1,100,,47869,1,,,1,100,,47870,1,,,1,100,,47871,1,,,1,100,,47872,1,,,1,100,,47880,19,,,1,100,,47873,1,,,1,100,,47874,1,,,1,100,,47875,1,,,1,53,,63863,26,,,1,47,,47876,1,,,1,100,,47877,1,,,1,100,,47878,1,,,1
301,'20260810',747,,64259,1,,,1,100,,64273,19,,,1,100,,64260,1,,,1,100,,64261,1,,,1,100,,64262,1,,,1,100,,64263,1,,,1,100,,64264,1,,,1,100,,64265,1,,,1,100,,64266,1,,,1,100,,64274,19,,,1,100,,64267,1,,,1,100,,64268,1,,,1,100,,64269,1,,,1,53,,64275,26,,,1,47,,64270,1,,,1,100,,64271,1,,,1,100,,64272,1,,,1
301,'20260811',544,,47948,6,,,1,70,,47950,19,,,1,22,,47949,6,,,1,70,,47957,19,,,1,30,,47951,19,,,1,70,,63865,28,,,1,30,,47952,19,,,1,70,,47959,19,,,1,28,,47960,19,,,1,112,,47942,1,,,1,100,,47943,1,,,1,100,,47954,19,,,1,100,,47944,1,,,1,100,,47945,1,,,1,100,,47955,19,,,1,88,,47953,17,,,1,312,,47946,1,,,1,100,,47947,1,,,1,100,,47956,19,,,1
301,'20260812',544,,47988,6,,,1,70,,47990,19,,,1,22,,47989,6,,,1,70,,47997,19,,,1,30,,47991,19,,,1,70,,63866,28,,,1,30,,47992,19,,,1,70,,47999,19,,,1,28,,48000,19,,,1,112,,47982,1,,,1,100,,47983,1,,,1,100,,47994,19,,,1,100,,47984,1,,,1,100,,47985,1,,,1,100,,47995,19,,,1,88,,47993,17,,,1,312,,47986,1,,,1,100,,47987,1,,,1,100,,47996,19,,,1
301,'20260813',544,,48028,6,,,1,70,,48030,19,,,1,22,,48029,6,,,1,70,,48037,19,,,1,30,,48031,19,,,1,70,,63867,28,,,1,30,,48032,19,,,1,70,,48039,19,,,1,28,,48040,19,,,1,112,,48022,1,,,1,100,,48023,1,,,1,100,,48034,19,,,1,100,,48024,1,,,1,100,,48025,1,,,1,100,,48035,19,,,1,88,,48033,17,,,1,312,,48026,1,,,1,100,,48027,1,,,1,100,,48036,19,,,1
301,'20260814',544,,48068,6,,,1,70,,48070,19,,,1,22,,48069,6,,,1,70,,48077,19,,,1,30,,48071,19,,,1,70,,63868,28,,,1,30,,48072,19,,,1,70,,48079,19,,,1,28,,48080,19,,,1,112,,48062,1,,,1,100,,48063,1,,,1,100,,48074,19,,,1,100,,48064,1,,,1,100,,48065,1,,,1,100,,48075,19,,,1,88,,48073,17,,,1,312,,48066,1,,,1,100,,48067,1,,,1,100,,48076,19,,,1
301,'20260815',747,,48090,1,,,1,100,,48104,19,,,1,100,,48091,1,,,1,100,,48092,1,,,1,100,,48093,1,,,1,100,,48094,1,,,1,100,,48095,1,,,1,100,,48096,1,,,1,100,,48097,1,,,1,100,,48105,19,,,1,100,,48098,1,,,1,100,,48099,1,,,1,100,,48100,1,,,1,53,,63869,26,,,1,47,,48101,1,,,1,100,,48102,1,,,1,100,,48103,1,,,1
301,'20260816',747,,48115,1,,,1,100,,48129,19,,,1,100,,48116,1,,,1,100,,48117,1,,,1,100,,48118,1,,,1,100,,48119,1,,,1,100,,48120,1,,,1,100,,48121,1,,,1,100,,48122,1,,,1,100,,48130,19,,,1,100,,48123,1,,,1,100,,48124,1,,,1,100,,48125,1,,,1,53,,63870,26,,,1,47,,48126,1,,,1,100,,48127,1,,,1,100,,48128,1,,,1
301,'20260817',747,,64277,1,,,1,100,,64291,19,,,1,100,,64278,1,,,1,100,,64279,1,,,1,100,,64280,1,,,1,100,,64281,1,,,1,100,,64282,1,,,1,100,,64283,1,,,1,100,,64284,1,,,1,100,,64292,19,,,1,100,,64285,1,,,1,100,,64286,1,,,1,100,,64287,1,,,1,53,,64293,26,,,1,47,,64288,1,,,1,100,,64289,1,,,1,100,,64290,1,,,1
301,'20260818',544,,48198,6,,,1,70,,48200,19,,,1,22,,48199,6,,,1,70,,48207,19,,,1,30,,48201,19,,,1,70,,63872,28,,,1,30,,48202,19,,,1,70,,48209,19,,,1,28,,48210,19,,,1,112,,48192,1,,,1,100,,48193,1,,,1,100,,48204,19,,,1,100,,48194,1,,,1,100,,48195,1,,,1,100,,48205,19,,,1,88,,48203,17,,,1,312,,48196,1,,,1,100,,48197,1,,,1,100,,48206,19,,,1
301,'20260819',544,,48238,6,,,1,70,,48240,19,,,1,22,,48239,6,,,1,70,,48247,19,,,1,30,,48241,19,,,1,70,,63873,28,,,1,30,,48242,19,,,1,70,,48249,19,,,1,28,,48250,19,,,1,112,,48232,1,,,1,100,,48233,1,,,1,100,,48244,19,,,1,100,,48234,1,,,1,100,,48235,1,,,1,100,,48245,19,,,1,88,,48243,17,,,1,312,,48236,1,,,1,100,,48237,1,,,1,100,,48246,19,,,1
301,'20260820',544,,48278,6,,,1,70,,48280,19,,,1,22,,48279,6,,,1,70,,48287,19,,,1,30,,48281,19,,,1,70,,63874,28,,,1,30,,48282,19,,,1,70,,48289,19,,,1,28,,48290,19,,,1,112,,48272,1,,,1,100,,48273,1,,,1,100,,48284,19,,,1,100,,48274,1,,,1,100,,48275,1,,,1,100,,48285,19,,,1,88,,48283,17,,,1,312,,48276,1,,,1,100,,48277,1,,,1,100,,48286,19,,,1
301,'20260821',544,,48318,6,,,1,70,,48320,19,,,1,22,,48319,6,,,1,70,,48327,19,,,1,30,,48321,19,,,1,70,,63875,28,,,1,30,,48322,19,,,1,70,,48329,19,,,1,28,,48330,19,,,1,112,,48312,1,,,1,100,,48313,1,,,1,100,,48324,19,,,1,100,,48314,1,,,1,100,,48315,1,,,1,100,,48325,19,,,1,88,,48323,17,,,1,312,,48316,1,,,1,100,,48317,1,,,1,100,,48326,19,,,1
301,'20260822',747,,48340,1,,,1,100,,48354,19,,,1,100,,48341,1,,,1,100,,48342,1,,,1,100,,48343,1,,,1,100,,48344,1,,,1,100,,48345,1,,,1,100,,48346,1,,,1,100,,48347,1,,,1,100,,48355,19,,,1,100,,48348,1,,,1,100,,48349,1,,,1,100,,48350,1,,,1,53,,63876,26,,,1,47,,48351,1,,,1,100,,48352,1,,,1,100,,48353,1,,,1
301,'20260823',747,,48365,1,,,1,100,,48379,19,,,1,100,,48366,1,,,1,100,,48367,1,,,1,100,,48368,1,,,1,100,,48369,1,,,1,100,,48370,1,,,1,100,,48371,1,,,1,100,,48372,1,,,1,100,,48380,19,,,1,100,,48373,1,,,1,100,,48374,1,,,1,100,,48375,1,,,1,53,,63877,26,,,1,47,,48376,1,,,1,100,,48377,1,,,1,100,,48378,1,,,1
301,'20260824',747,,64295,1,,,1,100,,64309,19,,,1,100,,64296,1,,,1,100,,64297,1,,,1,100,,64298,1,,,1,100,,64299,1,,,1,100,,64300,1,,,1,100,,64301,1,,,1,100,,64302,1,,,1,100,,64310,19,,,1,100,,64303,1,,,1,100,,64304,1,,,1,100,,64305,1,,,1,53,,64311,26,,,1,47,,64306,1,,,1,100,,64307,1,,,1,100,,64308,1,,,1
301,'20260825',544,,48448,6,,,1,70,,48450,19,,,1,22,,48449,6,,,1,70,,48457,19,,,1,30,,48451,19,,,1,70,,63879,28,,,1,30,,48452,19,,,1,70,,48459,19,,,1,28,,48460,19,,,1,112,,48442,1,,,1,100,,48443,1,,,1,100,,48454,19,,,1,100,,48444,1,,,1,100,,48445,1,,,1,100,,48455,19,,,1,88,,48453,17,,,1,312,,48446,1,,,1,100,,48447,1,,,1,100,,48456,19,,,1
301,'20260826',544,,48488,6,,,1,70,,48490,19,,,1,22,,48489,6,,,1,70,,48497,19,,,1,30,,48491,19,,,1,70,,63880,28,,,1,30,,48492,19,,,1,70,,48499,19,,,1,28,,48500,19,,,1,112,,48482,1,,,1,100,,48483,1,,,1,100,,48494,19,,,1,100,,48484,1,,,1,100,,48485,1,,,1,100,,48495,19,,,1,88,,48493,17,,,1,312,,48486,1,,,1,100,,48487,1,,,1,100,,48496,19,,,1
301,'20260827',544,,48528,6,,,1,70,,48530,19,,,1,22,,48529,6,,,1,70,,48537,19,,,1,30,,48531,19,,,1,70,,63881,28,,,1,30,,48532,19,,,1,70,,48539,19,,,1,28,,48540,19,,,1,112,,48522,1,,,1,100,,48523,1,,,1,100,,48534,19,,,1,100,,48524,1,,,1,100,,48525,1,,,1,100,,48535,19,,,1,88,,48533,17,,,1,312,,48526,1,,,1,100,,48527,1,,,1,100,,48536,19,,,1
301,'20260828',544,,48568,6,,,1,70,,48570,19,,,1,22,,48569,6,,,1,70,,48577,19,,,1,30,,48571,19,,,1,70,,63882,28,,,1,30,,48572,19,,,1,70,,48579,19,,,1,28,,48580,19,,,1,112,,48562,1,,,1,100,,48563,1,,,1,100,,48574,19,,,1,100,,48564,1,,,1,100,,48565,1,,,1,100,,48575,19,,,1,88,,48573,17,,,1,312,,48566,1,,,1,100,,48567,1,,,1,100,,48576,19,,,1
301,'20260829',747,,48590,1,,,1,100,,48604,19,,,1,100,,48591,1,,,1,100,,48592,1,,,1,100,,48593,1,,,1,100,,48594,1,,,1,100,,48595,1,,,1,100,,48596,1,,,1,100,,48597,1,,,1,100,,48605,19,,,1,100,,48598,1,,,1,100,,48599,1,,,1,100,,48600,1,,,1,53,,63883,26,,,1,47,,48601,1,,,1,100,,48602,1,,,1,100,,48603,1,,,1
301,'20260830',747,,48615,1,,,1,100,,48629,19,,,1,100,,48616,1,,,1,100,,48617,1,,,1,100,,48618,1,,,1,100,,48619,1,,,1,100,,48620,1,,,1,100,,48621,1,,,1,100,,48622,1,,,1,100,,48630,19,,,1,100,,48623,1,,,1,100,,48624,1,,,1,100,,48625,1,,,1,53,,63884,26,,,1,47,,48626,1,,,1,100,,48627,1,,,1,100,,48628,1,,,1
301,'20260831',747,,64313,1,,,1,100,,64327,19,,,1,100,,64314,1,,,1,100,,64315,1,,,1,100,,64316,1,,,1,100,,64317,1,,,1,100,,64318,1,,,1,100,,64319,1,,,1,100,,64320,1,,,1,100,,64328,19,,,1,100,,64321,1,,,1,100,,64322,1,,,1,100,,64323,1,,,1,53,,64329,26,,,1,47,,64324,1,,,1,100,,64325,1,,,1,100,,64326,1,,,1
301,'20260901',544,,48698,6,,,1,70,,48700,19,,,1,22,,48699,6,,,1,70,,48707,19,,,1,30,,48701,19,,,1,70,,63886,28,,,1,30,,48702,19,,,1,70,,48709,19,,,1,28,,48710,19,,,1,112,,48692,1,,,1,100,,48693,1,,,1,100,,48704,19,,,1,100,,48694,1,,,1,100,,48695,1,,,1,100,,48705,19,,,1,88,,48703,17,,,1,312,,48696,1,,,1,100,,48697,1,,,1,100,,48706,19,,,1
301,'20260902',544,,48738,6,,,1,70,,48740,19,,,1,22,,48739,6,,,1,70,,48747,19,,,1,30,,48741,19,,,1,70,,63887,28,,,1,30,,48742,19,,,1,70,,48749,19,,,1,28,,48750,19,,,1,112,,48732,1,,,1,100,,48733,1,,,1,100,,48744,19,,,1,100,,48734,1,,,1,100,,48735,1,,,1,100,,48745,19,,,1,88,,48743,17,,,1,312,,48736,1,,,1,100,,48737,1,,,1,100,,48746,19,,,1
301,'20260903',544,,48778,6,,,1,70,,48780,19,,,1,22,,48779,6,,,1,70,,48787,19,,,1,30,,48781,19,,,1,70,,63888,28,,,1,30,,48782,19,,,1,70,,48789,19,,,1,28,,48790,19,,,1,112,,48772,1,,,1,100,,48773,1,,,1,100,,48784,19,,,1,100,,48774,1,,,1,100,,48775,1,,,1,100,,48785,19,,,1,88,,48783,17,,,1,312,,48776,1,,,1,100,,48777,1,,,1,100,,48786,19,,,1
301,'20260904',544,,48818,6,,,1,70,,48820,19,,,1,22,,48819,6,,,1,70,,48827,19,,,1,30,,48821,19,,,1,70,,63889,28,,,1,30,,48822,19,,,1,70,,48829,19,,,1,28,,48830,19,,,1,112,,48812,1,,,1,100,,48813,1,,,1,100,,48824,19,,,1,100,,48814,1,,,1,100,,48815,1,,,1,100,,48825,19,,,1,88,,48823,17,,,1,312,,48816,1,,,1,100,,48817,1,,,1,100,,48826,19,,,1
