900,'20260305',640,,29808,,,1,70,,29829,,,1,37,,29809,,,1,67,,29830,,,1,30,,29810,,,1,70,,29831,,,1,30,,29811,,,1,81,,29834,,,1,30,,29814,,,1,70,,29835,,,1,30,,29815,,,1,70,,29836,,,1,30,,29816,,,1,70,,29837,,,1,30,,29817,,,1,70,,29838,,,1,30,,29818,,,1,70,,29839,,,1,31,,29819,,,1,70,,29840,,,1,13,,29812,,,1,10,,29849,0,5,1,10,,29820,,,1,50,,29832,,,1,10,,29851,0,5,1,10,,29841,,,1,10,,29813,,,1,10,,29850,0,5,1,10,,29821,,,1,52,,29833,,,1,15,,29842,,,1,30,,29822,,,1,70,,29843,,,1,30,,29823,,,1,69,,29844,,,1,30,,29824,,,1,70,,29845,,,1,30,,29825,,,1,70,,29846,,,1,30,,29826,,,1,70,,29847,,,1,32,,29827,,,1,68,,29848,,,1,30,,29828,,,1
900,'20260306',640,,29852,,,1,70,,29873,,,1,37,,29853,,,1,67,,29874,,,1,30,,29854,,,1,70,,29875,,,1,30,,29855,,,1,81,,29878,,,1,30,,29858,,,1,70,,29879,,,1,30,,29859,,,1,70,,29880,,,1,30,,29860,,,1,70,,29881,,,1,30,,29861,,,1,70,,29882,,,1,30,,29862,,,1,70,,29883,,,1,31,,29863,,,1,70,,29884,,,1,13,,29856,,,1,10,,29894,0,5,1,10,,29864,,,1,50,,29876,,,1,10,,29896,0,5,1,10,,29885,,,1,10,,29857,,,1,10,,29895,0,5,1,10,,29865,,,1,52,,29877,,,1,15,,29886,,,1,30,,29866,,,1,70,,29887,,,1,30,,29867,,,1,69,,29888,,,1,30,,29868,,,1,70,,29889,,,1,30,,29869,,,1,70,,29890,,,1,30,,29870,,,1,70,,29891,,,1,32,,29871,,,1,68,,29892,,,1,30,,29872,,,1,70,,29893,,,1
900,'20260307',925,,29913,,,1,30,,29897,,,1,70,,29914,,,1,30,,29898,,,1,70,,29915,,,1,30,,29899,,,1,70,,29916,,,1,30,,29900,,,1,70,,29917,,,1,30,,29901,,,1,70,,29918,,,1,30,,29902,,,1,70,,29919,,,1,30,,29903,,,1,70,,29920,,,1,30,,29904,,,1,70,,29921,,,1,30,,29905,,,1,70,,29922,,,1,30,,29906,,,1,70,,29923,,,1,30,,29907,,,1,70,,29924,,,1,30,,29908,,,1,70,,29925,,,1,30,,29909,,,1,70,,29926,,,1,30,,29910,,,1,70,,29927,,,1,30,,29911,,,1,70,,29928,,,1,30,,29912,,,1,70,,29929,,,1
900,'20260308',925,,29946,,,1,30,,29930,,,1,70,,29947,,,1,30,,29931,,,1,70,,29948,,,1,30,,29932,,,1,70,,29949,,,1,30,,29933,,,1,70,,29950,,,1,30,,29934,,,1,70,,29951,,,1,30,,29935,,,1,70,,29952,,,1,30,,29936,,,1,70,,29953,,,1,30,,29937,,,1,70,,29954,,,1,30,,29938,,,1,70,,29955,,,1,30,,29939,,,1,70,,29956,,,1,30,,29940,,,1,70,,29957,,,1,30,,29941,,,1,70,,29958,,,1,30,,29942,,,1,70,,29959,,,1,30,,29943,,,1,70,,29960,,,1,30,,29944,,,1,70,,29961,,,1,30,,29945,,,1
900,'20260309',640,,29962,,,1,70,,29983,,,1,37,,29963,,,1,67,,29984,,,1,30,,29964,,,1,70,,29985,,,1,30,,29965,,,1,81,,29988,,,1,30,,29968,,,1,70,,29989,,,1,30,,29969,,,1,70,,29990,,,1,30,,29970,,,1,70,,29991,,,1,30,,29971,,,1,70,,29992,,,1,30,,29972,,,1,70,,29993,,,1,31,,29973,,,1,70,,29994,,,1,13,,29966,,,1,10,,30003,0,5,1,10,,29974,,,1,50,,29986,,,1,10,,30005,0,5,1,10,,29995,,,1,10,,29967,,,1,10,,30004,0,5,1,10,,29975,,,1,52,,29987,,,1,15,,29996,,,1,30,,29976,,,1,70,,29997,,,1,30,,29977,,,1,69,,29998,,,1,30,,29978,,,1,70,,29999,,,1,30,,29979,,,1,70,,30000,,,1,30,,29980,,,1,70,,30001,,,1,32,,29981,,,1,68,,30002,,,1,30,,29982,,,1
900,'20260310',640,,30006,,,1,70,,30027,,,1,37,,30007,,,1,67,,30028,,,1,30,,30008,,,1,70,,30029,,,1,30,,30009,,,1,81,,30032,,,1,30,,30012,,,1,70,,30033,,,1,30,,30013,,,1,70,,30034,,,1,30,,30014,,,1,70,,30035,,,1,30,,30015,,,1,70,,30036,,,1,30,,30016,,,1,70,,30037,,,1,31,,30017,,,1,70,,30038,,,1,13,,30010,,,1,10,,30047,0,5,1,10,,30018,,,1,50,,30030,,,1,10,,30049,0,5,1,10,,30039,,,1,10,,30011,,,1,10,,30048,0,5,1,10,,30019,,,1,52,,30031,,,1,15,,30040,,,1,30,,30020,,,1,70,,30041,,,1,30,,30021,,,1,69,,30042,,,1,30,,30022,,,1,70,,30043,,,1,30,,30023,,,1,70,,30044,,,1,30,,30024,,,1,70,,30045,,,1,32,,30025,,,1,68,,30046,,,1,30,,30026,,,1
900,'20260311',640,,30050,,,1,70,,30071,,,1,37,,30051,,,1,67,,30072,,,1,30,,30052,,,1,70,,30073,,,1,30,,30053,,,1,81,,30076,,,1,30,,30056,,,1,70,,30077,,,1,30,,30057,,,1,70,,30078,,,1,30,,30058,,,1,70,,30079,,,1,30,,30059,,,1,70,,30080,,,1,30,,30060,,,1,70,,30081,,,1,31,,30061,,,1,70,,30082,,,1,13,,30054,,,1,10,,30091,0,5,1,10,,30062,,,1,50,,30074,,,1,10,,30093,0,5,1,10,,30083,,,1,10,,30055,,,1,10,,30092,0,5,1,10,,30063,,,1,52,,30075,,,1,15,,30084,,,1,30,,30064,,,1,70,,30085,,,1,30,,30065,,,1,69,,30086,,,1,30,,30066,,,1,70,,30087,,,1,30,,30067,,,1,70,,30088,,,1,30,,30068,,,1,70,,30089,,,1,32,,30069,,,1,68,,30090,,,1,30,,30070,,,1
900,'20260312',640,,30094,,,1,70,,30115,,,1,37,,30095,,,1,67,,30116,,,1,30,,30096,,,1,70,,30117,,,1,30,,30097,,,1,81,,30120,,,1,30,,30100,,,1,70,,30121,,,1,30,,30101,,,1,70,,30122,,,1,30,,30102,,,1,70,,30123,,,1,30,,30103,,,1,70,,30124,,,1,30,,30104,,,1,70,,30125,,,1,31,,30105,,,1,70,,30126,,,1,13,,30098,,,1,10,,30135,0,5,1,10,,30106,,,1,50,,30118,,,1,10,,30137,0,5,1,10,,30127,,,1,10,,30099,,,1,10,,30136,0,5,1,10,,30107,,,1,52,,30119,,,1,15,,30128,,,1,30,,30108,,,1,70,,30129,,,1,30,,30109,,,1,69,,30130,,,1,30,,30110,,,1,70,,30131,,,1,30,,30111,,,1,70,,30132,,,1,30,,30112,,,1,70,,30133,,,1,32,,30113,,,1,68,,30134,,,1,30,,30114,,,1
900,'20260313',640,,30138,,,1,70,,30159,,,1,37,,30139,,,1,67,,30160,,,1,30,,30140,,,1,70,,30161,,,1,30,,30141,,,1,81,,30164,,,1,30,,30144,,,1,70,,30165,,,1,30,,30145,,,1,70,,30166,,,1,30,,30146,,,1,70,,30167,,,1,30,,30147,,,1,70,,30168,,,1,30,,30148,,,1,70,,30169,,,1,31,,30149,,,1,70,,30170,,,1,13,,30142,,,1,10,,30180,0,5,1,10,,30150,,,1,50,,30162,,,1,10,,30182,0,5,1,10,,30171,,,1,10,,30143,,,1,10,,30181,0,5,1,10,,30151,,,1,52,,30163,,,1,15,,30172,,,1,30,,30152,,,1,70,,30173,,,1,30,,30153,,,1,69,,30174,,,1,30,,30154,,,1,70,,30175,,,1,30,,30155,,,1,70,,30176,,,1,30,,30156,,,1,70,,30177,,,1,32,,30157,,,1,68,,30178,,,1,30,,30158,,,1,70,,30179,,,1
900,'20260314',925,,30199,,,1,30,,30183,,,1,70,,30200,,,1,30,,30184,,,1,70,,30201,,,1,30,,30185,,,1,70,,30202,,,1,30,,30186,,,1,70,,30203,,,1,30,,30187,,,1,70,,30204,,,1,30,,30188,,,1,70,,30205,,,1,30,,30189,,,1,70,,30206,,,1,30,,30190,,,1,70,,30207,,,1,30,,30191,,,1,70,,30208,,,1,30,,30192,,,1,70,,30209,,,1,30,,30193,,,1,70,,30210,,,1,30,,30194,,,1,70,,30211,,,1,30,,30195,,,1,70,,30212,,,1,30,,30196,,,1,70,,30213,,,1,30,,30197,,,1,70,,30214,,,1,30,,30198,,,1,70,,30215,,,1
900,'20260315',925,,30232,,,1,30,,30216,,,1,70,,30233,,,1,30,,30217,,,1,70,,30234,,,1,30,,30218,,,1,70,,30235,,,1,30,,30219,,,1,70,,30236,,,1,30,,30220,,,1,70,,30237,,,1,30,,30221,,,1,70,,30238,,,1,30,,30222,,,1,70,,30239,,,1,30,,30223,,,1,70,,30240,,,1,30,,30224,,,1,70,,30241,,,1,30,,30225,,,1,70,,30242,,,1,30,,30226,,,1,70,,30243,,,1,30,,30227,,,1,70,,30244,,,1,30,,30228,,,1,70,,30245,,,1,30,,30229,,,1,70,,30246,,,1,30,,30230,,,1,70,,30247,,,1,30,,30231,,,1
900,'20260316',640,,30248,,,1,70,,30269,,,1,37,,30249,,,1,67,,30270,,,1,30,,30250,,,1,70,,30271,,,1,30,,30251,,,1,81,,30274,,,1,30,,30254,,,1,70,,30275,,,1,30,,30255,,,1,70,,30276,,,1,30,,30256,,,1,70,,30277,,,1,30,,30257,,,1,70,,30278,,,1,30,,30258,,,1,70,,30279,,,1,31,,30259,,,1,70,,30280,,,1,13,,30252,,,1,10,,30289,0,5,1,10,,30260,,,1,50,,30272,,,1,10,,30291,0,5,1,10,,30281,,,1,10,,30253,,,1,10,,30290,0,5,1,10,,30261,,,1,52,,30273,,,1,15,,30282,,,1,30,,30262,,,1,70,,30283,,,1,30,,30263,,,1,69,,30284,,,1,30,,30264,,,1,70,,30285,,,1,30,,30265,,,1,70,,30286,,,1,30,,30266,,,1,70,,30287,,,1,32,,30267,,,1,68,,30288,,,1,30,,30268,,,1
900,'20260317',640,,30292,,,1,70,,30313,,,1,37,,30293,,,1,67,,30314,,,1,30,,30294,,,1,70,,30315,,,1,30,,30295,,,1,81,,30318,,,1,30,,30298,,,1,70,,30319,,,1,30,,30299,,,1,70,,30320,,,1,30,,30300,,,1,70,,30321,,,1,30,,30301,,,1,70,,30322,,,1,30,,30302,,,1,70,,30323,,,1,31,,30303,,,1,70,,30324,,,1,13,,30296,,,1,10,,30333,0,5,1,10,,30304,,,1,50,,30316,,,1,10,,30335,0,5,1,10,,30325,,,1,10,,30297,,,1,10,,30334,0,5,1,10,,30305,,,1,52,,30317,,,1,15,,30326,,,1,30,,30306,,,1,70,,30327,,,1,30,,30307,,,1,69,,30328,,,1,30,,30308,,,1,70,,30329,,,1,30,,30309,,,1,70,,30330,,,1,30,,30310,,,1,70,,30331,,,1,32,,30311,,,1,68,,30332,,,1,30,,30312,,,1
900,'20260318',640,,30336,,,1,70,,30357,,,1,37,,30337,,,1,67,,30358,,,1,30,,30338,,,1,70,,30359,,,1,30,,30339,,,1,81,,30362,,,1,30,,30342,,,1,70,,30363,,,1,30,,30343,,,1,70,,30364,,,1,30,,30344,,,1,70,,30365,,,1,30,,30345,,,1,70,,30366,,,1,30,,30346,,,1,70,,30367,,,1,31,,30347,,,1,70,,30368,,,1,13,,30340,,,1,10,,30377,0,5,1,10,,30348,,,1,50,,30360,,,1,10,,30379,0,5,1,10,,30369,,,1,10,,30341,,,1,10,,30378,0,5,1,10,,30349,,,1,52,,30361,,,1,15,,30370,,,1,30,,30350,,,1,70,,30371,,,1,30,,30351,,,1,69,,30372,,,1,30,,30352,,,1,70,,30373,,,1,30,,30353,,,1,70,,30374,,,1,30,,30354,,,1,70,,30375,,,1,32,,30355,,,1,68,,30376,,,1,30,,30356,,,1
900,'20260319',640,,30380,,,1,70,,30401,,,1,37,,30381,,,1,67,,30402,,,1,30,,30382,,,1,70,,30403,,,1,30,,30383,,,1,81,,30406,,,1,30,,30386,,,1,70,,30407,,,1,30,,30387,,,1,70,,30408,,,1,30,,30388,,,1,70,,30409,,,1,30,,30389,,,1,70,,30410,,,1,30,,30390,,,1,70,,30411,,,1,31,,30391,,,1,70,,30412,,,1,13,,30384,,,1,10,,30421,0,5,1,10,,30392,,,1,50,,30404,,,1,10,,30423,0,5,1,10,,30413,,,1,10,,30385,,,1,10,,30422,0,5,1,10,,30393,,,1,52,,30405,,,1,15,,30414,,,1,30,,30394,,,1,70,,30415,,,1,30,,30395,,,1,69,,30416,,,1,30,,30396,,,1,70,,30417,,,1,30,,30397,,,1,70,,30418,,,1,30,,30398,,,1,70,,30419,,,1,32,,30399,,,1,68,,30420,,,1,30,,30400,,,1
900,'20260320',640,,30424,,,1,70,,30445,,,1,37,,30425,,,1,67,,30446,,,1,30,,30426,,,1,70,,30447,,,1,30,,30427,,,1,81,,30450,,,1,30,,30430,,,1,70,,30451,,,1,30,,30431,,,1,70,,30452,,,1,30,,30432,,,1,70,,30453,,,1,30,,30433,,,1,70,,30454,,,1,30,,30434,,,1,70,,30455,,,1,31,,30435,,,1,70,,30456,,,1,13,,30428,,,1,10,,30466,0,5,1,10,,30436,,,1,50,,30448,,,1,10,,30468,0,5,1,10,,30457,,,1,10,,30429,,,1,10,,30467,0,5,1,10,,30437,,,1,52,,30449,,,1,15,,30458,,,1,30,,30438,,,1,70,,30459,,,1,30,,30439,,,1,69,,30460,,,1,30,,30440,,,1,70,,30461,,,1,30,,30441,,,1,70,,30462,,,1,30,,30442,,,1,70,,30463,,,1,32,,30443,,,1,68,,30464,,,1,30,,30444,,,1,70,,30465,,,1
900,'20260321',925,,30485,,,1,30,,30469,,,1,70,,30486,,,1,30,,30470,,,1,70,,30487,,,1,30,,30471,,,1,70,,30488,,,1,30,,30472,,,1,70,,30489,,,1,30,,30473,,,1,70,,30490,,,1,30,,30474,,,1,70,,30491,,,1,30,,30475,,,1,70,,30492,,,1,30,,30476,,,1,70,,30493,,,1,30,,30477,,,1,70,,30494,,,1,30,,30478,,,1,70,,30495,,,1,30,,30479,,,1,70,,30496,,,1,30,,30480,,,1,70,,30497,,,1,30,,30481,,,1,70,,30498,,,1,30,,30482,,,1,70,,30499,,,1,30,,30483,,,1,70,,30500,,,1,30,,30484,,,1,70,,30501,,,1
900,'20260322',925,,30518,,,1,30,,30502,,,1,70,,30519,,,1,30,,30503,,,1,70,,30520,,,1,30,,30504,,,1,70,,30521,,,1,30,,30505,,,1,70,,30522,,,1,30,,30506,,,1,70,,30523,,,1,30,,30507,,,1,70,,30524,,,1,30,,30508,,,1,70,,30525,,,1,30,,30509,,,1,70,,30526,,,1,30,,30510,,,1,70,,30527,,,1,30,,30511,,,1,70,,30528,,,1,30,,30512,,,1,70,,30529,,,1,30,,30513,,,1,70,,30530,,,1,30,,30514,,,1,70,,30531,,,1,30,,30515,,,1,70,,30532,,,1,30,,30516,,,1,70,,30533,,,1,30,,30517,,,1
900,'20260323',640,,30534,,,1,70,,30555,,,1,37,,30535,,,1,67,,30556,,,1,30,,30536,,,1,70,,30557,,,1,30,,30537,,,1,81,,30560,,,1,30,,30540,,,1,70,,30561,,,1,30,,30541,,,1,70,,30562,,,1,30,,30542,,,1,70,,30563,,,1,30,,30543,,,1,70,,30564,,,1,30,,30544,,,1,70,,30565,,,1,31,,30545,,,1,70,,30566,,,1,13,,30538,,,1,10,,30575,0,5,1,10,,30546,,,1,50,,30558,,,1,10,,30577,0,5,1,10,,30567,,,1,10,,30539,,,1,10,,30576,0,5,1,10,,30547,,,1,52,,30559,,,1,15,,30568,,,1,30,,30548,,,1,70,,30569,,,1,30,,30549,,,1,69,,30570,,,1,30,,30550,,,1,70,,30571,,,1,30,,30551,,,1,70,,30572,,,1,30,,30552,,,1,70,,30573,,,1,32,,30553,,,1,68,,30574,,,1,30,,30554,,,1
900,'20260324',640,,30578,,,1,70,,30599,,,1,37,,30579,,,1,67,,30600,,,1,30,,30580,,,1,70,,30601,,,1,30,,30581,,,1,81,,30604,,,1,30,,30584,,,1,70,,30605,,,1,30,,30585,,,1,70,,30606,,,1,30,,30586,,,1,70,,30607,,,1,30,,30587,,,1,70,,30608,,,1,30,,30588,,,1,70,,30609,,,1,31,,30589,,,1,70,,30610,,,1,13,,30582,,,1,10,,30619,0,5,1,10,,30590,,,1,50,,30602,,,1,10,,30621,0,5,1,10,,30611,,,1,10,,30583,,,1,10,,30620,0,5,1,10,,30591,,,1,52,,30603,,,1,15,,30612,,,1,30,,30592,,,1,70,,30613,,,1,30,,30593,,,1,69,,30614,,,1,30,,30594,,,1,70,,30615,,,1,30,,30595,,,1,70,,30616,,,1,30,,30596,,,1,70,,30617,,,1,32,,30597,,,1,68,,30618,,,1,30,,30598,,,1
900,'20260325',640,,30622,,,1,70,,30643,,,1,37,,30623,,,1,67,,30644,,,1,30,,30624,,,1,70,,30645,,,1,30,,30625,,,1,81,,30648,,,1,30,,30628,,,1,70,,30649,,,1,30,,30629,,,1,70,,30650,,,1,30,,30630,,,1,70,,30651,,,1,30,,30631,,,1,70,,30652,,,1,30,,30632,,,1,70,,30653,,,1,31,,30633,,,1,70,,30654,,,1,13,,30626,,,1,10,,30663,0,5,1,10,,30634,,,1,50,,30646,,,1,10,,30665,0,5,1,10,,30655,,,1,10,,30627,,,1,10,,30664,0,5,1,10,,30635,,,1,52,,30647,,,1,15,,30656,,,1,30,,30636,,,1,70,,30657,,,1,30,,30637,,,1,69,,30658,,,1,30,,30638,,,1,70,,30659,,,1,30,,30639,,,1,70,,30660,,,1,30,,30640,,,1,70,,30661,,,1,32,,30641,,,1,68,,30662,,,1,30,,30642,,,1
900,'20260326',640,,30666,,,1,70,,30687,,,1,37,,30667,,,1,67,,30688,,,1,30,,30668,,,1,70,,30689,,,1,30,,30669,,,1,81,,30692,,,1,30,,30672,,,1,70,,30693,,,1,30,,30673,,,1,70,,30694,,,1,30,,30674,,,1,70,,30695,,,1,30,,30675,,,1,70,,30696,,,1,30,,30676,,,1,70,,30697,,,1,31,,30677,,,1,70,,30698,,,1,13,,30670,,,1,10,,30707,0,5,1,10,,30678,,,1,50,,30690,,,1,10,,30709,0,5,1,10,,30699,,,1,10,,30671,,,1,10,,30708,0,5,1,10,,30679,,,1,52,,30691,,,1,15,,30700,,,1,30,,30680,,,1,70,,30701,,,1,30,,30681,,,1,69,,30702,,,1,30,,30682,,,1,70,,30703,,,1,30,,30683,,,1,70,,30704,,,1,30,,30684,,,1,70,,30705,,,1,32,,30685,,,1,68,,30706,,,1,30,,30686,,,1
900,'20260327',640,,30710,,,1,70,,30731,,,1,37,,30711,,,1,67,,30732,,,1,30,,30712,,,1,70,,30733,,,1,30,,30713,,,1,81,,30736,,,1,30,,30716,,,1,70,,30737,,,1,30,,30717,,,1,70,,30738,,,1,30,,30718,,,1,70,,30739,,,1,30,,30719,,,1,70,,30740,,,1,30,,30720,,,1,70,,30741,,,1,31,,30721,,,1,70,,30742,,,1,13,,30714,,,1,10,,30752,0,5,1,10,,30722,,,1,50,,30734,,,1,10,,30754,0,5,1,10,,30743,,,1,10,,30715,,,1,10,,30753,0,5,1,10,,30723,,,1,52,,30735,,,1,15,,30744,,,1,30,,30724,,,1,70,,30745,,,1,30,,30725,,,1,69,,30746,,,1,30,,30726,,,1,70,,30747,,,1,30,,30727,,,1,70,,30748,,,1,30,,30728,,,1,70,,30749,,,1,32,,30729,,,1,68,,30750,,,1,30,,30730,,,1,70,,30751,,,1
900,'20260328',925,,30771,,,1,100,,30772,,,1,100,,30773,,,1,100,,30774,,,1,100,,30775,,,1,100,,30776,,,1,100,,30777,,,1,100,,30778,,,1,100,,30779,,,1,100,,30780,,,1,100,,30781,,,1,85,,36665,,,1,15,,30782,,,1,100,,30783,,,1,100,,30784,,,1,100,,30785,,,1,100,,30786,,,1,100,,30787,,,1
900,'20260329',925,,30804,,,1,100,,30805,,,1,100,,30806,,,1,100,,30807,,,1,100,,30808,,,1,100,,30809,,,1,100,,30810,,,1,100,,30811,,,1,100,,30812,,,1,100,,30813,,,1,100,,30814,,,1,100,,30815,,,1,100,,30816,,,1,100,,30817,,,1,100,,30818,,,1,100,,30819,,,1
900,'20260330',640,,30820,,,1,70,,30841,,,1,37,,30821,,,1,67,,30842,,,1,30,,30822,,,1,70,,30843,,,1,30,,30823,,,1,81,,30846,,,1,30,,30826,,,1,70,,30847,,,1,30,,30827,,,1,70,,30848,,,1,30,,30828,,,1,70,,30849,,,1,30,,30829,,,1,70,,30850,,,1,30,,30830,,,1,70,,30851,,,1,31,,30831,,,1,70,,30852,,,1,13,,30824,,,1,10,,30861,0,5,1,10,,30832,,,1,50,,30844,,,1,10,,30863,0,5,1,10,,30853,,,1,10,,30825,,,1,10,,30862,0,5,1,10,,30833,,,1,52,,30845,,,1,15,,30854,,,1,30,,30834,,,1,70,,30855,,,1,30,,30835,,,1,69,,30856,,,1,30,,30836,,,1,70,,30857,,,1,30,,30837,,,1,70,,30858,,,1,30,,30838,,,1,70,,30859,,,1,32,,30839,,,1,68,,30860,,,1,30,,30840,,,1
900,'20260331',640,,30864,,,1,70,,30885,,,1,37,,30865,,,1,67,,30886,,,1,30,,30866,,,1,70,,30887,,,1,30,,30867,,,1,81,,30890,,,1,30,,30870,,,1,70,,30891,,,1,30,,30871,,,1,70,,30892,,,1,30,,30872,,,1,70,,30893,,,1,30,,30873,,,1,70,,30894,,,1,30,,30874,,,1,70,,30895,,,1,31,,30875,,,1,70,,30896,,,1,13,,30868,,,1,10,,30905,0,5,1,10,,30876,,,1,50,,30888,,,1,10,,30907,0,5,1,10,,30897,,,1,10,,30869,,,1,10,,30906,0,5,1,10,,30877,,,1,52,,30889,,,1,15,,30898,,,1,30,,30878,,,1,70,,30899,,,1,30,,30879,,,1,69,,30900,,,1,30,,30880,,,1,70,,30901,,,1,30,,30881,,,1,70,,30902,,,1,30,,30882,,,1,70,,30903,,,1,32,,30883,,,1,68,,30904,,,1,30,,30884,,,1
900,'20260401',640,,30908,,,1,70,,30929,,,1,37,,30909,,,1,67,,30930,,,1,30,,30910,,,1,70,,30931,,,1,30,,30911,,,1,81,,30934,,,1,30,,30914,,,1,70,,30935,,,1,30,,30915,,,1,70,,30936,,,1,30,,30916,,,1,70,,30937,,,1,30,,30917,,,1,70,,30938,,,1,30,,30918,,,1,70,,30939,,,1,31,,30919,,,1,70,,30940,,,1,13,,30912,,,1,10,,30949,0,5,1,10,,30920,,,1,50,,30932,,,1,10,,30951,0,5,1,10,,30941,,,1,10,,30913,,,1,10,,30950,0,5,1,10,,30921,,,1,52,,30933,,,1,15,,30942,,,1,30,,30922,,,1,70,,30943,,,1,30,,30923,,,1,69,,30944,,,1,30,,30924,,,1,70,,30945,,,1,30,,30925,,,1,70,,30946,,,1,30,,30926,,,1,70,,30947,,,1,32,,30927,,,1,68,,30948,,,1,30,,30928,,,1
900,'20260402',640,,30952,,,1,70,,30973,,,1,37,,30953,,,1,67,,30974,,,1,30,,30954,,,1,70,,30975,,,1,30,,30955,,,1,81,,30978,,,1,30,,30958,,,1,70,,30979,,,1,30,,30959,,,1,70,,30980,,,1,30,,30960,,,1,70,,30981,,,1,30,,30961,,,1,70,,30982,,,1,30,,30962,,,1,70,,30983,,,1,31,,30963,,,1,70,,30984,,,1,13,,30956,,,1,10,,30993,0,5,1,10,,30964,,,1,50,,30976,,,1,10,,30995,0,5,1,10,,30985,,,1,10,,30957,,,1,10,,30994,0,5,1,10,,30965,,,1,52,,30977,,,1,15,,30986,,,1,30,,30966,,,1,70,,30987,,,1,30,,30967,,,1,69,,30988,,,1,30,,30968,,,1,70,,30989,,,1,30,,30969,,,1,70,,30990,,,1,30,,30970,,,1,70,,30991,,,1,32,,30971,,,1,68,,30992,,,1,30,,30972,,,1
900,'20260403',925,,36667,,,1,30,,36666,,,1,70,,31022,,,1,30,,31002,,,1,70,,31023,,,1,30,,31003,,,1,70,,31024,,,1,30,,31004,,,1,70,,31025,,,1,30,,31005,,,1,70,,31026,,,1,30,,31006,,,1,70,,31027,,,1,30,,31007,,,1,70,,31028,,,1,30,,31008,,,1,70,,31029,,,1,30,,31009,,,1,70,,31030,,,1,30,,31010,,,1,70,,31031,,,1,30,,31011,,,1,70,,31032,,,1,30,,31012,,,1,70,,31033,,,1,30,,31013,,,1,70,,31034,,,1,30,,31014,,,1,70,,31035,,,1,30,,31015,,,1,70,,31036,,,1,30,,31016,,,1,70,,31037,,,1
900,'20260404',925,,31057,,,1,30,,31041,,,1,70,,31058,,,1,30,,31042,,,1,70,,31059,,,1,30,,31043,,,1,70,,31060,,,1,30,,31044,,,1,70,,31061,,,1,30,,31045,,,1,70,,31062,,,1,30,,31046,,,1,70,,31063,,,1,30,,31047,,,1,70,,31064,,,1,30,,31048,,,1,70,,31065,,,1,30,,31049,,,1,70,,31066,,,1,30,,31050,,,1,70,,31067,,,1,30,,31051,,,1,70,,31068,,,1,30,,31052,,,1,70,,31069,,,1,30,,31053,,,1,70,,31070,,,1,30,,31054,,,1,70,,31071,,,1,30,,31055,,,1,70,,31072,,,1,30,,31056,,,1,70,,31073,,,1
900,'20260405',925,,31090,,,1,30,,31074,,,1,70,,31091,,,1,30,,31075,,,1,70,,31092,,,1,30,,31076,,,1,70,,31093,,,1,30,,31077,,,1,70,,31094,,,1,30,,31078,,,1,70,,31095,,,1,30,,31079,,,1,70,,31096,,,1,30,,31080,,,1,70,,31097,,,1,30,,31081,,,1,70,,31098,,,1,30,,31082,,,1,70,,31099,,,1,30,,31083,,,1,70,,31100,,,1,30,,31084,,,1,70,,31101,,,1,30,,31085,,,1,70,,31102,,,1,30,,31086,,,1,70,,31103,,,1,30,,31087,,,1,70,,31104,,,1,30,,31088,,,1,70,,31105,,,1,30,,31089,,,1,70,,36569,,,1
900,'20260406',640,,31106,,,1,70,,31127,,,1,37,,31107,,,1,67,,31128,,,1,30,,31108,,,1,70,,31129,,,1,30,,31109,,,1,81,,31132,,,1,30,,31112,,,1,70,,31133,,,1,30,,31113,,,1,70,,31134,,,1,30,,31114,,,1,70,,31135,,,1,30,,31115,,,1,70,,31136,,,1,30,,31116,,,1,70,,31137,,,1,31,,31117,,,1,70,,31138,,,1,13,,31110,,,1,10,,31147,0,5,1,10,,31118,,,1,50,,31130,,,1,10,,31149,0,5,1,10,,31139,,,1,10,,31111,,,1,10,,31148,0,5,1,10,,31119,,,1,52,,31131,,,1,15,,31140,,,1,30,,31120,,,1,70,,31141,,,1,30,,31121,,,1,69,,31142,,,1,30,,31122,,,1,70,,31143,,,1,30,,31123,,,1,70,,31144,,,1,30,,31124,,,1,70,,31145,,,1,32,,31125,,,1,68,,31146,,,1,30,,31126,,,1
900,'20260407',640,,31150,,,1,70,,31171,,,1,37,,31151,,,1,67,,31172,,,1,30,,31152,,,1,70,,31173,,,1,30,,31153,,,1,81,,31176,,,1,30,,31156,,,1,70,,31177,,,1,30,,31157,,,1,70,,31178,,,1,30,,31158,,,1,70,,31179,,,1,30,,31159,,,1,70,,31180,,,1,30,,31160,,,1,70,,31181,,,1,31,,31161,,,1,70,,31182,,,1,13,,31154,,,1,10,,31191,0,5,1,10,,31162,,,1,50,,31174,,,1,10,,31193,0,5,1,10,,31183,,,1,10,,31155,,,1,10,,31192,0,5,1,10,,31163,,,1,52,,31175,,,1,15,,31184,,,1,30,,31164,,,1,70,,31185,,,1,30,,31165,,,1,69,,31186,,,1,30,,31166,,,1,70,,31187,,,1,30,,31167,,,1,70,,31188,,,1,30,,31168,,,1,70,,31189,,,1,32,,31169,,,1,68,,31190,,,1,30,,31170,,,1
900,'20260408',640,,31194,,,1,70,,31215,,,1,37,,31195,,,1,67,,31216,,,1,30,,31196,,,1,70,,31217,,,1,30,,31197,,,1,81,,31220,,,1,30,,31200,,,1,70,,31221,,,1,30,,31201,,,1,70,,31222,,,1,30,,31202,,,1,70,,31223,,,1,30,,31203,,,1,70,,31224,,,1,30,,31204,,,1,70,,31225,,,1,31,,31205,,,1,70,,31226,,,1,13,,31198,,,1,10,,31235,0,5,1,10,,31206,,,1,50,,31218,,,1,10,,31237,0,5,1,10,,31227,,,1,10,,31199,,,1,10,,31236,0,5,1,10,,31207,,,1,52,,31219,,,1,15,,31228,,,1,30,,31208,,,1,70,,31229,,,1,30,,31209,,,1,69,,31230,,,1,30,,31210,,,1,70,,31231,,,1,30,,31211,,,1,70,,31232,,,1,30,,31212,,,1,70,,31233,,,1,32,,31213,,,1,68,,31234,,,1,30,,31214,,,1
900,'20260409',640,,31238,,,1,70,,31259,,,1,37,,31239,,,1,67,,31260,,,1,30,,31240,,,1,70,,31261,,,1,30,,31241,,,1,81,,31264,,,1,30,,31244,,,1,70,,31265,,,1,30,,31245,,,1,70,,31266,,,1,30,,31246,,,1,70,,31267,,,1,30,,31247,,,1,70,,31268,,,1,30,,31248,,,1,70,,31269,,,1,31,,31249,,,1,70,,31270,,,1,13,,31242,,,1,10,,31279,0,5,1,10,,31250,,,1,50,,31262,,,1,10,,31281,0,5,1,10,,31271,,,1,10,,31243,,,1,10,,31280,0,5,1,10,,31251,,,1,52,,31263,,,1,15,,31272,,,1,30,,31252,,,1,70,,31273,,,1,30,,31253,,,1,69,,31274,,,1,30,,31254,,,1,70,,31275,,,1,30,,31255,,,1,70,,31276,,,1,30,,31256,,,1,70,,31277,,,1,32,,31257,,,1,68,,31278,,,1,30,,31258,,,1
900,'20260410',640,,31282,,,1,70,,31303,,,1,37,,31283,,,1,67,,31304,,,1,30,,31284,,,1,70,,31305,,,1,30,,31285,,,1,81,,31308,,,1,30,,31288,,,1,70,,31309,,,1,30,,31289,,,1,70,,31310,,,1,30,,31290,,,1,70,,31311,,,1,30,,31291,,,1,70,,31312,,,1,30,,31292,,,1,70,,31313,,,1,31,,31293,,,1,70,,31314,,,1,13,,31286,,,1,10,,31324,0,5,1,10,,31294,,,1,50,,31306,,,1,10,,31326,0,5,1,10,,31315,,,1,10,,31287,,,1,10,,31325,0,5,1,10,,31295,,,1,52,,31307,,,1,15,,31316,,,1,30,,31296,,,1,70,,31317,,,1,30,,31297,,,1,69,,31318,,,1,30,,31298,,,1,70,,31319,,,1,30,,31299,,,1,70,,31320,,,1,30,,31300,,,1,70,,31321,,,1,32,,31301,,,1,68,,31322,,,1,30,,31302,,,1,70,,31323,,,1
900,'20260411',925,,31343,,,1,30,,31327,,,1,70,,31344,,,1,30,,31328,,,1,70,,31345,,,1,30,,31329,,,1,70,,31346,,,1,30,,31330,,,1,70,,31347,,,1,30,,31331,,,1,70,,31348,,,1,30,,31332,,,1,70,,31349,,,1,30,,31333,,,1,70,,31350,,,1,30,,31334,,,1,70,,31351,,,1,30,,31335,,,1,70,,31352,,,1,30,,31336,,,1,70,,31353,,,1,30,,31337,,,1,70,,31354,,,1,30,,31338,,,1,70,,31355,,,1,30,,31339,,,1,70,,31356,,,1,30,,31340,,,1,70,,31357,,,1,30,,31341,,,1,70,,31358,,,1,30,,31342,,,1,70,,31359,,,1
900,'20260412',925,,31376,,,1,30,,31360,,,1,70,,31377,,,1,30,,31361,,,1,70,,31378,,,1,30,,31362,,,1,70,,31379,,,1,30,,31363,,,1,70,,31380,,,1,30,,31364,,,1,70,,31381,,,1,30,,31365,,,1,70,,31382,,,1,30,,31366,,,1,70,,31383,,,1,30,,31367,,,1,70,,31384,,,1,30,,31368,,,1,70,,31385,,,1,30,,31369,,,1,70,,31386,,,1,30,,31370,,,1,70,,31387,,,1,30,,31371,,,1,70,,31388,,,1,30,,31372,,,1,70,,31389,,,1,30,,31373,,,1,70,,31390,,,1,30,,31374,,,1,70,,31391,,,1,30,,31375,,,1,70,,36570,,,1
900,'20260413',640,,31392,,,1,70,,31413,,,1,37,,31393,,,1,67,,31414,,,1,30,,31394,,,1,70,,31415,,,1,30,,31395,,,1,81,,31418,,,1,30,,31398,,,1,70,,31419,,,1,30,,31399,,,1,70,,31420,,,1,30,,31400,,,1,70,,31421,,,1,30,,31401,,,1,70,,31422,,,1,30,,31402,,,1,70,,31423,,,1,31,,31403,,,1,70,,31424,,,1,13,,31396,,,1,10,,31433,0,5,1,10,,31404,,,1,50,,31416,,,1,10,,31435,0,5,1,10,,31425,,,1,10,,31397,,,1,10,,31434,0,5,1,10,,31405,,,1,52,,31417,,,1,15,,31426,,,1,30,,31406,,,1,70,,31427,,,1,30,,31407,,,1,69,,31428,,,1,30,,31408,,,1,70,,31429,,,1,30,,31409,,,1,70,,31430,,,1,30,,31410,,,1,70,,31431,,,1,32,,31411,,,1,68,,31432,,,1,30,,31412,,,1
900,'20260414',640,,31436,,,1,70,,31457,,,1,37,,31437,,,1,67,,31458,,,1,30,,31438,,,1,70,,31459,,,1,30,,31439,,,1,81,,31462,,,1,30,,31442,,,1,70,,31463,,,1,30,,31443,,,1,70,,31464,,,1,30,,31444,,,1,70,,31465,,,1,30,,31445,,,1,70,,31466,,,1,30,,31446,,,1,70,,31467,,,1,31,,31447,,,1,70,,31468,,,1,13,,31440,,,1,10,,31477,0,5,1,10,,31448,,,1,50,,31460,,,1,10,,31479,0,5,1,10,,31469,,,1,10,,31441,,,1,10,,31478,0,5,1,10,,31449,,,1,52,,31461,,,1,15,,31470,,,1,30,,31450,,,1,70,,31471,,,1,30,,31451,,,1,69,,31472,,,1,30,,31452,,,1,70,,31473,,,1,30,,31453,,,1,70,,31474,,,1,30,,31454,,,1,70,,31475,,,1,32,,31455,,,1,68,,31476,,,1,30,,31456,,,1
900,'20260415',640,,31480,,,1,70,,31501,,,1,37,,31481,,,1,67,,31502,,,1,30,,31482,,,1,70,,31503,,,1,30,,31483,,,1,81,,31506,,,1,30,,31486,,,1,70,,31507,,,1,30,,31487,,,1,70,,31508,,,1,30,,31488,,,1,70,,31509,,,1,30,,31489,,,1,70,,31510,,,1,30,,31490,,,1,70,,31511,,,1,31,,31491,,,1,70,,31512,,,1,13,,31484,,,1,10,,31521,0,5,1,10,,31492,,,1,50,,31504,,,1,10,,31523,0,5,1,10,,31513,,,1,10,,31485,,,1,10,,31522,0,5,1,10,,31493,,,1,52,,31505,,,1,15,,31514,,,1,30,,31494,,,1,70,,31515,,,1,30,,31495,,,1,69,,31516,,,1,30,,31496,,,1,70,,31517,,,1,30,,31497,,,1,70,,31518,,,1,30,,31498,,,1,70,,31519,,,1,32,,31499,,,1,68,,31520,,,1,30,,31500,,,1
900,'20260416',640,,31524,,,1,70,,31545,,,1,37,,31525,,,1,67,,31546,,,1,30,,31526,,,1,70,,31547,,,1,30,,31527,,,1,81,,31550,,,1,30,,31530,,,1,70,,31551,,,1,30,,31531,,,1,70,,31552,,,1,30,,31532,,,1,70,,31553,,,1,30,,31533,,,1,70,,31554,,,1,30,,31534,,,1,70,,31555,,,1,31,,31535,,,1,70,,31556,,,1,13,,31528,,,1,10,,31565,0,5,1,10,,31536,,,1,50,,31548,,,1,10,,31567,0,5,1,10,,31557,,,1,10,,31529,,,1,10,,31566,0,5,1,10,,31537,,,1,52,,31549,,,1,15,,31558,,,1,30,,31538,,,1,70,,31559,,,1,30,,31539,,,1,69,,31560,,,1,30,,31540,,,1,70,,31561,,,1,30,,31541,,,1,70,,31562,,,1,30,,31542,,,1,70,,31563,,,1,32,,31543,,,1,68,,31564,,,1,30,,31544,,,1
900,'20260417',640,,31568,,,1,70,,31589,,,1,37,,31569,,,1,67,,31590,,,1,30,,31570,,,1,70,,31591,,,1,30,,31571,,,1,81,,31594,,,1,30,,31574,,,1,70,,31595,,,1,30,,31575,,,1,70,,31596,,,1,30,,31576,,,1,70,,31597,,,1,30,,31577,,,1,70,,31598,,,1,30,,31578,,,1,70,,31599,,,1,31,,31579,,,1,70,,31600,,,1,13,,31572,,,1,10,,31610,0,5,1,10,,31580,,,1,50,,31592,,,1,10,,31612,0,5,1,10,,31601,,,1,10,,31573,,,1,10,,31611,0,5,1,10,,31581,,,1,52,,31593,,,1,15,,31602,,,1,30,,31582,,,1,70,,31603,,,1,30,,31583,,,1,69,,31604,,,1,30,,31584,,,1,70,,31605,,,1,30,,31585,,,1,70,,31606,,,1,30,,31586,,,1,70,,31607,,,1,32,,31587,,,1,68,,31608,,,1,30,,31588,,,1,70,,31609,,,1
900,'20260418',925,,31629,,,1,30,,31613,,,1,70,,31630,,,1,30,,31614,,,1,70,,31631,,,1,30,,31615,,,1,70,,31632,,,1,30,,31616,,,1,70,,31633,,,1,30,,31617,,,1,70,,31634,,,1,30,,31618,,,1,70,,31635,,,1,30,,31619,,,1,70,,31636,,,1,30,,31620,,,1,70,,31637,,,1,30,,31621,,,1,70,,31638,,,1,30,,31622,,,1,70,,31639,,,1,30,,31623,,,1,70,,31640,,,1,30,,31624,,,1,70,,31641,,,1,30,,31625,,,1,70,,31642,,,1,30,,31626,,,1,70,,31643,,,1,30,,31627,,,1,70,,31644,,,1,30,,31628,,,1,70,,31645,,,1
900,'20260419',925,,31662,,,1,30,,31646,,,1,70,,31663,,,1,30,,31647,,,1,70,,31664,,,1,30,,31648,,,1,70,,31665,,,1,30,,31649,,,1,70,,31666,,,1,30,,31650,,,1,70,,31667,,,1,30,,31651,,,1,70,,31668,,,1,30,,31652,,,1,70,,31669,,,1,30,,31653,,,1,70,,31670,,,1,30,,31654,,,1,70,,31671,,,1,30,,31655,,,1,70,,31672,,,1,30,,31656,,,1,70,,31673,,,1,30,,31657,,,1,70,,31674,,,1,30,,31658,,,1,70,,31675,,,1,30,,31659,,,1,70,,31676,,,1,30,,31660,,,1,70,,31677,,,1,30,,31661,,,1,70,,36571,,,1
900,'20260420',640,,31678,,,1,70,,31699,,,1,37,,31679,,,1,67,,31700,,,1,30,,31680,,,1,70,,31701,,,1,30,,31681,,,1,81,,31704,,,1,30,,31684,,,1,70,,31705,,,1,30,,31685,,,1,70,,31706,,,1,30,,31686,,,1,70,,31707,,,1,30,,31687,,,1,70,,31708,,,1,30,,31688,,,1,70,,31709,,,1,31,,31689,,,1,70,,31710,,,1,13,,31682,,,1,10,,31719,0,5,1,10,,31690,,,1,50,,31702,,,1,10,,31721,0,5,1,10,,31711,,,1,10,,31683,,,1,10,,31720,0,5,1,10,,31691,,,1,52,,31703,,,1,15,,31712,,,1,30,,31692,,,1,70,,31713,,,1,30,,31693,,,1,69,,31714,,,1,30,,31694,,,1,70,,31715,,,1,30,,31695,,,1,70,,31716,,,1,30,,31696,,,1,70,,31717,,,1,32,,31697,,,1,68,,31718,,,1,30,,31698,,,1
900,'20260421',640,,31722,,,1,70,,31743,,,1,37,,31723,,,1,67,,31744,,,1,30,,31724,,,1,70,,31745,,,1,30,,31725,,,1,81,,31748,,,1,30,,31728,,,1,70,,31749,,,1,30,,31729,,,1,70,,31750,,,1,30,,31730,,,1,70,,31751,,,1,30,,31731,,,1,70,,31752,,,1,30,,31732,,,1,70,,31753,,,1,31,,31733,,,1,70,,31754,,,1,13,,31726,,,1,10,,31763,0,5,1,10,,31734,,,1,50,,31746,,,1,10,,31765,0,5,1,10,,31755,,,1,10,,31727,,,1,10,,31764,0,5,1,10,,31735,,,1,52,,31747,,,1,15,,31756,,,1,30,,31736,,,1,70,,31757,,,1,30,,31737,,,1,69,,31758,,,1,30,,31738,,,1,70,,31759,,,1,30,,31739,,,1,70,,31760,,,1,30,,31740,,,1,70,,31761,,,1,32,,31741,,,1,68,,31762,,,1,30,,31742,,,1
900,'20260422',640,,31766,,,1,70,,31787,,,1,37,,31767,,,1,67,,31788,,,1,30,,31768,,,1,70,,31789,,,1,30,,31769,,,1,81,,31792,,,1,30,,31772,,,1,70,,31793,,,1,30,,31773,,,1,70,,31794,,,1,30,,31774,,,1,70,,31795,,,1,30,,31775,,,1,70,,31796,,,1,30,,31776,,,1,70,,31797,,,1,31,,31777,,,1,70,,31798,,,1,13,,31770,,,1,10,,31807,0,5,1,10,,31778,,,1,50,,31790,,,1,10,,31809,0,5,1,10,,31799,,,1,10,,31771,,,1,10,,31808,0,5,1,10,,31779,,,1,52,,31791,,,1,15,,31800,,,1,30,,31780,,,1,70,,31801,,,1,30,,31781,,,1,69,,31802,,,1,30,,31782,,,1,70,,31803,,,1,30,,31783,,,1,70,,31804,,,1,30,,31784,,,1,70,,31805,,,1,32,,31785,,,1,68,,31806,,,1,30,,31786,,,1
900,'20260423',640,,31810,,,1,70,,31831,,,1,37,,31811,,,1,67,,31832,,,1,30,,31812,,,1,70,,31833,,,1,30,,31813,,,1,81,,31836,,,1,30,,31816,,,1,70,,31837,,,1,30,,31817,,,1,70,,31838,,,1,30,,31818,,,1,70,,31839,,,1,30,,31819,,,1,70,,31840,,,1,30,,31820,,,1,70,,31841,,,1,31,,31821,,,1,70,,31842,,,1,13,,31814,,,1,10,,31851,0,5,1,10,,31822,,,1,50,,31834,,,1,10,,31853,0,5,1,10,,31843,,,1,10,,31815,,,1,10,,31852,0,5,1,10,,31823,,,1,52,,31835,,,1,15,,31844,,,1,30,,31824,,,1,70,,31845,,,1,30,,31825,,,1,69,,31846,,,1,30,,31826,,,1,70,,31847,,,1,30,,31827,,,1,70,,31848,,,1,30,,31828,,,1,70,,31849,,,1,32,,31829,,,1,68,,31850,,,1,30,,31830,,,1
900,'20260424',640,,31854,,,1,70,,31875,,,1,37,,31855,,,1,67,,31876,,,1,30,,31856,,,1,70,,31877,,,1,30,,31857,,,1,81,,31880,,,1,30,,31860,,,1,70,,31881,,,1,30,,31861,,,1,70,,31882,,,1,30,,31862,,,1,70,,31883,,,1,30,,31863,,,1,70,,31884,,,1,30,,31864,,,1,70,,31885,,,1,31,,31865,,,1,70,,31886,,,1,13,,31858,,,1,10,,31896,0,5,1,10,,31866,,,1,50,,31878,,,1,10,,31898,0,5,1,10,,31887,,,1,10,,31859,,,1,10,,31897,0,5,1,10,,31867,,,1,52,,31879,,,1,15,,31888,,,1,30,,31868,,,1,70,,31889,,,1,30,,31869,,,1,69,,31890,,,1,30,,31870,,,1,70,,31891,,,1,30,,31871,,,1,70,,31892,,,1,30,,31872,,,1,70,,31893,,,1,32,,31873,,,1,68,,31894,,,1,30,,31874,,,1,70,,31895,,,1
901,'20260305',529,,34260,,,1,30,,34281,,,1,75,,34261,,,1,15,,34279,,,1,10,,34282,,,1,50,,34302,,,1,10,,34299,,,1,10,,34262,,,1,10,,34301,,,1,10,,34280,,,1,10,,34283,,,1,50,,34303,,,1,10,,34300,,,1,15,,34263,,,1,70,,34284,,,1,30,,34264,,,1,70,,34285,,,1,30,,34265,,,1,70,,34286,,,1,30,,34266,,,1,70,,34287,,,1,30,,34267,,,1,70,,34288,,,1,30,,34268,,,1,70,,34289,,,1,30,,34269,,,1,70,,34290,,,1,30,,34270,,,1,70,,34291,,,1,30,,34271,,,1,70,,34292,,,1,30,,34272,,,1,70,,34293,,,1,30,,34273,,,1,70,,34294,,,1,30,,34274,,,1,70,,34295,,,1,30,,34275,,,1,70,,34296,,,1,30,,34276,,,1,70,,34297,,,1,30,,34277,,,1,70,,34298,,,1,30,,34278,,,1
901,'20260306',529,,34304,,,1,30,,34325,,,1,75,,34305,,,1,15,,34323,,,1,10,,34326,,,1,50,,34347,,,1,10,,34344,,,1,10,,34306,,,1,10,,34346,,,1,10,,34324,,,1,10,,34327,,,1,50,,34348,,,1,10,,34345,,,1,15,,34307,,,1,70,,34328,,,1,30,,34308,,,1,70,,34329,,,1,30,,34309,,,1,70,,34330,,,1,30,,34310,,,1,70,,34331,,,1,30,,34311,,,1,70,,34332,,,1,30,,34312,,,1,70,,34333,,,1,30,,34313,,,1,70,,34334,,,1,30,,34314,,,1,70,,34335,,,1,30,,34315,,,1,70,,34336,,,1,30,,34316,,,1,70,,34337,,,1,30,,34317,,,1,70,,34338,,,1,30,,34318,,,1,70,,34339,,,1,30,,34319,,,1,70,,34340,,,1,30,,34320,,,1,70,,34341,,,1,30,,34321,,,1,70,,34342,,,1,30,,34322,,,1,70,,34343,,,1
901,'20260307',804,,34365,,,1,30,,34349,,,1,70,,34366,,,1,30,,34350,,,1,70,,34367,,,1,30,,34351,,,1,70,,34368,,,1,30,,34352,,,1,70,,34369,,,1,30,,34353,,,1,70,,34370,,,1,30,,34354,,,1,70,,34371,,,1,30,,34355,,,1,70,,34372,,,1,30,,34356,,,1,70,,34373,,,1,30,,34357,,,1,70,,34374,,,1,30,,34358,,,1,70,,34375,,,1,30,,34359,,,1,70,,34376,,,1,30,,34360,,,1,70,,34377,,,1,30,,34361,,,1,70,,34378,,,1,30,,34362,,,1,70,,34379,,,1,30,,34363,,,1,70,,34380,,,1,30,,34364,,,1,70,,34381,,,1
901,'20260308',804,,34398,,,1,30,,34382,,,1,70,,34399,,,1,30,,34383,,,1,70,,34400,,,1,30,,34384,,,1,70,,34401,,,1,30,,34385,,,1,70,,34402,,,1,30,,34386,,,1,70,,34403,,,1,30,,34387,,,1,70,,34404,,,1,30,,34388,,,1,70,,34405,,,1,30,,34389,,,1,70,,34406,,,1,30,,34390,,,1,70,,34407,,,1,30,,34391,,,1,70,,34408,,,1,30,,34392,,,1,70,,34409,,,1,30,,34393,,,1,70,,34410,,,1,30,,34394,,,1,70,,34411,,,1,30,,34395,,,1,70,,34412,,,1,30,,34396,,,1,70,,34413,,,1,30,,34397,,,1
901,'20260309',529,,34414,,,1,30,,34435,,,1,75,,34415,,,1,15,,34433,,,1,10,,34436,,,1,50,,34456,,,1,10,,34453,,,1,10,,34416,,,1,10,,34455,,,1,10,,34434,,,1,10,,34437,,,1,50,,34457,,,1,10,,34454,,,1,15,,34417,,,1,70,,34438,,,1,30,,34418,,,1,70,,34439,,,1,30,,34419,,,1,70,,34440,,,1,30,,34420,,,1,70,,34441,,,1,30,,34421,,,1,70,,34442,,,1,30,,34422,,,1,70,,34443,,,1,30,,34423,,,1,70,,34444,,,1,30,,34424,,,1,70,,34445,,,1,30,,34425,,,1,70,,34446,,,1,30,,34426,,,1,70,,34447,,,1,30,,34427,,,1,70,,34448,,,1,30,,34428,,,1,70,,34449,,,1,30,,34429,,,1,70,,34450,,,1,30,,34430,,,1,70,,34451,,,1,30,,34431,,,1,70,,34452,,,1,30,,34432,,,1
901,'20260310',529,,34458,,,1,30,,34479,,,1,75,,34459,,,1,15,,34477,,,1,10,,34480,,,1,50,,34500,,,1,10,,34497,,,1,10,,34460,,,1,10,,34499,,,1,10,,34478,,,1,10,,34481,,,1,50,,34501,,,1,10,,34498,,,1,15,,34461,,,1,70,,34482,,,1,30,,34462,,,1,70,,34483,,,1,30,,34463,,,1,70,,34484,,,1,30,,34464,,,1,70,,34485,,,1,30,,34465,,,1,70,,34486,,,1,30,,34466,,,1,70,,34487,,,1,30,,34467,,,1,70,,34488,,,1,30,,34468,,,1,70,,34489,,,1,30,,34469,,,1,70,,34490,,,1,30,,34470,,,1,70,,34491,,,1,30,,34471,,,1,70,,34492,,,1,30,,34472,,,1,70,,34493,,,1,30,,34473,,,1,70,,34494,,,1,30,,34474,,,1,70,,34495,,,1,30,,34475,,,1,70,,34496,,,1,30,,34476,,,1
901,'20260311',529,,34502,,,1,30,,34523,,,1,75,,34503,,,1,15,,34521,,,1,10,,34524,,,1,50,,34544,,,1,10,,34541,,,1,10,,34504,,,1,10,,34543,,,1,10,,34522,,,1,10,,34525,,,1,50,,34545,,,1,10,,34542,,,1,15,,34505,,,1,70,,34526,,,1,30,,34506,,,1,70,,34527,,,1,30,,34507,,,1,70,,34528,,,1,30,,34508,,,1,70,,34529,,,1,30,,34509,,,1,70,,34530,,,1,30,,34510,,,1,70,,34531,,,1,30,,34511,,,1,70,,34532,,,1,30,,34512,,,1,70,,34533,,,1,30,,34513,,,1,70,,34534,,,1,30,,34514,,,1,70,,34535,,,1,30,,34515,,,1,70,,34536,,,1,30,,34516,,,1,70,,34537,,,1,30,,34517,,,1,70,,34538,,,1,30,,34518,,,1,70,,34539,,,1,30,,34519,,,1,70,,34540,,,1,30,,34520,,,1
901,'20260312',529,,34546,,,1,30,,34567,,,1,75,,34547,,,1,15,,34565,,,1,10,,34568,,,1,50,,34588,,,1,10,,34585,,,1,10,,34548,,,1,10,,34587,,,1,10,,34566,,,1,10,,34569,,,1,50,,34589,,,1,10,,34586,,,1,15,,34549,,,1,70,,34570,,,1,30,,34550,,,1,70,,34571,,,1,30,,34551,,,1,70,,34572,,,1,30,,34552,,,1,70,,34573,,,1,30,,34553,,,1,70,,34574,,,1,30,,34554,,,1,70,,34575,,,1,30,,34555,,,1,70,,34576,,,1,30,,34556,,,1,70,,34577,,,1,30,,34557,,,1,70,,34578,,,1,30,,34558,,,1,70,,34579,,,1,30,,34559,,,1,70,,34580,,,1,30,,34560,,,1,70,,34581,,,1,30,,34561,,,1,70,,34582,,,1,30,,34562,,,1,70,,34583,,,1,30,,34563,,,1,70,,34584,,,1,30,,34564,,,1
901,'20260313',529,,34590,,,1,30,,34611,,,1,75,,34591,,,1,15,,34609,,,1,10,,34612,,,1,50,,34633,,,1,10,,34630,,,1,10,,34592,,,1,10,,34632,,,1,10,,34610,,,1,10,,34613,,,1,50,,34634,,,1,10,,34631,,,1,15,,34593,,,1,70,,34614,,,1,30,,34594,,,1,70,,34615,,,1,30,,34595,,,1,70,,34616,,,1,30,,34596,,,1,70,,34617,,,1,30,,34597,,,1,70,,34618,,,1,30,,34598,,,1,70,,34619,,,1,30,,34599,,,1,70,,34620,,,1,30,,34600,,,1,70,,34621,,,1,30,,34601,,,1,70,,34622,,,1,30,,34602,,,1,70,,34623,,,1,30,,34603,,,1,70,,34624,,,1,30,,34604,,,1,70,,34625,,,1,30,,34605,,,1,70,,34626,,,1,30,,34606,,,1,70,,34627,,,1,30,,34607,,,1,70,,34628,,,1,30,,34608,,,1,70,,34629,,,1
901,'20260314',804,,34651,,,1,30,,34635,,,1,70,,34652,,,1,30,,34636,,,1,70,,34653,,,1,30,,34637,,,1,70,,34654,,,1,30,,34638,,,1,70,,34655,,,1,30,,34639,,,1,70,,34656,,,1,30,,34640,,,1,70,,34657,,,1,30,,34641,,,1,70,,34658,,,1,30,,34642,,,1,70,,34659,,,1,30,,34643,,,1,70,,34660,,,1,30,,34644,,,1,70,,34661,,,1,30,,34645,,,1,70,,34662,,,1,30,,34646,,,1,70,,34663,,,1,30,,34647,,,1,70,,34664,,,1,30,,34648,,,1,70,,34665,,,1,30,,34649,,,1,70,,34666,,,1,30,,34650,,,1,70,,34667,,,1
901,'20260315',804,,34684,,,1,30,,34668,,,1,70,,34685,,,1,30,,34669,,,1,70,,34686,,,1,30,,34670,,,1,70,,34687,,,1,30,,34671,,,1,70,,34688,,,1,30,,34672,,,1,70,,34689,,,1,30,,34673,,,1,70,,34690,,,1,30,,34674,,,1,70,,34691,,,1,30,,34675,,,1,70,,34692,,,1,30,,34676,,,1,70,,34693,,,1,30,,34677,,,1,70,,34694,,,1,30,,34678,,,1,70,,34695,,,1,30,,34679,,,1,70,,34696,,,1,30,,34680,,,1,70,,34697,,,1,30,,34681,,,1,70,,34698,,,1,30,,34682,,,1,70,,34699,,,1,30,,34683,,,1
901,'20260316',529,,34700,,,1,30,,34721,,,1,75,,34701,,,1,15,,34719,,,1,10,,34722,,,1,50,,34742,,,1,10,,34739,,,1,10,,34702,,,1,10,,34741,,,1,10,,34720,,,1,10,,34723,,,1,50,,34743,,,1,10,,34740,,,1,15,,34703,,,1,70,,34724,,,1,30,,34704,,,1,70,,34725,,,1,30,,34705,,,1,70,,34726,,,1,30,,34706,,,1,70,,34727,,,1,30,,34707,,,1,70,,34728,,,1,30,,34708,,,1,70,,34729,,,1,30,,34709,,,1,70,,34730,,,1,30,,34710,,,1,70,,34731,,,1,30,,34711,,,1,70,,34732,,,1,30,,34712,,,1,70,,34733,,,1,30,,34713,,,1,70,,34734,,,1,30,,34714,,,1,70,,34735,,,1,30,,34715,,,1,70,,34736,,,1,30,,34716,,,1,70,,34737,,,1,30,,34717,,,1,70,,34738,,,1,30,,34718,,,1
901,'20260317',529,,34744,,,1,30,,34765,,,1,75,,34745,,,1,15,,34763,,,1,10,,34766,,,1,50,,34786,,,1,10,,34783,,,1,10,,34746,,,1,10,,34785,,,1,10,,34764,,,1,10,,34767,,,1,50,,34787,,,1,10,,34784,,,1,15,,34747,,,1,70,,34768,,,1,30,,34748,,,1,70,,34769,,,1,30,,34749,,,1,70,,34770,,,1,30,,34750,,,1,70,,34771,,,1,30,,34751,,,1,70,,34772,,,1,30,,34752,,,1,70,,34773,,,1,30,,34753,,,1,70,,34774,,,1,30,,34754,,,1,70,,34775,,,1,30,,34755,,,1,70,,34776,,,1,30,,34756,,,1,70,,34777,,,1,30,,34757,,,1,70,,34778,,,1,30,,34758,,,1,70,,34779,,,1,30,,34759,,,1,70,,34780,,,1,30,,34760,,,1,70,,34781,,,1,30,,34761,,,1,70,,34782,,,1,30,,34762,,,1
901,'20260318',529,,34788,,,1,30,,34809,,,1,75,,34789,,,1,15,,34807,,,1,10,,34810,,,1,50,,34830,,,1,10,,34827,,,1,10,,34790,,,1,10,,34829,,,1,10,,34808,,,1,10,,34811,,,1,50,,34831,,,1,10,,34828,,,1,15,,34791,,,1,70,,34812,,,1,30,,34792,,,1,70,,34813,,,1,30,,34793,,,1,70,,34814,,,1,30,,34794,,,1,70,,34815,,,1,30,,34795,,,1,70,,34816,,,1,30,,34796,,,1,70,,34817,,,1,30,,34797,,,1,70,,34818,,,1,30,,34798,,,1,70,,34819,,,1,30,,34799,,,1,70,,34820,,,1,30,,34800,,,1,70,,34821,,,1,30,,34801,,,1,70,,34822,,,1,30,,34802,,,1,70,,34823,,,1,30,,34803,,,1,70,,34824,,,1,30,,34804,,,1,70,,34825,,,1,30,,34805,,,1,70,,34826,,,1,30,,34806,,,1
901,'20260319',529,,34832,,,1,30,,34853,,,1,75,,34833,,,1,15,,34851,,,1,10,,34854,,,1,50,,34874,,,1,10,,34871,,,1,10,,34834,,,1,10,,34873,,,1,10,,34852,,,1,10,,34855,,,1,50,,34875,,,1,10,,34872,,,1,15,,34835,,,1,70,,34856,,,1,30,,34836,,,1,70,,34857,,,1,30,,34837,,,1,70,,34858,,,1,30,,34838,,,1,70,,34859,,,1,30,,34839,,,1,70,,34860,,,1,30,,34840,,,1,70,,34861,,,1,30,,34841,,,1,70,,34862,,,1,30,,34842,,,1,70,,34863,,,1,30,,34843,,,1,70,,34864,,,1,30,,34844,,,1,70,,34865,,,1,30,,34845,,,1,70,,34866,,,1,30,,34846,,,1,70,,34867,,,1,30,,34847,,,1,70,,34868,,,1,30,,34848,,,1,70,,34869,,,1,30,,34849,,,1,70,,34870,,,1,30,,34850,,,1
901,'20260320',529,,34876,,,1,30,,34897,,,1,75,,34877,,,1,15,,34895,,,1,10,,34898,,,1,50,,34919,,,1,10,,34916,,,1,10,,34878,,,1,10,,34918,,,1,10,,34896,,,1,10,,34899,,,1,50,,34920,,,1,10,,34917,,,1,15,,34879,,,1,70,,34900,,,1,30,,34880,,,1,70,,34901,,,1,30,,34881,,,1,70,,34902,,,1,30,,34882,,,1,70,,34903,,,1,30,,34883,,,1,70,,34904,,,1,30,,34884,,,1,70,,34905,,,1,30,,34885,,,1,70,,34906,,,1,30,,34886,,,1,70,,34907,,,1,30,,34887,,,1,70,,34908,,,1,30,,34888,,,1,70,,34909,,,1,30,,34889,,,1,70,,34910,,,1,30,,34890,,,1,70,,34911,,,1,30,,34891,,,1,70,,34912,,,1,30,,34892,,,1,70,,34913,,,1,30,,34893,,,1,70,,34914,,,1,30,,34894,,,1,70,,34915,,,1
901,'20260321',804,,34937,,,1,30,,34921,,,1,70,,34938,,,1,30,,34922,,,1,70,,34939,,,1,30,,34923,,,1,70,,34940,,,1,30,,34924,,,1,70,,34941,,,1,30,,34925,,,1,70,,34942,,,1,30,,34926,,,1,70,,34943,,,1,30,,34927,,,1,70,,34944,,,1,30,,34928,,,1,70,,34945,,,1,30,,34929,,,1,70,,34946,,,1,30,,34930,,,1,70,,34947,,,1,30,,34931,,,1,70,,34948,,,1,30,,34932,,,1,70,,34949,,,1,30,,34933,,,1,70,,34950,,,1,30,,34934,,,1,70,,34951,,,1,30,,34935,,,1,70,,34952,,,1,30,,34936,,,1,70,,34953,,,1
901,'20260322',804,,34970,,,1,30,,34954,,,1,70,,34971,,,1,30,,34955,,,1,70,,34972,,,1,30,,34956,,,1,70,,34973,,,1,30,,34957,,,1,70,,34974,,,1,30,,34958,,,1,70,,34975,,,1,30,,34959,,,1,70,,34976,,,1,30,,34960,,,1,70,,34977,,,1,30,,34961,,,1,70,,34978,,,1,30,,34962,,,1,70,,34979,,,1,30,,34963,,,1,70,,34980,,,1,30,,34964,,,1,70,,34981,,,1,30,,34965,,,1,70,,34982,,,1,30,,34966,,,1,70,,34983,,,1,30,,34967,,,1,70,,34984,,,1,30,,34968,,,1,70,,34985,,,1,30,,34969,,,1
901,'20260323',529,,34986,,,1,30,,35007,,,1,75,,34987,,,1,15,,35005,,,1,10,,35008,,,1,50,,35028,,,1,10,,35025,,,1,10,,34988,,,1,10,,35027,,,1,10,,35006,,,1,10,,35009,,,1,50,,35029,,,1,10,,35026,,,1,15,,34989,,,1,70,,35010,,,1,30,,34990,,,1,70,,35011,,,1,30,,34991,,,1,70,,35012,,,1,30,,34992,,,1,70,,35013,,,1,30,,34993,,,1,70,,35014,,,1,30,,34994,,,1,70,,35015,,,1,30,,34995,,,1,70,,35016,,,1,30,,34996,,,1,70,,35017,,,1,30,,34997,,,1,70,,35018,,,1,30,,34998,,,1,70,,35019,,,1,30,,34999,,,1,70,,35020,,,1,30,,35000,,,1,70,,35021,,,1,30,,35001,,,1,70,,35022,,,1,30,,35002,,,1,70,,35023,,,1,30,,35003,,,1,70,,35024,,,1,30,,35004,,,1
901,'20260324',529,,35030,,,1,30,,35051,,,1,75,,35031,,,1,15,,35049,,,1,10,,35052,,,1,50,,35072,,,1,10,,35069,,,1,10,,35032,,,1,10,,35071,,,1,10,,35050,,,1,10,,35053,,,1,50,,35073,,,1,10,,35070,,,1,15,,35033,,,1,70,,35054,,,1,30,,35034,,,1,70,,35055,,,1,30,,35035,,,1,70,,35056,,,1,30,,35036,,,1,70,,35057,,,1,30,,35037,,,1,70,,35058,,,1,30,,35038,,,1,70,,35059,,,1,30,,35039,,,1,70,,35060,,,1,30,,35040,,,1,70,,35061,,,1,30,,35041,,,1,70,,35062,,,1,30,,35042,,,1,70,,35063,,,1,30,,35043,,,1,70,,35064,,,1,30,,35044,,,1,70,,35065,,,1,30,,35045,,,1,70,,35066,,,1,30,,35046,,,1,70,,35067,,,1,30,,35047,,,1,70,,35068,,,1,30,,35048,,,1
901,'20260325',529,,35074,,,1,30,,35095,,,1,75,,35075,,,1,15,,35093,,,1,10,,35096,,,1,50,,35116,,,1,10,,35113,,,1,10,,35076,,,1,10,,35115,,,1,10,,35094,,,1,10,,35097,,,1,50,,35117,,,1,10,,35114,,,1,15,,35077,,,1,70,,35098,,,1,30,,35078,,,1,70,,35099,,,1,30,,35079,,,1,70,,35100,,,1,30,,35080,,,1,70,,35101,,,1,30,,35081,,,1,70,,35102,,,1,30,,35082,,,1,70,,35103,,,1,30,,35083,,,1,70,,35104,,,1,30,,35084,,,1,70,,35105,,,1,30,,35085,,,1,70,,35106,,,1,30,,35086,,,1,70,,35107,,,1,30,,35087,,,1,70,,35108,,,1,30,,35088,,,1,70,,35109,,,1,30,,35089,,,1,70,,35110,,,1,30,,35090,,,1,70,,35111,,,1,30,,35091,,,1,70,,35112,,,1,30,,35092,,,1
901,'20260326',529,,35118,,,1,30,,35139,,,1,75,,35119,,,1,15,,35137,,,1,10,,35140,,,1,50,,35160,,,1,10,,35157,,,1,10,,35120,,,1,10,,35159,,,1,10,,35138,,,1,10,,35141,,,1,50,,35161,,,1,10,,35158,,,1,15,,35121,,,1,70,,35142,,,1,30,,35122,,,1,70,,35143,,,1,30,,35123,,,1,70,,35144,,,1,30,,35124,,,1,70,,35145,,,1,30,,35125,,,1,70,,35146,,,1,30,,35126,,,1,70,,35147,,,1,30,,35127,,,1,70,,35148,,,1,30,,35128,,,1,70,,35149,,,1,30,,35129,,,1,70,,35150,,,1,30,,35130,,,1,70,,35151,,,1,30,,35131,,,1,70,,35152,,,1,30,,35132,,,1,70,,35153,,,1,30,,35133,,,1,70,,35154,,,1,30,,35134,,,1,70,,35155,,,1,30,,35135,,,1,70,,35156,,,1,30,,35136,,,1
901,'20260327',529,,35162,,,1,30,,35183,,,1,75,,35163,,,1,15,,35181,,,1,10,,35184,,,1,50,,35205,,,1,10,,35202,,,1,10,,35164,,,1,10,,35204,,,1,10,,35182,,,1,10,,35185,,,1,50,,35206,,,1,10,,35203,,,1,15,,35165,,,1,70,,35186,,,1,30,,35166,,,1,70,,35187,,,1,30,,35167,,,1,70,,35188,,,1,30,,35168,,,1,70,,35189,,,1,30,,35169,,,1,70,,35190,,,1,30,,35170,,,1,70,,35191,,,1,30,,35171,,,1,70,,35192,,,1,30,,35172,,,1,70,,35193,,,1,30,,35173,,,1,70,,35194,,,1,30,,35174,,,1,70,,35195,,,1,30,,35175,,,1,70,,35196,,,1,30,,35176,,,1,70,,35197,,,1,30,,35177,,,1,70,,35198,,,1,30,,35178,,,1,70,,35199,,,1,30,,35179,,,1,70,,35200,,,1,30,,35180,,,1,70,,35201,,,1
901,'20260328',804,,35223,,,1,100,,35224,,,1,100,,35225,,,1,100,,35226,,,1,100,,35227,,,1,100,,35228,,,1,100,,35229,,,1,100,,35230,,,1,100,,35231,,,1,100,,35232,,,1,100,,35233,,,1,100,,35234,,,1,100,,35235,,,1,100,,35236,,,1,100,,35237,,,1,100,,35238,,,1,100,,35239,,,1
901,'20260329',804,,35256,,,1,100,,35257,,,1,100,,35258,,,1,100,,35259,,,1,100,,35260,,,1,100,,35261,,,1,100,,35262,,,1,100,,35263,,,1,100,,35264,,,1,100,,35265,,,1,100,,35266,,,1,100,,35267,,,1,100,,35268,,,1,100,,35269,,,1,100,,35270,,,1,100,,35271,,,1
901,'20260330',529,,35272,,,1,30,,35293,,,1,75,,35273,,,1,15,,35291,,,1,10,,35294,,,1,50,,35314,,,1,10,,35311,,,1,10,,35274,,,1,10,,35313,,,1,10,,35292,,,1,10,,35295,,,1,50,,35315,,,1,10,,35312,,,1,15,,35275,,,1,70,,35296,,,1,30,,35276,,,1,70,,35297,,,1,30,,35277,,,1,70,,35298,,,1,30,,35278,,,1,70,,35299,,,1,30,,35279,,,1,70,,35300,,,1,30,,35280,,,1,70,,35301,,,1,30,,35281,,,1,70,,35302,,,1,30,,35282,,,1,70,,35303,,,1,30,,35283,,,1,70,,35304,,,1,30,,35284,,,1,70,,35305,,,1,30,,35285,,,1,70,,35306,,,1,30,,35286,,,1,70,,35307,,,1,30,,35287,,,1,70,,35308,,,1,30,,35288,,,1,70,,35309,,,1,30,,35289,,,1,70,,35310,,,1,30,,35290,,,1
901,'20260331',529,,35316,,,1,30,,35337,,,1,75,,35317,,,1,15,,35335,,,1,10,,35338,,,1,50,,35358,,,1,10,,35355,,,1,10,,35318,,,1,10,,35357,,,1,10,,35336,,,1,10,,35339,,,1,50,,35359,,,1,10,,35356,,,1,15,,35319,,,1,70,,35340,,,1,30,,35320,,,1,70,,35341,,,1,30,,35321,,,1,70,,35342,,,1,30,,35322,,,1,70,,35343,,,1,30,,35323,,,1,70,,35344,,,1,30,,35324,,,1,70,,35345,,,1,30,,35325,,,1,70,,35346,,,1,30,,35326,,,1,70,,35347,,,1,30,,35327,,,1,70,,35348,,,1,30,,35328,,,1,70,,35349,,,1,30,,35329,,,1,70,,35350,,,1,30,,35330,,,1,70,,35351,,,1,30,,35331,,,1,70,,35352,,,1,30,,35332,,,1,70,,35353,,,1,30,,35333,,,1,70,,35354,,,1,30,,35334,,,1
901,'20260401',529,,35360,,,1,30,,35381,,,1,75,,35361,,,1,15,,35379,,,1,10,,35382,,,1,50,,35402,,,1,10,,35399,,,1,10,,35362,,,1,10,,35401,,,1,10,,35380,,,1,10,,35383,,,1,50,,35403,,,1,10,,35400,,,1,15,,35363,,,1,70,,35384,,,1,30,,35364,,,1,70,,35385,,,1,30,,35365,,,1,70,,35386,,,1,30,,35366,,,1,70,,35387,,,1,30,,35367,,,1,70,,35388,,,1,30,,35368,,,1,70,,35389,,,1,30,,35369,,,1,70,,35390,,,1,30,,35370,,,1,70,,35391,,,1,30,,35371,,,1,70,,35392,,,1,30,,35372,,,1,70,,35393,,,1,30,,35373,,,1,70,,35394,,,1,30,,35374,,,1,70,,35395,,,1,30,,35375,,,1,70,,35396,,,1,30,,35376,,,1,70,,35397,,,1,30,,35377,,,1,70,,35398,,,1,30,,35378,,,1
901,'20260402',529,,35404,,,1,30,,35425,,,1,75,,35405,,,1,15,,35423,,,1,10,,35426,,,1,50,,35446,,,1,10,,35443,,,1,10,,35406,,,1,10,,35445,,,1,10,,35424,,,1,10,,35427,,,1,50,,35447,,,1,10,,35444,,,1,15,,35407,,,1,70,,35428,,,1,30,,35408,,,1,70,,35429,,,1,30,,35409,,,1,70,,35430,,,1,30,,35410,,,1,70,,35431,,,1,30,,35411,,,1,70,,35432,,,1,30,,35412,,,1,70,,35433,,,1,30,,35413,,,1,70,,35434,,,1,30,,35414,,,1,70,,35435,,,1,30,,35415,,,1,70,,35436,,,1,30,,35416,,,1,70,,35437,,,1,30,,35417,,,1,70,,35438,,,1,30,,35418,,,1,70,,35439,,,1,30,,35419,,,1,70,,35440,,,1,30,,35420,,,1,70,,35441,,,1,30,,35421,,,1,70,,35442,,,1,30,,35422,,,1
901,'20260403',804,,35471,,,1,30,,35451,,,1,70,,35472,,,1,30,,35452,,,1,70,,35473,,,1,30,,35453,,,1,70,,35474,,,1,30,,35454,,,1,70,,35475,,,1,30,,35455,,,1,70,,35476,,,1,30,,35456,,,1,70,,35477,,,1,30,,35457,,,1,70,,35478,,,1,30,,35458,,,1,70,,35479,,,1,30,,35459,,,1,70,,35480,,,1,30,,35460,,,1,70,,35481,,,1,30,,35461,,,1,70,,35482,,,1,30,,35462,,,1,70,,35483,,,1,30,,35463,,,1,70,,35484,,,1,30,,35464,,,1,70,,35485,,,1,30,,35465,,,1,70,,35486,,,1,30,,35466,,,1,70,,35487,,,1
901,'20260404',804,,35509,,,1,30,,35493,,,1,70,,35510,,,1,30,,35494,,,1,70,,35511,,,1,30,,35495,,,1,70,,35512,,,1,30,,35496,,,1,70,,35513,,,1,30,,35497,,,1,70,,35514,,,1,30,,35498,,,1,70,,35515,,,1,30,,35499,,,1,70,,35516,,,1,30,,35500,,,1,70,,35517,,,1,30,,35501,,,1,70,,35518,,,1,30,,35502,,,1,70,,35519,,,1,30,,35503,,,1,70,,35520,,,1,30,,35504,,,1,70,,35521,,,1,30,,35505,,,1,70,,35522,,,1,30,,35506,,,1,70,,35523,,,1,30,,35507,,,1,70,,35524,,,1,30,,35508,,,1,70,,35525,,,1
901,'20260405',804,,35542,,,1,30,,35526,,,1,70,,35543,,,1,30,,35527,,,1,70,,35544,,,1,30,,35528,,,1,70,,35545,,,1,30,,35529,,,1,70,,35546,,,1,30,,35530,,,1,70,,35547,,,1,30,,35531,,,1,70,,35548,,,1,30,,35532,,,1,70,,35549,,,1,30,,35533,,,1,70,,35550,,,1,30,,35534,,,1,70,,35551,,,1,30,,35535,,,1,70,,35552,,,1,30,,35536,,,1,70,,35553,,,1,30,,35537,,,1,70,,35554,,,1,30,,35538,,,1,70,,35555,,,1,30,,35539,,,1,70,,35556,,,1,30,,35540,,,1,70,,35557,,,1,30,,35541,,,1,70,,36573,,,1
901,'20260406',529,,35558,,,1,30,,35579,,,1,75,,35559,,,1,15,,35577,,,1,10,,35580,,,1,50,,35600,,,1,10,,35597,,,1,10,,35560,,,1,10,,35599,,,1,10,,35578,,,1,10,,35581,,,1,50,,35601,,,1,10,,35598,,,1,15,,35561,,,1,70,,35582,,,1,30,,35562,,,1,70,,35583,,,1,30,,35563,,,1,70,,35584,,,1,30,,35564,,,1,70,,35585,,,1,30,,35565,,,1,70,,35586,,,1,30,,35566,,,1,70,,35587,,,1,30,,35567,,,1,70,,35588,,,1,30,,35568,,,1,70,,35589,,,1,30,,35569,,,1,70,,35590,,,1,30,,35570,,,1,70,,35591,,,1,30,,35571,,,1,70,,35592,,,1,30,,35572,,,1,70,,35593,,,1,30,,35573,,,1,70,,35594,,,1,30,,35574,,,1,70,,35595,,,1,30,,35575,,,1,70,,35596,,,1,30,,35576,,,1
901,'20260407',529,,35602,,,1,30,,35623,,,1,75,,35603,,,1,15,,35621,,,1,10,,35624,,,1,50,,35644,,,1,10,,35641,,,1,10,,35604,,,1,10,,35643,,,1,10,,35622,,,1,10,,35625,,,1,50,,35645,,,1,10,,35642,,,1,15,,35605,,,1,70,,35626,,,1,30,,35606,,,1,70,,35627,,,1,30,,35607,,,1,70,,35628,,,1,30,,35608,,,1,70,,35629,,,1,30,,35609,,,1,70,,35630,,,1,30,,35610,,,1,70,,35631,,,1,30,,35611,,,1,70,,35632,,,1,30,,35612,,,1,70,,35633,,,1,30,,35613,,,1,70,,35634,,,1,30,,35614,,,1,70,,35635,,,1,30,,35615,,,1,70,,35636,,,1,30,,35616,,,1,70,,35637,,,1,30,,35617,,,1,70,,35638,,,1,30,,35618,,,1,70,,35639,,,1,30,,35619,,,1,70,,35640,,,1,30,,35620,,,1
901,'20260408',529,,35646,,,1,30,,35667,,,1,75,,35647,,,1,15,,35665,,,1,10,,35668,,,1,50,,35688,,,1,10,,35685,,,1,10,,35648,,,1,10,,35687,,,1,10,,35666,,,1,10,,35669,,,1,50,,35689,,,1,10,,35686,,,1,15,,35649,,,1,70,,35670,,,1,30,,35650,,,1,70,,35671,,,1,30,,35651,,,1,70,,35672,,,1,30,,35652,,,1,70,,35673,,,1,30,,35653,,,1,70,,35674,,,1,30,,35654,,,1,70,,35675,,,1,30,,35655,,,1,70,,35676,,,1,30,,35656,,,1,70,,35677,,,1,30,,35657,,,1,70,,35678,,,1,30,,35658,,,1,70,,35679,,,1,30,,35659,,,1,70,,35680,,,1,30,,35660,,,1,70,,35681,,,1,30,,35661,,,1,70,,35682,,,1,30,,35662,,,1,70,,35683,,,1,30,,35663,,,1,70,,35684,,,1,30,,35664,,,1
901,'20260409',529,,35690,,,1,30,,35711,,,1,75,,35691,,,1,15,,35709,,,1,10,,35712,,,1,50,,35732,,,1,10,,35729,,,1,10,,35692,,,1,10,,35731,,,1,10,,35710,,,1,10,,35713,,,1,50,,35733,,,1,10,,35730,,,1,15,,35693,,,1,70,,35714,,,1,30,,35694,,,1,70,,35715,,,1,30,,35695,,,1,70,,35716,,,1,30,,35696,,,1,70,,35717,,,1,30,,35697,,,1,70,,35718,,,1,30,,35698,,,1,70,,35719,,,1,30,,35699,,,1,70,,35720,,,1,30,,35700,,,1,70,,35721,,,1,30,,35701,,,1,70,,35722,,,1,30,,35702,,,1,70,,35723,,,1,30,,35703,,,1,70,,35724,,,1,30,,35704,,,1,70,,35725,,,1,30,,35705,,,1,70,,35726,,,1,30,,35706,,,1,70,,35727,,,1,30,,35707,,,1,70,,35728,,,1,30,,35708,,,1
901,'20260410',529,,35734,,,1,30,,35755,,,1,75,,35735,,,1,15,,35753,,,1,10,,35756,,,1,50,,35777,,,1,10,,35774,,,1,10,,35736,,,1,10,,35776,,,1,10,,35754,,,1,10,,35757,,,1,50,,35778,,,1,10,,35775,,,1,15,,35737,,,1,70,,35758,,,1,30,,35738,,,1,70,,35759,,,1,30,,35739,,,1,70,,35760,,,1,30,,35740,,,1,70,,35761,,,1,30,,35741,,,1,70,,35762,,,1,30,,35742,,,1,70,,35763,,,1,30,,35743,,,1,70,,35764,,,1,30,,35744,,,1,70,,35765,,,1,30,,35745,,,1,70,,35766,,,1,30,,35746,,,1,70,,35767,,,1,30,,35747,,,1,70,,35768,,,1,30,,35748,,,1,70,,35769,,,1,30,,35749,,,1,70,,35770,,,1,30,,35750,,,1,70,,35771,,,1,30,,35751,,,1,70,,35772,,,1,30,,35752,,,1,70,,35773,,,1
901,'20260411',804,,35795,,,1,30,,35779,,,1,70,,35796,,,1,30,,35780,,,1,70,,35797,,,1,30,,35781,,,1,70,,35798,,,1,30,,35782,,,1,70,,35799,,,1,30,,35783,,,1,70,,35800,,,1,30,,35784,,,1,70,,35801,,,1,30,,35785,,,1,70,,35802,,,1,30,,35786,,,1,70,,35803,,,1,30,,35787,,,1,70,,35804,,,1,30,,35788,,,1,70,,35805,,,1,30,,35789,,,1,70,,35806,,,1,30,,35790,,,1,70,,35807,,,1,30,,35791,,,1,70,,35808,,,1,30,,35792,,,1,70,,35809,,,1,30,,35793,,,1,70,,35810,,,1,30,,35794,,,1,70,,35811,,,1
901,'20260412',804,,35828,,,1,30,,35812,,,1,70,,35829,,,1,30,,35813,,,1,70,,35830,,,1,30,,35814,,,1,70,,35831,,,1,30,,35815,,,1,70,,35832,,,1,30,,35816,,,1,70,,35833,,,1,30,,35817,,,1,70,,35834,,,1,30,,35818,,,1,70,,35835,,,1,30,,35819,,,1,70,,35836,,,1,30,,35820,,,1,70,,35837,,,1,30,,35821,,,1,70,,35838,,,1,30,,35822,,,1,70,,35839,,,1,30,,35823,,,1,70,,35840,,,1,30,,35824,,,1,70,,35841,,,1,30,,35825,,,1,70,,35842,,,1,30,,35826,,,1,70,,35843,,,1,30,,35827,,,1,70,,36574,,,1
901,'20260413',529,,35844,,,1,30,,35865,,,1,75,,35845,,,1,15,,35863,,,1,10,,35866,,,1,50,,35886,,,1,10,,35883,,,1,10,,35846,,,1,10,,35885,,,1,10,,35864,,,1,10,,35867,,,1,50,,35887,,,1,10,,35884,,,1,15,,35847,,,1,70,,35868,,,1,30,,35848,,,1,70,,35869,,,1,30,,35849,,,1,70,,35870,,,1,30,,35850,,,1,70,,35871,,,1,30,,35851,,,1,70,,35872,,,1,30,,35852,,,1,70,,35873,,,1,30,,35853,,,1,70,,35874,,,1,30,,35854,,,1,70,,35875,,,1,30,,35855,,,1,70,,35876,,,1,30,,35856,,,1,70,,35877,,,1,30,,35857,,,1,70,,35878,,,1,30,,35858,,,1,70,,35879,,,1,30,,35859,,,1,70,,35880,,,1,30,,35860,,,1,70,,35881,,,1,30,,35861,,,1,70,,35882,,,1,30,,35862,,,1
901,'20260414',529,,35888,,,1,30,,35909,,,1,75,,35889,,,1,15,,35907,,,1,10,,35910,,,1,50,,35930,,,1,10,,35927,,,1,10,,35890,,,1,10,,35929,,,1,10,,35908,,,1,10,,35911,,,1,50,,35931,,,1,10,,35928,,,1,15,,35891,,,1,70,,35912,,,1,30,,35892,,,1,70,,35913,,,1,30,,35893,,,1,70,,35914,,,1,30,,35894,,,1,70,,35915,,,1,30,,35895,,,1,70,,35916,,,1,30,,35896,,,1,70,,35917,,,1,30,,35897,,,1,70,,35918,,,1,30,,35898,,,1,70,,35919,,,1,30,,35899,,,1,70,,35920,,,1,30,,35900,,,1,70,,35921,,,1,30,,35901,,,1,70,,35922,,,1,30,,35902,,,1,70,,35923,,,1,30,,35903,,,1,70,,35924,,,1,30,,35904,,,1,70,,35925,,,1,30,,35905,,,1,70,,35926,,,1,30,,35906,,,1
901,'20260415',529,,35932,,,1,30,,35953,,,1,75,,35933,,,1,15,,35951,,,1,10,,35954,,,1,50,,35974,,,1,10,,35971,,,1,10,,35934,,,1,10,,35973,,,1,10,,35952,,,1,10,,35955,,,1,50,,35975,,,1,10,,35972,,,1,15,,35935,,,1,70,,35956,,,1,30,,35936,,,1,70,,35957,,,1,30,,35937,,,1,70,,35958,,,1,30,,35938,,,1,70,,35959,,,1,30,,35939,,,1,70,,35960,,,1,30,,35940,,,1,70,,35961,,,1,30,,35941,,,1,70,,35962,,,1,30,,35942,,,1,70,,35963,,,1,30,,35943,,,1,70,,35964,,,1,30,,35944,,,1,70,,35965,,,1,30,,35945,,,1,70,,35966,,,1,30,,35946,,,1,70,,35967,,,1,30,,35947,,,1,70,,35968,,,1,30,,35948,,,1,70,,35969,,,1,30,,35949,,,1,70,,35970,,,1,30,,35950,,,1
901,'20260416',529,,35976,,,1,30,,35997,,,1,75,,35977,,,1,15,,35995,,,1,10,,35998,,,1,50,,36018,,,1,10,,36015,,,1,10,,35978,,,1,10,,36017,,,1,10,,35996,,,1,10,,35999,,,1,50,,36019,,,1,10,,36016,,,1,15,,35979,,,1,70,,36000,,,1,30,,35980,,,1,70,,36001,,,1,30,,35981,,,1,70,,36002,,,1,30,,35982,,,1,70,,36003,,,1,30,,35983,,,1,70,,36004,,,1,30,,35984,,,1,70,,36005,,,1,30,,35985,,,1,70,,36006,,,1,30,,35986,,,1,70,,36007,,,1,30,,35987,,,1,70,,36008,,,1,30,,35988,,,1,70,,36009,,,1,30,,35989,,,1,70,,36010,,,1,30,,35990,,,1,70,,36011,,,1,30,,35991,,,1,70,,36012,,,1,30,,35992,,,1,70,,36013,,,1,30,,35993,,,1,70,,36014,,,1,30,,35994,,,1
901,'20260417',529,,36020,,,1,30,,36041,,,1,75,,36021,,,1,15,,36039,,,1,10,,36042,,,1,50,,36063,,,1,10,,36060,,,1,10,,36022,,,1,10,,36062,,,1,10,,36040,,,1,10,,36043,,,1,50,,36064,,,1,10,,36061,,,1,15,,36023,,,1,70,,36044,,,1,30,,36024,,,1,70,,36045,,,1,30,,36025,,,1,70,,36046,,,1,30,,36026,,,1,70,,36047,,,1,30,,36027,,,1,70,,36048,,,1,30,,36028,,,1,70,,36049,,,1,30,,36029,,,1,70,,36050,,,1,30,,36030,,,1,70,,36051,,,1,30,,36031,,,1,70,,36052,,,1,30,,36032,,,1,70,,36053,,,1,30,,36033,,,1,70,,36054,,,1,30,,36034,,,1,70,,36055,,,1,30,,36035,,,1,70,,36056,,,1,30,,36036,,,1,70,,36057,,,1,30,,36037,,,1,70,,36058,,,1,30,,36038,,,1,70,,36059,,,1
901,'20260418',804,,36081,,,1,30,,36065,,,1,70,,36082,,,1,30,,36066,,,1,70,,36083,,,1,30,,36067,,,1,70,,36084,,,1,30,,36068,,,1,70,,36085,,,1,30,,36069,,,1,70,,36086,,,1,30,,36070,,,1,70,,36087,,,1,30,,36071,,,1,70,,36088,,,1,30,,36072,,,1,70,,36089,,,1,30,,36073,,,1,70,,36090,,,1,30,,36074,,,1,70,,36091,,,1,30,,36075,,,1,70,,36092,,,1,30,,36076,,,1,70,,36093,,,1,30,,36077,,,1,70,,36094,,,1,30,,36078,,,1,70,,36095,,,1,30,,36079,,,1,70,,36096,,,1,30,,36080,,,1,70,,36097,,,1
901,'20260419',804,,36114,,,1,30,,36098,,,1,70,,36115,,,1,30,,36099,,,1,70,,36116,,,1,30,,36100,,,1,70,,36117,,,1,30,,36101,,,1,70,,36118,,,1,30,,36102,,,1,70,,36119,,,1,30,,36103,,,1,70,,36120,,,1,30,,36104,,,1,70,,36121,,,1,30,,36105,,,1,70,,36122,,,1,30,,36106,,,1,70,,36123,,,1,30,,36107,,,1,70,,36124,,,1,30,,36108,,,1,70,,36125,,,1,30,,36109,,,1,70,,36126,,,1,30,,36110,,,1,70,,36127,,,1,30,,36111,,,1,70,,36128,,,1,30,,36112,,,1,70,,36129,,,1,30,,36113,,,1,70,,36575,,,1
901,'20260420',529,,36130,,,1,30,,36151,,,1,75,,36131,,,1,15,,36149,,,1,10,,36152,,,1,50,,36172,,,1,10,,36169,,,1,10,,36132,,,1,10,,36171,,,1,10,,36150,,,1,10,,36153,,,1,50,,36173,,,1,10,,36170,,,1,15,,36133,,,1,70,,36154,,,1,30,,36134,,,1,70,,36155,,,1,30,,36135,,,1,70,,36156,,,1,30,,36136,,,1,70,,36157,,,1,30,,36137,,,1,70,,36158,,,1,30,,36138,,,1,70,,36159,,,1,30,,36139,,,1,70,,36160,,,1,30,,36140,,,1,70,,36161,,,1,30,,36141,,,1,70,,36162,,,1,30,,36142,,,1,70,,36163,,,1,30,,36143,,,1,70,,36164,,,1,30,,36144,,,1,70,,36165,,,1,30,,36145,,,1,70,,36166,,,1,30,,36146,,,1,70,,36167,,,1,30,,36147,,,1,70,,36168,,,1,30,,36148,,,1
901,'20260421',529,,36174,,,1,30,,36195,,,1,75,,36175,,,1,15,,36193,,,1,10,,36196,,,1,50,,36216,,,1,10,,36213,,,1,10,,36176,,,1,10,,36215,,,1,10,,36194,,,1,10,,36197,,,1,50,,36217,,,1,10,,36214,,,1,15,,36177,,,1,70,,36198,,,1,30,,36178,,,1,70,,36199,,,1,30,,36179,,,1,70,,36200,,,1,30,,36180,,,1,70,,36201,,,1,30,,36181,,,1,70,,36202,,,1,30,,36182,,,1,70,,36203,,,1,30,,36183,,,1,70,,36204,,,1,30,,36184,,,1,70,,36205,,,1,30,,36185,,,1,70,,36206,,,1,30,,36186,,,1,70,,36207,,,1,30,,36187,,,1,70,,36208,,,1,30,,36188,,,1,70,,36209,,,1,30,,36189,,,1,70,,36210,,,1,30,,36190,,,1,70,,36211,,,1,30,,36191,,,1,70,,36212,,,1,30,,36192,,,1
901,'20260422',529,,36218,,,1,30,,36239,,,1,75,,36219,,,1,15,,36237,,,1,10,,36240,,,1,50,,36260,,,1,10,,36257,,,1,10,,36220,,,1,10,,36259,,,1,10,,36238,,,1,10,,36241,,,1,50,,36261,,,1,10,,36258,,,1,15,,36221,,,1,70,,36242,,,1,30,,36222,,,1,70,,36243,,,1,30,,36223,,,1,70,,36244,,,1,30,,36224,,,1,70,,36245,,,1,30,,36225,,,1,70,,36246,,,1,30,,36226,,,1,70,,36247,,,1,30,,36227,,,1,70,,36248,,,1,30,,36228,,,1,70,,36249,,,1,30,,36229,,,1,70,,36250,,,1,30,,36230,,,1,70,,36251,,,1,30,,36231,,,1,70,,36252,,,1,30,,36232,,,1,70,,36253,,,1,30,,36233,,,1,70,,36254,,,1,30,,36234,,,1,70,,36255,,,1,30,,36235,,,1,70,,36256,,,1,30,,36236,,,1
901,'20260423',529,,36262,,,1,30,,36283,,,1,75,,36263,,,1,15,,36281,,,1,10,,36284,,,1,50,,36304,,,1,10,,36301,,,1,10,,36264,,,1,10,,36303,,,1,10,,36282,,,1,10,,36285,,,1,50,,36305,,,1,10,,36302,,,1,15,,36265,,,1,70,,36286,,,1,30,,36266,,,1,70,,36287,,,1,30,,36267,,,1,70,,36288,,,1,30,,36268,,,1,70,,36289,,,1,30,,36269,,,1,70,,36290,,,1,30,,36270,,,1,70,,36291,,,1,30,,36271,,,1,70,,36292,,,1,30,,36272,,,1,70,,36293,,,1,30,,36273,,,1,70,,36294,,,1,30,,36274,,,1,70,,36295,,,1,30,,36275,,,1,70,,36296,,,1,30,,36276,,,1,70,,36297,,,1,30,,36277,,,1,70,,36298,,,1,30,,36278,,,1,70,,36299,,,1,30,,36279,,,1,70,,36300,,,1,30,,36280,,,1
901,'20260424',529,,36306,,,1,30,,36327,,,1,75,,36307,,,1,15,,36325,,,1,10,,36328,,,1,50,,36349,,,1,10,,36346,,,1,10,,36308,,,1,10,,36348,,,1,10,,36326,,,1,10,,36329,,,1,50,,36350,,,1,10,,36347,,,1,15,,36309,,,1,70,,36330,,,1,30,,36310,,,1,70,,36331,,,1,30,,36311,,,1,70,,36332,,,1,30,,36312,,,1,70,,36333,,,1,30,,36313,,,1,70,,36334,,,1,30,,36314,,,1,70,,36335,,,1,30,,36315,,,1,70,,36336,,,1,30,,36316,,,1,70,,36337,,,1,30,,36317,,,1,70,,36338,,,1,30,,36318,,,1,70,,36339,,,1,30,,36319,,,1,70,,36340,,,1,30,,36320,,,1,70,,36341,,,1,30,,36321,,,1,70,,36342,,,1,30,,36322,,,1,70,,36343,,,1,30,,36323,,,1,70,,36344,,,1,30,,36324,,,1,70,,36345,,,1
