700,'20260716',918,,52795,13,0,23 24,1,100,,52796,13,0,23 24,1,100,,52797,13,0,23 24,1,100,,52798,13,0,23 24,1,100,,52799,13,0,23 24,1,100,,52800,13,0,23 24,1,100,,52806,13,,,1,32,,52793,13,0,25,1,68,,52807,13,,,1,30,,52811,13,,,1,60,,52794,13,0,25,1,10,,52808,13,,,1,32,,52812,13,,,1,83,,52801,13,0,23 24,1,85,,52802,13,0,23 24,1,100,,52803,13,0,23 24,1,100,,52804,13,0,23 24,1,100,,52805,13,0,23 24,1,100,,52809,13,,,1,100,,52810,13,,,1
700,'20260717',918,,52815,13,0,23 24,1,100,,52816,13,0,23 24,1,100,,52817,13,0,23 24,1,100,,52818,13,0,23 24,1,100,,52819,13,0,23 24,1,100,,52820,13,0,23 24,1,100,,52826,13,,,1,32,,52813,13,0,25,1,68,,52827,13,,,1,30,,52831,13,,,1,60,,52814,13,0,25,1,10,,52828,13,,,1,32,,52832,13,,,1,83,,52821,13,0,23 24,1,85,,52822,13,0,23 24,1,100,,52823,13,0,23 24,1,100,,52824,13,0,23 24,1,100,,52825,13,0,23 24,1,100,,52829,13,,,1,100,,52830,13,,,1
700,'20260718',918,,52833,13,0,23 24,1,100,,52834,13,0,23 24,1,100,,52835,13,0,23 24,1,100,,52836,13,0,23 24,1,100,,52837,13,0,23 24,1,100,,52838,13,0,23 24,1,100,,52839,13,0,23 24,1,100,,52840,13,0,23 24,1,100,,52841,13,0,23 24,1,100,,52842,13,0,23 24,1,100,,52843,13,0,23 24,1,100,,52844,13,0,23 24,1,100,,52845,13,,,1,100,,52846,13,,,1,100,,52847,13,,,1
700,'20260719',918,,52848,13,0,23 24,1,100,,52849,13,0,23 24,1,100,,52850,13,0,23 24,1,100,,52851,13,0,23 24,1,100,,52852,13,0,23 24,1,100,,52853,13,0,23 24,1,100,,52854,13,0,23 24,1,100,,52855,13,0,23 24,1,100,,52856,13,0,23 24,1,100,,52857,13,0,23 24,1,100,,52858,13,0,23 24,1,100,,52859,13,0,23 24,1,100,,52860,13,,,1,100,,52861,13,,,1,100,,52862,13,,,1
700,'20260720',918,,52865,13,0,23 24,1,100,,52866,13,0,23 24,1,100,,52867,13,0,23 24,1,100,,52868,13,0,23 24,1,100,,52869,13,0,23 24,1,100,,52870,13,0,23 24,1,100,,52876,13,,,1,32,,52863,13,0,25,1,68,,52877,13,,,1,30,,52881,13,,,1,60,,52864,13,0,25,1,10,,52878,13,,,1,32,,52882,13,,,1,83,,52871,13,0,23 24,1,85,,52872,13,0,23 24,1,100,,52873,13,0,23 24,1,100,,52874,13,0,23 24,1,100,,52875,13,0,23 24,1,100,,52879,13,,,1,100,,52880,13,,,1
700,'20260721',918,,52885,13,0,23 24,1,100,,52886,13,0,23 24,1,100,,52887,13,0,23 24,1,100,,52888,13,0,23 24,1,100,,52889,13,0,23 24,1,100,,52890,13,0,23 24,1,100,,52896,13,,,1,32,,52883,13,0,25,1,68,,52897,13,,,1,30,,52901,13,,,1,60,,52884,13,0,25,1,10,,52898,13,,,1,32,,52902,13,,,1,83,,52891,13,0,23 24,1,85,,52892,13,0,23 24,1,100,,52893,13,0,23 24,1,100,,52894,13,0,23 24,1,100,,52895,13,0,23 24,1,100,,52899,13,,,1,100,,52900,13,,,1
700,'20260722',918,,52905,13,0,23 24,1,100,,52906,13,0,23 24,1,100,,52907,13,0,23 24,1,100,,52908,13,0,23 24,1,100,,52909,13,0,23 24,1,100,,52910,13,0,23 24,1,100,,52916,13,,,1,32,,52903,13,0,25,1,68,,52917,13,,,1,30,,52921,13,,,1,60,,52904,13,0,25,1,10,,52918,13,,,1,32,,52922,13,,,1,83,,52911,13,0,23 24,1,85,,52912,13,0,23 24,1,100,,52913,13,0,23 24,1,100,,52914,13,0,23 24,1,100,,52915,13,0,23 24,1,100,,52919,13,,,1,100,,52920,13,,,1
700,'20260723',918,,52925,13,0,23 24,1,100,,52926,13,0,23 24,1,100,,52927,13,0,23 24,1,100,,52928,13,0,23 24,1,100,,52929,13,0,23 24,1,100,,52930,13,0,23 24,1,100,,52936,13,,,1,32,,52923,13,0,25,1,68,,52937,13,,,1,30,,52941,13,,,1,60,,52924,13,0,25,1,10,,52938,13,,,1,32,,52942,13,,,1,83,,52931,13,0,23 24,1,85,,52932,13,0,23 24,1,100,,52933,13,0,23 24,1,100,,52934,13,0,23 24,1,100,,52935,13,0,23 24,1,100,,52939,13,,,1,100,,52940,13,,,1
700,'20260724',918,,52945,13,0,23 24,1,100,,52946,13,0,23 24,1,100,,52947,13,0,23 24,1,100,,52948,13,0,23 24,1,100,,52949,13,0,23 24,1,100,,52950,13,0,23 24,1,100,,52956,13,,,1,32,,52943,13,0,25,1,68,,52957,13,,,1,30,,52961,13,,,1,60,,52944,13,0,25,1,10,,52958,13,,,1,32,,52962,13,,,1,83,,52951,13,0,23 24,1,85,,52952,13,0,23 24,1,100,,52953,13,0,23 24,1,100,,52954,13,0,23 24,1,100,,52955,13,0,23 24,1,100,,52959,13,,,1,100,,52960,13,,,1
700,'20260725',918,,52963,13,0,23 24,1,100,,52964,13,0,23 24,1,100,,52965,13,0,23 24,1,100,,52966,13,0,23 24,1,100,,52967,13,0,23 24,1,100,,52968,13,0,23 24,1,100,,52969,13,0,23 24,1,100,,52970,13,0,23 24,1,100,,52971,13,0,23 24,1,100,,52972,13,0,23 24,1,100,,52973,13,0,23 24,1,100,,52974,13,0,23 24,1,100,,52975,13,,,1,100,,52976,13,,,1,100,,52977,13,,,1
700,'20260726',918,,52978,13,0,23 24,1,100,,52979,13,0,23 24,1,100,,52980,13,0,23 24,1,100,,52981,13,0,23 24,1,100,,52982,13,0,23 24,1,100,,52983,13,0,23 24,1,100,,52984,13,0,23 24,1,100,,52985,13,0,23 24,1,100,,52986,13,0,23 24,1,100,,52987,13,0,23 24,1,100,,52988,13,0,23 24,1,100,,52989,13,0,23 24,1,100,,52990,13,,,1,100,,52991,13,,,1,100,,52992,13,,,1
700,'20260727',918,,52995,13,0,23 24,1,100,,52996,13,0,23 24,1,100,,52997,13,0,23 24,1,100,,52998,13,0,23 24,1,100,,52999,13,0,23 24,1,100,,53000,13,0,23 24,1,100,,53006,13,,,1,32,,52993,13,0,25,1,68,,53007,13,,,1,30,,53011,13,,,1,60,,52994,13,0,25,1,10,,53008,13,,,1,32,,53012,13,,,1,83,,53001,13,0,23 24,1,85,,53002,13,0,23 24,1,100,,53003,13,0,23 24,1,100,,53004,13,0,23 24,1,100,,53005,13,0,23 24,1,100,,53009,13,,,1,100,,53010,13,,,1
700,'20260728',918,,53015,13,0,23 24,1,100,,53016,13,0,23 24,1,100,,53017,13,0,23 24,1,100,,53018,13,0,23 24,1,100,,53019,13,0,23 24,1,100,,53020,13,0,23 24,1,100,,53026,13,,,1,32,,53013,13,0,25,1,68,,53027,13,,,1,30,,53031,13,,,1,60,,53014,13,0,25,1,10,,53028,13,,,1,32,,53032,13,,,1,83,,53021,13,0,23 24,1,85,,53022,13,0,23 24,1,100,,53023,13,0,23 24,1,100,,53024,13,0,23 24,1,100,,53025,13,0,23 24,1,100,,53029,13,,,1,100,,53030,13,,,1
700,'20260729',918,,53035,13,0,23 24,1,100,,53036,13,0,23 24,1,100,,53037,13,0,23 24,1,100,,53038,13,0,23 24,1,100,,53039,13,0,23 24,1,100,,53040,13,0,23 24,1,100,,53046,13,,,1,32,,53033,13,0,25,1,68,,53047,13,,,1,30,,53051,13,,,1,60,,53034,13,0,25,1,10,,53048,13,,,1,32,,53052,13,,,1,83,,53041,13,0,23 24,1,85,,53042,13,0,23 24,1,100,,53043,13,0,23 24,1,100,,53044,13,0,23 24,1,100,,53045,13,0,23 24,1,100,,53049,13,,,1,100,,53050,13,,,1
700,'20260730',918,,53055,13,0,23 24,1,100,,53056,13,0,23 24,1,100,,53057,13,0,23 24,1,100,,53058,13,0,23 24,1,100,,53059,13,0,23 24,1,100,,53060,13,0,23 24,1,100,,53066,13,,,1,32,,53053,13,0,25,1,68,,53067,13,,,1,30,,53071,13,,,1,60,,53054,13,0,25,1,10,,53068,13,,,1,32,,53072,13,,,1,83,,53061,13,0,23 24,1,85,,53062,13,0,23 24,1,100,,53063,13,0,23 24,1,100,,53064,13,0,23 24,1,100,,53065,13,0,23 24,1,100,,53069,13,,,1,100,,53070,13,,,1
700,'20260731',918,,53075,13,0,23 24,1,100,,53076,13,0,23 24,1,100,,53077,13,0,23 24,1,100,,53078,13,0,23 24,1,100,,53079,13,0,23 24,1,100,,53080,13,0,23 24,1,100,,53086,13,,,1,32,,53073,13,0,25,1,68,,53087,13,,,1,30,,53091,13,,,1,60,,53074,13,0,25,1,10,,53088,13,,,1,32,,53092,13,,,1,83,,53081,13,0,23 24,1,85,,53082,13,0,23 24,1,100,,53083,13,0,23 24,1,100,,53084,13,0,23 24,1,100,,53085,13,0,23 24,1,100,,53089,13,,,1,100,,53090,13,,,1
700,'20260801',918,,53093,13,0,23 24,1,100,,53094,13,0,23 24,1,100,,53095,13,0,23 24,1,100,,53096,13,0,23 24,1,100,,53097,13,0,23 24,1,100,,53098,13,0,23 24,1,100,,53099,13,0,23 24,1,100,,53100,13,0,23 24,1,100,,53101,13,0,23 24,1,100,,53102,13,0,23 24,1,100,,53103,13,0,23 24,1,100,,53104,13,0,23 24,1,100,,53105,13,,,1,100,,53106,13,,,1,100,,53107,13,,,1
700,'20260802',918,,53108,13,0,23 24,1,100,,53109,13,0,23 24,1,100,,53110,13,0,23 24,1,100,,53111,13,0,23 24,1,100,,53112,13,0,23 24,1,100,,53113,13,0,23 24,1,100,,53114,13,0,23 24,1,100,,53115,13,0,23 24,1,100,,53116,13,0,23 24,1,100,,53117,13,0,23 24,1,100,,53118,13,0,23 24,1,100,,53119,13,0,23 24,1,100,,53120,13,,,1,100,,53121,13,,,1,100,,53122,13,,,1
700,'20260803',918,,53125,13,0,23 24,1,100,,53126,13,0,23 24,1,100,,53127,13,0,23 24,1,100,,53128,13,0,23 24,1,100,,53129,13,0,23 24,1,100,,53130,13,0,23 24,1,100,,64420,13,0,23 24,1,100,,64421,13,0,23 24,1,100,,64422,13,0,23 24,1,100,,53131,13,0,23 24,1,100,,53132,13,0,23 24,1,100,,53133,13,0,23 24,1,100,,64423,13,,,1,100,,64424,13,,,1,100,,53139,13,,,1
700,'20260804',918,,53145,13,0,23 24,1,100,,53146,13,0,23 24,1,100,,53147,13,0,23 24,1,100,,53148,13,0,23 24,1,100,,53149,13,0,23 24,1,100,,53150,13,0,23 24,1,100,,53156,13,,,1,32,,53143,13,0,25,1,68,,53157,13,,,1,30,,53161,13,,,1,60,,53144,13,0,25,1,10,,53158,13,,,1,32,,53162,13,,,1,83,,53151,13,0,23 24,1,85,,53152,13,0,23 24,1,100,,53153,13,0,23 24,1,100,,53154,13,0,23 24,1,100,,53155,13,0,23 24,1,100,,53159,13,,,1,100,,53160,13,,,1
700,'20260805',918,,53165,13,0,23 24,1,100,,53166,13,0,23 24,1,100,,53167,13,0,23 24,1,100,,53168,13,0,23 24,1,100,,53169,13,0,23 24,1,100,,53170,13,0,23 24,1,100,,53176,13,,,1,32,,53163,13,0,25,1,68,,53177,13,,,1,30,,53181,13,,,1,60,,53164,13,0,25,1,10,,53178,13,,,1,32,,53182,13,,,1,83,,53171,13,0,23 24,1,85,,53172,13,0,23 24,1,100,,53173,13,0,23 24,1,100,,53174,13,0,23 24,1,100,,53175,13,0,23 24,1,100,,53179,13,,,1,100,,53180,13,,,1
700,'20260806',918,,53185,13,0,23 24,1,100,,53186,13,0,23 24,1,100,,53187,13,0,23 24,1,100,,53188,13,0,23 24,1,100,,53189,13,0,23 24,1,100,,53190,13,0,23 24,1,100,,53196,13,,,1,32,,53183,13,0,25,1,68,,53197,13,,,1,30,,53201,13,,,1,60,,53184,13,0,25,1,10,,53198,13,,,1,32,,53202,13,,,1,83,,53191,13,0,23 24,1,85,,53192,13,0,23 24,1,100,,53193,13,0,23 24,1,100,,53194,13,0,23 24,1,100,,53195,13,0,23 24,1,100,,53199,13,,,1,100,,53200,13,,,1
700,'20260807',918,,53205,13,0,23 24,1,100,,53206,13,0,23 24,1,100,,53207,13,0,23 24,1,100,,53208,13,0,23 24,1,100,,53209,13,0,23 24,1,100,,53210,13,0,23 24,1,100,,53216,13,,,1,32,,53203,13,0,25,1,68,,53217,13,,,1,30,,53221,13,,,1,60,,53204,13,0,25,1,10,,53218,13,,,1,32,,53222,13,,,1,83,,53211,13,0,23 24,1,85,,53212,13,0,23 24,1,100,,53213,13,0,23 24,1,100,,53214,13,0,23 24,1,100,,53215,13,0,23 24,1,100,,53219,13,,,1,100,,53220,13,,,1
700,'20260808',918,,53223,13,0,23 24,1,100,,53224,13,0,23 24,1,100,,53225,13,0,23 24,1,100,,53226,13,0,23 24,1,100,,53227,13,0,23 24,1,100,,53228,13,0,23 24,1,100,,53229,13,0,23 24,1,100,,53230,13,0,23 24,1,100,,53231,13,0,23 24,1,100,,53232,13,0,23 24,1,100,,53233,13,0,23 24,1,100,,53234,13,0,23 24,1,100,,53235,13,,,1,100,,53236,13,,,1,100,,53237,13,,,1
700,'20260809',918,,53238,13,0,23 24,1,100,,53239,13,0,23 24,1,100,,53240,13,0,23 24,1,100,,53241,13,0,23 24,1,100,,53242,13,0,23 24,1,100,,53243,13,0,23 24,1,100,,53244,13,0,23 24,1,100,,53245,13,0,23 24,1,100,,53246,13,0,23 24,1,100,,53247,13,0,23 24,1,100,,53248,13,0,23 24,1,100,,53249,13,0,23 24,1,100,,53250,13,,,1,100,,53251,13,,,1,100,,53252,13,,,1
700,'20260810',918,,53255,13,0,23 24,1,100,,53256,13,0,23 24,1,100,,53257,13,0,23 24,1,100,,53258,13,0,23 24,1,100,,53259,13,0,23 24,1,100,,53260,13,0,23 24,1,100,,65255,13,,,1,32,,65251,13,0,25,1,68,,65256,13,,,1,30,,65259,13,,,1,60,,65252,13,0,25,1,10,,65257,13,,,1,32,,65260,13,,,1,83,,53261,13,0,23 24,1,85,,53262,13,0,23 24,1,100,,53263,13,0,23 24,1,100,,65253,13,0,23 24,1,100,,65254,13,0,23 24,1,100,,53269,13,,,1,100,,65258,13,,,1
700,'20260811',918,,53275,13,0,23 24,1,100,,53276,13,0,23 24,1,100,,53277,13,0,23 24,1,100,,53278,13,0,23 24,1,100,,53279,13,0,23 24,1,100,,53280,13,0,23 24,1,100,,53286,13,,,1,32,,53273,13,0,25,1,68,,53287,13,,,1,30,,53291,13,,,1,60,,53274,13,0,25,1,10,,53288,13,,,1,32,,53292,13,,,1,83,,53281,13,0,23 24,1,85,,53282,13,0,23 24,1,100,,53283,13,0,23 24,1,100,,53284,13,0,23 24,1,100,,53285,13,0,23 24,1,100,,53289,13,,,1,100,,53290,13,,,1
700,'20260812',918,,53295,13,0,23 24,1,100,,53296,13,0,23 24,1,100,,53297,13,0,23 24,1,100,,53298,13,0,23 24,1,100,,53299,13,0,23 24,1,100,,53300,13,0,23 24,1,100,,53306,13,,,1,32,,53293,13,0,25,1,68,,53307,13,,,1,30,,53311,13,,,1,60,,53294,13,0,25,1,10,,53308,13,,,1,32,,53312,13,,,1,83,,53301,13,0,23 24,1,85,,53302,13,0,23 24,1,100,,53303,13,0,23 24,1,100,,53304,13,0,23 24,1,100,,53305,13,0,23 24,1,100,,53309,13,,,1,100,,53310,13,,,1
700,'20260813',918,,53315,13,0,23 24,1,100,,53316,13,0,23 24,1,100,,53317,13,0,23 24,1,100,,53318,13,0,23 24,1,100,,53319,13,0,23 24,1,100,,53320,13,0,23 24,1,100,,53326,13,,,1,32,,53313,13,0,25,1,68,,53327,13,,,1,30,,53331,13,,,1,60,,53314,13,0,25,1,10,,53328,13,,,1,32,,53332,13,,,1,83,,53321,13,0,23 24,1,85,,53322,13,0,23 24,1,100,,53323,13,0,23 24,1,100,,53324,13,0,23 24,1,100,,53325,13,0,23 24,1,100,,53329,13,,,1,100,,53330,13,,,1
700,'20260814',918,,53335,13,0,23 24,1,100,,53336,13,0,23 24,1,100,,53337,13,0,23 24,1,100,,53338,13,0,23 24,1,100,,53339,13,0,23 24,1,100,,53340,13,0,23 24,1,100,,53346,13,,,1,32,,53333,13,0,25,1,68,,53347,13,,,1,30,,53351,13,,,1,60,,53334,13,0,25,1,10,,53348,13,,,1,32,,53352,13,,,1,83,,53341,13,0,23 24,1,85,,53342,13,0,23 24,1,100,,53343,13,0,23 24,1,100,,53344,13,0,23 24,1,100,,53345,13,0,23 24,1,100,,53349,13,,,1,100,,53350,13,,,1
700,'20260815',918,,53353,13,0,23 24,1,100,,53354,13,0,23 24,1,100,,53355,13,0,23 24,1,100,,53356,13,0,23 24,1,100,,53357,13,0,23 24,1,100,,53358,13,0,23 24,1,100,,53359,13,0,23 24,1,100,,53360,13,0,23 24,1,100,,53361,13,0,23 24,1,100,,53362,13,0,23 24,1,100,,53363,13,0,23 24,1,100,,53364,13,0,23 24,1,100,,53365,13,,,1,100,,53366,13,,,1,100,,53367,13,,,1
700,'20260816',918,,53368,13,0,23 24,1,100,,53369,13,0,23 24,1,100,,53370,13,0,23 24,1,100,,53371,13,0,23 24,1,100,,53372,13,0,23 24,1,100,,53373,13,0,23 24,1,100,,53374,13,0,23 24,1,100,,53375,13,0,23 24,1,100,,53376,13,0,23 24,1,100,,53377,13,0,23 24,1,100,,53378,13,0,23 24,1,100,,53379,13,0,23 24,1,100,,53380,13,,,1,100,,53381,13,,,1,100,,53382,13,,,1
700,'20260817',918,,53385,13,0,23 24,1,100,,53386,13,0,23 24,1,100,,53387,13,0,23 24,1,100,,53388,13,0,23 24,1,100,,53389,13,0,23 24,1,100,,53390,13,0,23 24,1,100,,65265,13,,,1,32,,65261,13,0,25,1,68,,65266,13,,,1,30,,65269,13,,,1,60,,65262,13,0,25,1,10,,65267,13,,,1,32,,65270,13,,,1,83,,53391,13,0,23 24,1,85,,53392,13,0,23 24,1,100,,53393,13,0,23 24,1,100,,65263,13,0,23 24,1,100,,65264,13,0,23 24,1,100,,53399,13,,,1,100,,65268,13,,,1
700,'20260818',918,,53405,13,0,23 24,1,100,,53406,13,0,23 24,1,100,,53407,13,0,23 24,1,100,,53408,13,0,23 24,1,100,,53409,13,0,23 24,1,100,,53410,13,0,23 24,1,100,,53416,13,,,1,32,,53403,13,0,25,1,68,,53417,13,,,1,30,,53421,13,,,1,60,,53404,13,0,25,1,10,,53418,13,,,1,32,,53422,13,,,1,83,,53411,13,0,23 24,1,85,,53412,13,0,23 24,1,100,,53413,13,0,23 24,1,100,,53414,13,0,23 24,1,100,,53415,13,0,23 24,1,100,,53419,13,,,1,100,,53420,13,,,1
700,'20260819',918,,53425,13,0,23 24,1,100,,53426,13,0,23 24,1,100,,53427,13,0,23 24,1,100,,53428,13,0,23 24,1,100,,53429,13,0,23 24,1,100,,53430,13,0,23 24,1,100,,53436,13,,,1,32,,53423,13,0,25,1,68,,53437,13,,,1,30,,53441,13,,,1,60,,53424,13,0,25,1,10,,53438,13,,,1,32,,53442,13,,,1,83,,53431,13,0,23 24,1,85,,53432,13,0,23 24,1,100,,53433,13,0,23 24,1,100,,53434,13,0,23 24,1,100,,53435,13,0,23 24,1,100,,53439,13,,,1,100,,53440,13,,,1
700,'20260820',918,,53445,13,0,23 24,1,100,,53446,13,0,23 24,1,100,,53447,13,0,23 24,1,100,,53448,13,0,23 24,1,100,,53449,13,0,23 24,1,100,,53450,13,0,23 24,1,100,,53456,13,,,1,32,,53443,13,0,25,1,68,,53457,13,,,1,30,,53461,13,,,1,60,,53444,13,0,25,1,10,,53458,13,,,1,32,,53462,13,,,1,83,,53451,13,0,23 24,1,85,,53452,13,0,23 24,1,100,,53453,13,0,23 24,1,100,,53454,13,0,23 24,1,100,,53455,13,0,23 24,1,100,,53459,13,,,1,100,,53460,13,,,1
700,'20260821',918,,53465,13,0,23 24,1,100,,53466,13,0,23 24,1,100,,53467,13,0,23 24,1,100,,53468,13,0,23 24,1,100,,53469,13,0,23 24,1,100,,53470,13,0,23 24,1,100,,53476,13,,,1,32,,53463,13,0,25,1,68,,53477,13,,,1,30,,53481,13,,,1,60,,53464,13,0,25,1,10,,53478,13,,,1,32,,53482,13,,,1,83,,53471,13,0,23 24,1,85,,53472,13,0,23 24,1,100,,53473,13,0,23 24,1,100,,53474,13,0,23 24,1,100,,53475,13,0,23 24,1,100,,53479,13,,,1,100,,53480,13,,,1
700,'20260822',918,,53483,13,0,23 24,1,100,,53484,13,0,23 24,1,100,,53485,13,0,23 24,1,100,,53486,13,0,23 24,1,100,,53487,13,0,23 24,1,100,,53488,13,0,23 24,1,100,,53489,13,0,23 24,1,100,,53490,13,0,23 24,1,100,,53491,13,0,23 24,1,100,,53492,13,0,23 24,1,100,,53493,13,0,23 24,1,100,,53494,13,0,23 24,1,100,,53495,13,,,1,100,,53496,13,,,1,100,,53497,13,,,1
700,'20260823',918,,53498,13,0,23 24,1,100,,53499,13,0,23 24,1,100,,53500,13,0,23 24,1,100,,53501,13,0,23 24,1,100,,53502,13,0,23 24,1,100,,53503,13,0,23 24,1,100,,53504,13,0,23 24,1,100,,53505,13,0,23 24,1,100,,53506,13,0,23 24,1,100,,53507,13,0,23 24,1,100,,53508,13,0,23 24,1,100,,53509,13,0,23 24,1,100,,53510,13,,,1,100,,53511,13,,,1,100,,53512,13,,,1
700,'20260824',918,,53515,13,0,23 24,1,100,,53516,13,0,23 24,1,100,,53517,13,0,23 24,1,100,,53518,13,0,23 24,1,100,,53519,13,0,23 24,1,100,,53520,13,0,23 24,1,100,,65275,13,,,1,32,,65271,13,0,25,1,68,,65276,13,,,1,30,,65279,13,,,1,60,,65272,13,0,25,1,10,,65277,13,,,1,32,,65280,13,,,1,83,,53521,13,0,23 24,1,85,,53522,13,0,23 24,1,100,,53523,13,0,23 24,1,100,,65273,13,0,23 24,1,100,,65274,13,0,23 24,1,100,,53529,13,,,1,100,,65278,13,,,1
700,'20260825',918,,53535,13,0,23 24,1,100,,53536,13,0,23 24,1,100,,53537,13,0,23 24,1,100,,53538,13,0,23 24,1,100,,53539,13,0,23 24,1,100,,53540,13,0,23 24,1,100,,53546,13,,,1,32,,53533,13,0,25,1,68,,53547,13,,,1,30,,53551,13,,,1,60,,53534,13,0,25,1,10,,53548,13,,,1,32,,53552,13,,,1,83,,53541,13,0,23 24,1,85,,53542,13,0,23 24,1,100,,53543,13,0,23 24,1,100,,53544,13,0,23 24,1,100,,53545,13,0,23 24,1,100,,53549,13,,,1,100,,53550,13,,,1
700,'20260826',918,,53555,13,0,23 24,1,100,,53556,13,0,23 24,1,100,,53557,13,0,23 24,1,100,,53558,13,0,23 24,1,100,,53559,13,0,23 24,1,100,,53560,13,0,23 24,1,100,,53566,13,,,1,32,,53553,13,0,25,1,68,,53567,13,,,1,30,,53571,13,,,1,60,,53554,13,0,25,1,10,,53568,13,,,1,32,,53572,13,,,1,83,,53561,13,0,23 24,1,85,,53562,13,0,23 24,1,100,,53563,13,0,23 24,1,100,,53564,13,0,23 24,1,100,,53565,13,0,23 24,1,100,,53569,13,,,1,100,,53570,13,,,1
700,'20260827',918,,53575,13,0,23 24,1,100,,53576,13,0,23 24,1,100,,53577,13,0,23 24,1,100,,53578,13,0,23 24,1,100,,53579,13,0,23 24,1,100,,53580,13,0,23 24,1,100,,53586,13,,,1,32,,53573,13,0,25,1,68,,53587,13,,,1,30,,53591,13,,,1,60,,53574,13,0,25,1,10,,53588,13,,,1,32,,53592,13,,,1,83,,53581,13,0,23 24,1,85,,53582,13,0,23 24,1,100,,53583,13,0,23 24,1,100,,53584,13,0,23 24,1,100,,53585,13,0,23 24,1,100,,53589,13,,,1,100,,53590,13,,,1
700,'20260828',918,,53595,13,0,23 24,1,100,,53596,13,0,23 24,1,100,,53597,13,0,23 24,1,100,,53598,13,0,23 24,1,100,,53599,13,0,23 24,1,100,,53600,13,0,23 24,1,100,,53606,13,,,1,32,,53593,13,0,25,1,68,,53607,13,,,1,30,,53611,13,,,1,60,,53594,13,0,25,1,10,,53608,13,,,1,32,,53612,13,,,1,83,,53601,13,0,23 24,1,85,,53602,13,0,23 24,1,100,,53603,13,0,23 24,1,100,,53604,13,0,23 24,1,100,,53605,13,0,23 24,1,100,,53609,13,,,1,100,,53610,13,,,1
700,'20260829',918,,53613,13,0,23 24,1,100,,53614,13,0,23 24,1,100,,53615,13,0,23 24,1,100,,53616,13,0,23 24,1,100,,53617,13,0,23 24,1,100,,53618,13,0,23 24,1,100,,53619,13,0,23 24,1,100,,53620,13,0,23 24,1,100,,53621,13,0,23 24,1,100,,53622,13,0,23 24,1,100,,53623,13,0,23 24,1,100,,53624,13,0,23 24,1,100,,53625,13,,,1,100,,53626,13,,,1,100,,53627,13,,,1
700,'20260830',918,,53628,13,0,23 24,1,100,,53629,13,0,23 24,1,100,,53630,13,0,23 24,1,100,,53631,13,0,23 24,1,100,,53632,13,0,23 24,1,100,,53633,13,0,23 24,1,100,,53634,13,0,23 24,1,100,,53635,13,0,23 24,1,100,,53636,13,0,23 24,1,100,,53637,13,0,23 24,1,100,,53638,13,0,23 24,1,100,,53639,13,0,23 24,1,100,,53640,13,,,1,100,,53641,13,,,1,100,,53642,13,,,1
700,'20260831',918,,53645,13,0,23 24,1,100,,53646,13,0,23 24,1,100,,53647,13,0,23 24,1,100,,53648,13,0,23 24,1,100,,53649,13,0,23 24,1,100,,53650,13,0,23 24,1,100,,65285,13,,,1,32,,65281,13,0,25,1,68,,65286,13,,,1,30,,65289,13,,,1,60,,65282,13,0,25,1,10,,65287,13,,,1,32,,65290,13,,,1,83,,53651,13,0,23 24,1,85,,53652,13,0,23 24,1,100,,53653,13,0,23 24,1,100,,65283,13,0,23 24,1,100,,65284,13,0,23 24,1,100,,53659,13,,,1,100,,65288,13,,,1
700,'20260901',918,,53665,13,0,23 24,1,100,,53666,13,0,23 24,1,100,,53667,13,0,23 24,1,100,,53668,13,0,23 24,1,100,,53669,13,0,23 24,1,100,,53670,13,0,23 24,1,100,,53676,13,,,1,32,,53663,13,0,25,1,68,,53677,13,,,1,30,,53681,13,,,1,60,,53664,13,0,25,1,10,,53678,13,,,1,32,,53682,13,,,1,83,,53671,13,0,23 24,1,85,,53672,13,0,23 24,1,100,,53673,13,0,23 24,1,100,,53674,13,0,23 24,1,100,,53675,13,0,23 24,1,100,,53679,13,,,1,100,,53680,13,,,1
700,'20260902',918,,53685,13,0,23 24,1,100,,53686,13,0,23 24,1,100,,53687,13,0,23 24,1,100,,53688,13,0,23 24,1,100,,53689,13,0,23 24,1,100,,53690,13,0,23 24,1,100,,53696,13,,,1,32,,53683,13,0,25,1,68,,53697,13,,,1,30,,53701,13,,,1,60,,53684,13,0,25,1,10,,53698,13,,,1,32,,53702,13,,,1,83,,53691,13,0,23 24,1,85,,53692,13,0,23 24,1,100,,53693,13,0,23 24,1,100,,53694,13,0,23 24,1,100,,53695,13,0,23 24,1,100,,53699,13,,,1,100,,53700,13,,,1
700,'20260903',918,,53705,13,0,23 24,1,100,,53706,13,0,23 24,1,100,,53707,13,0,23 24,1,100,,53708,13,0,23 24,1,100,,53709,13,0,23 24,1,100,,53710,13,0,23 24,1,100,,53716,13,,,1,32,,53703,13,0,25,1,68,,53717,13,,,1,30,,53721,13,,,1,60,,53704,13,0,25,1,10,,53718,13,,,1,32,,53722,13,,,1,83,,53711,13,0,23 24,1,85,,53712,13,0,23 24,1,100,,53713,13,0,23 24,1,100,,53714,13,0,23 24,1,100,,53715,13,0,23 24,1,100,,53719,13,,,1,100,,53720,13,,,1
700,'20260904',918,,53725,13,0,23 24,1,100,,53726,13,0,23 24,1,100,,53727,13,0,23 24,1,100,,53728,13,0,23 24,1,100,,53729,13,0,23 24,1,100,,53730,13,0,23 24,1,100,,53736,13,,,1,32,,53723,13,0,25,1,68,,53737,13,,,1,30,,53741,13,,,1,60,,53724,13,0,25,1,10,,53738,13,,,1,32,,53742,13,,,1,83,,53731,13,0,23 24,1,85,,53732,13,0,23 24,1,100,,53733,13,0,23 24,1,100,,53734,13,0,23 24,1,100,,53735,13,0,23 24,1,100,,53739,13,,,1,100,,53740,13,,,1
701,'20260716',601,,54355,16,,,1,100,,54356,16,,,1,30,,54360,16,,,1,70,,54357,16,,,1,20,,54344,8,,,1,10,,54361,16,,,1,70,,54358,16,,,1,100,,54359,16,,,1,100,,54345,13,,,1,100,,54346,13,,,1,100,,54347,13,,,1,100,,54348,13,,,1,100,,54349,13,,,1,100,,54350,13,,,1,200,,54343,8,,,1,200,,54351,13,,,1,100,,54352,13,,,1,100,,54353,13,,,1,100,,54354,13,,,1
701,'20260717',601,,54374,16,,,1,100,,54375,16,,,1,30,,54379,16,,,1,70,,54376,16,,,1,20,,54363,8,,,1,10,,54380,16,,,1,70,,54377,16,,,1,100,,54378,16,,,1,100,,54364,13,,,1,100,,54365,13,,,1,100,,54366,13,,,1,100,,54367,13,,,1,100,,54368,13,,,1,100,,54369,13,,,1,200,,54362,8,,,1,200,,54370,13,,,1,100,,54371,13,,,1,100,,54372,13,,,1,100,,54373,13,,,1
701,'20260718',801,,54393,16,,,1,100,,54394,16,,,1,100,,54395,16,,,1,100,,54381,13,,,1,100,,54382,13,,,1,100,,54383,13,,,1,100,,54384,13,,,1,100,,54385,13,,,1,100,,54386,13,,,1,100,,54387,13,,,1,100,,54388,13,,,1,100,,54389,13,,,1,100,,54390,13,,,1,100,,54391,13,,,1,100,,54392,13,,,1
701,'20260719',801,,54408,16,,,1,100,,54409,16,,,1,100,,54410,16,,,1,100,,54396,13,,,1,100,,54397,13,,,1,100,,54398,13,,,1,100,,54399,13,,,1,100,,54400,13,,,1,100,,54401,13,,,1,100,,54402,13,,,1,100,,54403,13,,,1,100,,54404,13,,,1,100,,54405,13,,,1,100,,54406,13,,,1,100,,54407,13,,,1
701,'20260720',601,,54423,16,,,1,100,,54424,16,,,1,30,,54428,16,,,1,70,,54425,16,,,1,20,,54412,8,,,1,10,,54429,16,,,1,70,,54426,16,,,1,100,,54427,16,,,1,100,,54413,13,,,1,100,,54414,13,,,1,100,,54415,13,,,1,100,,54416,13,,,1,100,,54417,13,,,1,100,,54418,13,,,1,200,,54411,8,,,1,200,,54419,13,,,1,100,,54420,13,,,1,100,,54421,13,,,1,100,,54422,13,,,1
701,'20260721',601,,54442,16,,,1,100,,54443,16,,,1,30,,54447,16,,,1,70,,54444,16,,,1,20,,54431,8,,,1,10,,54448,16,,,1,70,,54445,16,,,1,100,,54446,16,,,1,100,,54432,13,,,1,100,,54433,13,,,1,100,,54434,13,,,1,100,,54435,13,,,1,100,,54436,13,,,1,100,,54437,13,,,1,200,,54430,8,,,1,200,,54438,13,,,1,100,,54439,13,,,1,100,,54440,13,,,1,100,,54441,13,,,1
701,'20260722',601,,54461,16,,,1,100,,54462,16,,,1,30,,54466,16,,,1,70,,54463,16,,,1,20,,54450,8,,,1,10,,54467,16,,,1,70,,54464,16,,,1,100,,54465,16,,,1,100,,54451,13,,,1,100,,54452,13,,,1,100,,54453,13,,,1,100,,54454,13,,,1,100,,54455,13,,,1,100,,54456,13,,,1,200,,54449,8,,,1,200,,54457,13,,,1,100,,54458,13,,,1,100,,54459,13,,,1,100,,54460,13,,,1
701,'20260723',601,,54480,16,,,1,100,,54481,16,,,1,30,,54485,16,,,1,70,,54482,16,,,1,20,,54469,8,,,1,10,,54486,16,,,1,70,,54483,16,,,1,100,,54484,16,,,1,100,,54470,13,,,1,100,,54471,13,,,1,100,,54472,13,,,1,100,,54473,13,,,1,100,,54474,13,,,1,100,,54475,13,,,1,200,,54468,8,,,1,200,,54476,13,,,1,100,,54477,13,,,1,100,,54478,13,,,1,100,,54479,13,,,1
701,'20260724',601,,54499,16,,,1,100,,54500,16,,,1,30,,54504,16,,,1,70,,54501,16,,,1,20,,54488,8,,,1,10,,54505,16,,,1,70,,54502,16,,,1,100,,54503,16,,,1,100,,54489,13,,,1,100,,54490,13,,,1,100,,54491,13,,,1,100,,54492,13,,,1,100,,54493,13,,,1,100,,54494,13,,,1,200,,54487,8,,,1,200,,54495,13,,,1,100,,54496,13,,,1,100,,54497,13,,,1,100,,54498,13,,,1
701,'20260725',801,,54518,16,,,1,100,,54519,16,,,1,100,,54520,16,,,1,100,,54506,13,,,1,100,,54507,13,,,1,100,,54508,13,,,1,100,,54509,13,,,1,100,,54510,13,,,1,100,,54511,13,,,1,100,,54512,13,,,1,100,,54513,13,,,1,100,,54514,13,,,1,100,,54515,13,,,1,100,,54516,13,,,1,100,,54517,13,,,1
701,'20260726',801,,54533,16,,,1,100,,54534,16,,,1,100,,54535,16,,,1,100,,54521,13,,,1,100,,54522,13,,,1,100,,54523,13,,,1,100,,54524,13,,,1,100,,54525,13,,,1,100,,54526,13,,,1,100,,54527,13,,,1,100,,54528,13,,,1,100,,54529,13,,,1,100,,54530,13,,,1,100,,54531,13,,,1,100,,54532,13,,,1
701,'20260727',601,,54548,16,,,1,100,,54549,16,,,1,30,,54553,16,,,1,70,,54550,16,,,1,20,,54537,8,,,1,10,,54554,16,,,1,70,,54551,16,,,1,100,,54552,16,,,1,100,,54538,13,,,1,100,,54539,13,,,1,100,,54540,13,,,1,100,,54541,13,,,1,100,,54542,13,,,1,100,,54543,13,,,1,200,,54536,8,,,1,200,,54544,13,,,1,100,,54545,13,,,1,100,,54546,13,,,1,100,,54547,13,,,1
701,'20260728',601,,54567,16,,,1,100,,54568,16,,,1,30,,54572,16,,,1,70,,54569,16,,,1,20,,54556,8,,,1,10,,54573,16,,,1,70,,54570,16,,,1,100,,54571,16,,,1,100,,54557,13,,,1,100,,54558,13,,,1,100,,54559,13,,,1,100,,54560,13,,,1,100,,54561,13,,,1,100,,54562,13,,,1,200,,54555,8,,,1,200,,54563,13,,,1,100,,54564,13,,,1,100,,54565,13,,,1,100,,54566,13,,,1
701,'20260729',601,,54586,16,,,1,100,,54587,16,,,1,30,,54591,16,,,1,70,,54588,16,,,1,20,,54575,8,,,1,10,,54592,16,,,1,70,,54589,16,,,1,100,,54590,16,,,1,100,,54576,13,,,1,100,,54577,13,,,1,100,,54578,13,,,1,100,,54579,13,,,1,100,,54580,13,,,1,100,,54581,13,,,1,200,,54574,8,,,1,200,,54582,13,,,1,100,,54583,13,,,1,100,,54584,13,,,1,100,,54585,13,,,1
701,'20260730',601,,54605,16,,,1,100,,54606,16,,,1,30,,54610,16,,,1,70,,54607,16,,,1,20,,54594,8,,,1,10,,54611,16,,,1,70,,54608,16,,,1,100,,54609,16,,,1,100,,54595,13,,,1,100,,54596,13,,,1,100,,54597,13,,,1,100,,54598,13,,,1,100,,54599,13,,,1,100,,54600,13,,,1,200,,54593,8,,,1,200,,54601,13,,,1,100,,54602,13,,,1,100,,54603,13,,,1,100,,54604,13,,,1
701,'20260731',601,,54624,16,,,1,100,,54625,16,,,1,30,,54629,16,,,1,70,,54626,16,,,1,20,,54613,8,,,1,10,,54630,16,,,1,70,,54627,16,,,1,100,,54628,16,,,1,100,,54614,13,,,1,100,,54615,13,,,1,100,,54616,13,,,1,100,,54617,13,,,1,100,,54618,13,,,1,100,,54619,13,,,1,200,,54612,8,,,1,200,,54620,13,,,1,100,,54621,13,,,1,100,,54622,13,,,1,100,,54623,13,,,1
701,'20260801',801,,54643,16,,,1,100,,54644,16,,,1,100,,54645,16,,,1,100,,54631,13,,,1,100,,54632,13,,,1,100,,54633,13,,,1,100,,54634,13,,,1,100,,54635,13,,,1,100,,54636,13,,,1,100,,54637,13,,,1,100,,54638,13,,,1,100,,54639,13,,,1,100,,54640,13,,,1,100,,54641,13,,,1,100,,54642,13,,,1
701,'20260802',801,,54658,16,,,1,100,,54659,16,,,1,100,,54660,16,,,1,100,,54646,13,,,1,100,,54647,13,,,1,100,,54648,13,,,1,100,,54649,13,,,1,100,,54650,13,,,1,100,,54651,13,,,1,100,,54652,13,,,1,100,,54653,13,,,1,100,,54654,13,,,1,100,,54655,13,,,1,100,,54656,13,,,1,100,,54657,13,,,1
701,'20260803',801,,54675,16,,,1,100,,54676,16,,,1,100,,54677,16,,,1,100,,54663,13,,,1,100,,54664,13,,,1,100,,54665,13,,,1,100,,54666,13,,,1,100,,54667,13,,,1,100,,54668,13,,,1,100,,64445,13,,,1,100,,64446,13,,,1,100,,64447,13,,,1,100,,54669,13,,,1,100,,54670,13,,,1,100,,54671,13,,,1
701,'20260804',601,,54692,16,,,1,100,,54693,16,,,1,30,,54697,16,,,1,70,,54694,16,,,1,20,,54681,8,,,1,10,,54698,16,,,1,70,,54695,16,,,1,100,,54696,16,,,1,100,,54682,13,,,1,100,,54683,13,,,1,100,,54684,13,,,1,100,,54685,13,,,1,100,,54686,13,,,1,100,,54687,13,,,1,200,,54680,8,,,1,200,,54688,13,,,1,100,,54689,13,,,1,100,,54690,13,,,1,100,,54691,13,,,1
701,'20260805',601,,54711,16,,,1,100,,54712,16,,,1,30,,54716,16,,,1,70,,54713,16,,,1,20,,54700,8,,,1,10,,54717,16,,,1,70,,54714,16,,,1,100,,54715,16,,,1,100,,54701,13,,,1,100,,54702,13,,,1,100,,54703,13,,,1,100,,54704,13,,,1,100,,54705,13,,,1,100,,54706,13,,,1,200,,54699,8,,,1,200,,54707,13,,,1,100,,54708,13,,,1,100,,54709,13,,,1,100,,54710,13,,,1
701,'20260806',601,,54730,16,,,1,100,,54731,16,,,1,30,,54735,16,,,1,70,,54732,16,,,1,20,,54719,8,,,1,10,,54736,16,,,1,70,,54733,16,,,1,100,,54734,16,,,1,100,,54720,13,,,1,100,,54721,13,,,1,100,,54722,13,,,1,100,,54723,13,,,1,100,,54724,13,,,1,100,,54725,13,,,1,200,,54718,8,,,1,200,,54726,13,,,1,100,,54727,13,,,1,100,,54728,13,,,1,100,,54729,13,,,1
701,'20260807',601,,54749,16,,,1,100,,54750,16,,,1,30,,54754,16,,,1,70,,54751,16,,,1,20,,54738,8,,,1,10,,54755,16,,,1,70,,54752,16,,,1,100,,54753,16,,,1,100,,54739,13,,,1,100,,54740,13,,,1,100,,54741,13,,,1,100,,54742,13,,,1,100,,54743,13,,,1,100,,54744,13,,,1,200,,54737,8,,,1,200,,54745,13,,,1,100,,54746,13,,,1,100,,54747,13,,,1,100,,54748,13,,,1
701,'20260808',801,,54768,16,,,1,100,,54769,16,,,1,100,,54770,16,,,1,100,,54756,13,,,1,100,,54757,13,,,1,100,,54758,13,,,1,100,,54759,13,,,1,100,,54760,13,,,1,100,,54761,13,,,1,100,,54762,13,,,1,100,,54763,13,,,1,100,,54764,13,,,1,100,,54765,13,,,1,100,,54766,13,,,1,100,,54767,13,,,1
701,'20260809',801,,54783,16,,,1,100,,54784,16,,,1,100,,54785,16,,,1,100,,54771,13,,,1,100,,54772,13,,,1,100,,54773,13,,,1,100,,54774,13,,,1,100,,54775,13,,,1,100,,54776,13,,,1,100,,54777,13,,,1,100,,54778,13,,,1,100,,54779,13,,,1,100,,54780,13,,,1,100,,54781,13,,,1,100,,54782,13,,,1
701,'20260810',601,,65294,16,,,1,100,,65295,16,,,1,30,,65296,16,,,1,70,,54800,16,,,1,20,,65292,8,,,1,10,,65297,16,,,1,70,,54801,16,,,1,100,,54802,16,,,1,100,,54788,13,,,1,100,,54789,13,,,1,100,,54790,13,,,1,100,,54791,13,,,1,100,,54792,13,,,1,100,,54793,13,,,1,200,,65291,8,,,1,200,,54794,13,,,1,100,,54795,13,,,1,100,,54796,13,,,1,100,,65293,13,,,1
701,'20260811',601,,54817,16,,,1,100,,54818,16,,,1,30,,54822,16,,,1,70,,54819,16,,,1,20,,54806,8,,,1,10,,54823,16,,,1,70,,54820,16,,,1,100,,54821,16,,,1,100,,54807,13,,,1,100,,54808,13,,,1,100,,54809,13,,,1,100,,54810,13,,,1,100,,54811,13,,,1,100,,54812,13,,,1,200,,54805,8,,,1,200,,54813,13,,,1,100,,54814,13,,,1,100,,54815,13,,,1,100,,54816,13,,,1
701,'20260812',601,,54836,16,,,1,100,,54837,16,,,1,30,,54841,16,,,1,70,,54838,16,,,1,20,,54825,8,,,1,10,,54842,16,,,1,70,,54839,16,,,1,100,,54840,16,,,1,100,,54826,13,,,1,100,,54827,13,,,1,100,,54828,13,,,1,100,,54829,13,,,1,100,,54830,13,,,1,100,,54831,13,,,1,200,,54824,8,,,1,200,,54832,13,,,1,100,,54833,13,,,1,100,,54834,13,,,1,100,,54835,13,,,1
701,'20260813',601,,54855,16,,,1,100,,54856,16,,,1,30,,54860,16,,,1,70,,54857,16,,,1,20,,54844,8,,,1,10,,54861,16,,,1,70,,54858,16,,,1,100,,54859,16,,,1,100,,54845,13,,,1,100,,54846,13,,,1,100,,54847,13,,,1,100,,54848,13,,,1,100,,54849,13,,,1,100,,54850,13,,,1,200,,54843,8,,,1,200,,54851,13,,,1,100,,54852,13,,,1,100,,54853,13,,,1,100,,54854,13,,,1
701,'20260814',601,,54874,16,,,1,100,,54875,16,,,1,30,,54879,16,,,1,70,,54876,16,,,1,20,,54863,8,,,1,10,,54880,16,,,1,70,,54877,16,,,1,100,,54878,16,,,1,100,,54864,13,,,1,100,,54865,13,,,1,100,,54866,13,,,1,100,,54867,13,,,1,100,,54868,13,,,1,100,,54869,13,,,1,200,,54862,8,,,1,200,,54870,13,,,1,100,,54871,13,,,1,100,,54872,13,,,1,100,,54873,13,,,1
701,'20260815',801,,54893,16,,,1,100,,54894,16,,,1,100,,54895,16,,,1,100,,54881,13,,,1,100,,54882,13,,,1,100,,54883,13,,,1,100,,54884,13,,,1,100,,54885,13,,,1,100,,54886,13,,,1,100,,54887,13,,,1,100,,54888,13,,,1,100,,54889,13,,,1,100,,54890,13,,,1,100,,54891,13,,,1,100,,54892,13,,,1
701,'20260816',801,,54908,16,,,1,100,,54909,16,,,1,100,,54910,16,,,1,100,,54896,13,,,1,100,,54897,13,,,1,100,,54898,13,,,1,100,,54899,13,,,1,100,,54900,13,,,1,100,,54901,13,,,1,100,,54902,13,,,1,100,,54903,13,,,1,100,,54904,13,,,1,100,,54905,13,,,1,100,,54906,13,,,1,100,,54907,13,,,1
701,'20260817',601,,65301,16,,,1,100,,65302,16,,,1,30,,65303,16,,,1,70,,54925,16,,,1,20,,65299,8,,,1,10,,65304,16,,,1,70,,54926,16,,,1,100,,54927,16,,,1,100,,54913,13,,,1,100,,54914,13,,,1,100,,54915,13,,,1,100,,54916,13,,,1,100,,54917,13,,,1,100,,54918,13,,,1,200,,65298,8,,,1,200,,54919,13,,,1,100,,54920,13,,,1,100,,54921,13,,,1,100,,65300,13,,,1
701,'20260818',601,,54942,16,,,1,100,,54943,16,,,1,30,,54947,16,,,1,70,,54944,16,,,1,20,,54931,8,,,1,10,,54948,16,,,1,70,,54945,16,,,1,100,,54946,16,,,1,100,,54932,13,,,1,100,,54933,13,,,1,100,,54934,13,,,1,100,,54935,13,,,1,100,,54936,13,,,1,100,,54937,13,,,1,200,,54930,8,,,1,200,,54938,13,,,1,100,,54939,13,,,1,100,,54940,13,,,1,100,,54941,13,,,1
701,'20260819',601,,54961,16,,,1,100,,54962,16,,,1,30,,54966,16,,,1,70,,54963,16,,,1,20,,54950,8,,,1,10,,54967,16,,,1,70,,54964,16,,,1,100,,54965,16,,,1,100,,54951,13,,,1,100,,54952,13,,,1,100,,54953,13,,,1,100,,54954,13,,,1,100,,54955,13,,,1,100,,54956,13,,,1,200,,54949,8,,,1,200,,54957,13,,,1,100,,54958,13,,,1,100,,54959,13,,,1,100,,54960,13,,,1
701,'20260820',601,,54980,16,,,1,100,,54981,16,,,1,30,,54985,16,,,1,70,,54982,16,,,1,20,,54969,8,,,1,10,,54986,16,,,1,70,,54983,16,,,1,100,,54984,16,,,1,100,,54970,13,,,1,100,,54971,13,,,1,100,,54972,13,,,1,100,,54973,13,,,1,100,,54974,13,,,1,100,,54975,13,,,1,200,,54968,8,,,1,200,,54976,13,,,1,100,,54977,13,,,1,100,,54978,13,,,1,100,,54979,13,,,1
701,'20260821',601,,54999,16,,,1,100,,55000,16,,,1,30,,55004,16,,,1,70,,55001,16,,,1,20,,54988,8,,,1,10,,55005,16,,,1,70,,55002,16,,,1,100,,55003,16,,,1,100,,54989,13,,,1,100,,54990,13,,,1,100,,54991,13,,,1,100,,54992,13,,,1,100,,54993,13,,,1,100,,54994,13,,,1,200,,54987,8,,,1,200,,54995,13,,,1,100,,54996,13,,,1,100,,54997,13,,,1,100,,54998,13,,,1
701,'20260822',801,,55018,16,,,1,100,,55019,16,,,1,100,,55020,16,,,1,100,,55006,13,,,1,100,,55007,13,,,1,100,,55008,13,,,1,100,,55009,13,,,1,100,,55010,13,,,1,100,,55011,13,,,1,100,,55012,13,,,1,100,,55013,13,,,1,100,,55014,13,,,1,100,,55015,13,,,1,100,,55016,13,,,1,100,,55017,13,,,1
701,'20260823',801,,55033,16,,,1,100,,55034,16,,,1,100,,55035,16,,,1,100,,55021,13,,,1,100,,55022,13,,,1,100,,55023,13,,,1,100,,55024,13,,,1,100,,55025,13,,,1,100,,55026,13,,,1,100,,55027,13,,,1,100,,55028,13,,,1,100,,55029,13,,,1,100,,55030,13,,,1,100,,55031,13,,,1,100,,55032,13,,,1
701,'20260824',601,,65308,16,,,1,100,,65309,16,,,1,30,,65310,16,,,1,70,,55050,16,,,1,20,,65306,8,,,1,10,,65311,16,,,1,70,,55051,16,,,1,100,,55052,16,,,1,100,,55038,13,,,1,100,,55039,13,,,1,100,,55040,13,,,1,100,,55041,13,,,1,100,,55042,13,,,1,100,,55043,13,,,1,200,,65305,8,,,1,200,,55044,13,,,1,100,,55045,13,,,1,100,,55046,13,,,1,100,,65307,13,,,1
701,'20260825',601,,55067,16,,,1,100,,55068,16,,,1,30,,55072,16,,,1,70,,55069,16,,,1,20,,55056,8,,,1,10,,55073,16,,,1,70,,55070,16,,,1,100,,55071,16,,,1,100,,55057,13,,,1,100,,55058,13,,,1,100,,55059,13,,,1,100,,55060,13,,,1,100,,55061,13,,,1,100,,55062,13,,,1,200,,55055,8,,,1,200,,55063,13,,,1,100,,55064,13,,,1,100,,55065,13,,,1,100,,55066,13,,,1
701,'20260826',601,,55086,16,,,1,100,,55087,16,,,1,30,,55091,16,,,1,70,,55088,16,,,1,20,,55075,8,,,1,10,,55092,16,,,1,70,,55089,16,,,1,100,,55090,16,,,1,100,,55076,13,,,1,100,,55077,13,,,1,100,,55078,13,,,1,100,,55079,13,,,1,100,,55080,13,,,1,100,,55081,13,,,1,200,,55074,8,,,1,200,,55082,13,,,1,100,,55083,13,,,1,100,,55084,13,,,1,100,,55085,13,,,1
701,'20260827',601,,55105,16,,,1,100,,55106,16,,,1,30,,55110,16,,,1,70,,55107,16,,,1,20,,55094,8,,,1,10,,55111,16,,,1,70,,55108,16,,,1,100,,55109,16,,,1,100,,55095,13,,,1,100,,55096,13,,,1,100,,55097,13,,,1,100,,55098,13,,,1,100,,55099,13,,,1,100,,55100,13,,,1,200,,55093,8,,,1,200,,55101,13,,,1,100,,55102,13,,,1,100,,55103,13,,,1,100,,55104,13,,,1
701,'20260828',601,,55124,16,,,1,100,,55125,16,,,1,30,,55129,16,,,1,70,,55126,16,,,1,20,,55113,8,,,1,10,,55130,16,,,1,70,,55127,16,,,1,100,,55128,16,,,1,100,,55114,13,,,1,100,,55115,13,,,1,100,,55116,13,,,1,100,,55117,13,,,1,100,,55118,13,,,1,100,,55119,13,,,1,200,,55112,8,,,1,200,,55120,13,,,1,100,,55121,13,,,1,100,,55122,13,,,1,100,,55123,13,,,1
701,'20260829',801,,55143,16,,,1,100,,55144,16,,,1,100,,55145,16,,,1,100,,55131,13,,,1,100,,55132,13,,,1,100,,55133,13,,,1,100,,55134,13,,,1,100,,55135,13,,,1,100,,55136,13,,,1,100,,55137,13,,,1,100,,55138,13,,,1,100,,55139,13,,,1,100,,55140,13,,,1,100,,55141,13,,,1,100,,55142,13,,,1
701,'20260830',801,,55158,16,,,1,100,,55159,16,,,1,100,,55160,16,,,1,100,,55146,13,,,1,100,,55147,13,,,1,100,,55148,13,,,1,100,,55149,13,,,1,100,,55150,13,,,1,100,,55151,13,,,1,100,,55152,13,,,1,100,,55153,13,,,1,100,,55154,13,,,1,100,,55155,13,,,1,100,,55156,13,,,1,100,,55157,13,,,1
701,'20260831',601,,65315,16,,,1,100,,65316,16,,,1,30,,65317,16,,,1,70,,55175,16,,,1,20,,65313,8,,,1,10,,65318,16,,,1,70,,55176,16,,,1,100,,55177,16,,,1,100,,55163,13,,,1,100,,55164,13,,,1,100,,55165,13,,,1,100,,55166,13,,,1,100,,55167,13,,,1,100,,55168,13,,,1,200,,65312,8,,,1,200,,55169,13,,,1,100,,55170,13,,,1,100,,55171,13,,,1,100,,65314,13,,,1
701,'20260901',601,,55192,16,,,1,100,,55193,16,,,1,30,,55197,16,,,1,70,,55194,16,,,1,20,,55181,8,,,1,10,,55198,16,,,1,70,,55195,16,,,1,100,,55196,16,,,1,100,,55182,13,,,1,100,,55183,13,,,1,100,,55184,13,,,1,100,,55185,13,,,1,100,,55186,13,,,1,100,,55187,13,,,1,200,,55180,8,,,1,200,,55188,13,,,1,100,,55189,13,,,1,100,,55190,13,,,1,100,,55191,13,,,1
701,'20260902',601,,55211,16,,,1,100,,55212,16,,,1,30,,55216,16,,,1,70,,55213,16,,,1,20,,55200,8,,,1,10,,55217,16,,,1,70,,55214,16,,,1,100,,55215,16,,,1,100,,55201,13,,,1,100,,55202,13,,,1,100,,55203,13,,,1,100,,55204,13,,,1,100,,55205,13,,,1,100,,55206,13,,,1,200,,55199,8,,,1,200,,55207,13,,,1,100,,55208,13,,,1,100,,55209,13,,,1,100,,55210,13,,,1
701,'20260903',601,,55230,16,,,1,100,,55231,16,,,1,30,,55235,16,,,1,70,,55232,16,,,1,20,,55219,8,,,1,10,,55236,16,,,1,70,,55233,16,,,1,100,,55234,16,,,1,100,,55220,13,,,1,100,,55221,13,,,1,100,,55222,13,,,1,100,,55223,13,,,1,100,,55224,13,,,1,100,,55225,13,,,1,200,,55218,8,,,1,200,,55226,13,,,1,100,,55227,13,,,1,100,,55228,13,,,1,100,,55229,13,,,1
701,'20260904',601,,55249,16,,,1,100,,55250,16,,,1,30,,55254,16,,,1,70,,55251,16,,,1,20,,55238,8,,,1,10,,55255,16,,,1,70,,55252,16,,,1,100,,55253,16,,,1,100,,55239,13,,,1,100,,55240,13,,,1,100,,55241,13,,,1,100,,55242,13,,,1,100,,55243,13,,,1,100,,55244,13,,,1,200,,55237,8,,,1,200,,55245,13,,,1,100,,55246,13,,,1,100,,55247,13,,,1,100,,55248,13,,,1
