600,'20260722',1625,,51787,21,,,1,100,,51788,21,,,1,30,,51786,21,,,1,70,,51789,21,,,1,100,,51790,21,,,1
600,'20260723',1625,,51792,21,,,1,100,,51793,21,,,1,30,,51791,21,,,1,70,,51794,21,,,1,100,,51795,21,,,1
600,'20260724',1625,,51797,21,,,1,100,,51798,21,,,1,30,,51796,21,,,1,70,,51799,21,,,1,100,,51800,21,,,1
600,'20260727',1625,,51802,21,,,1,100,,51803,21,,,1,30,,51801,21,,,1,70,,51804,21,,,1,100,,51805,21,,,1
600,'20260728',1625,,51807,21,,,1,100,,51808,21,,,1,30,,51806,21,,,1,70,,51809,21,,,1,100,,51810,21,,,1
600,'20260729',1625,,51812,21,,,1,100,,51813,21,,,1,30,,51811,21,,,1,70,,51814,21,,,1,100,,51815,21,,,1
600,'20260730',1625,,51817,21,,,1,100,,51818,21,,,1,30,,51816,21,,,1,70,,51819,21,,,1,100,,51820,21,,,1
600,'20260731',1625,,51822,21,,,1,100,,51823,21,,,1,30,,51821,21,,,1,70,,51824,21,,,1,100,,51825,21,,,1
600,'20260804',1625,,51832,21,,,1,100,,51833,21,,,1,30,,51831,21,,,1,70,,51834,21,,,1,100,,51835,21,,,1
600,'20260805',1625,,51837,21,,,1,100,,51838,21,,,1,30,,51836,21,,,1,70,,51839,21,,,1,100,,51840,21,,,1
600,'20260806',1625,,51842,21,,,1,100,,51843,21,,,1,30,,51841,21,,,1,70,,51844,21,,,1,100,,51845,21,,,1
600,'20260807',1625,,51847,21,,,1,100,,51848,21,,,1,30,,51846,21,,,1,70,,51849,21,,,1,100,,51850,21,,,1
600,'20260810',1625,,65216,21,,,1,100,,65217,21,,,1,30,,65215,21,,,1,70,,65218,21,,,1,100,,65219,21,,,1
600,'20260811',1625,,51857,21,,,1,100,,51858,21,,,1,30,,51856,21,,,1,70,,51859,21,,,1,100,,51860,21,,,1
600,'20260812',1625,,51862,21,,,1,100,,51863,21,,,1,30,,51861,21,,,1,70,,51864,21,,,1,100,,51865,21,,,1
600,'20260813',1625,,51867,21,,,1,100,,51868,21,,,1,30,,51866,21,,,1,70,,51869,21,,,1,100,,51870,21,,,1
600,'20260814',1625,,51872,21,,,1,100,,51873,21,,,1,30,,51871,21,,,1,70,,51874,21,,,1,100,,51875,21,,,1
600,'20260817',1625,,65221,21,,,1,100,,65222,21,,,1,30,,65220,21,,,1,70,,65223,21,,,1,100,,65224,21,,,1
600,'20260818',1625,,51882,21,,,1,100,,51883,21,,,1,30,,51881,21,,,1,70,,51884,21,,,1,100,,51885,21,,,1
600,'20260819',1625,,51887,21,,,1,100,,51888,21,,,1,30,,51886,21,,,1,70,,51889,21,,,1,100,,51890,21,,,1
600,'20260820',1625,,51892,21,,,1,100,,51893,21,,,1,30,,51891,21,,,1,70,,51894,21,,,1,100,,51895,21,,,1
600,'20260821',1625,,51897,21,,,1,100,,51898,21,,,1,30,,51896,21,,,1,70,,51899,21,,,1,100,,51900,21,,,1
600,'20260824',1625,,65226,21,,,1,100,,65227,21,,,1,30,,65225,21,,,1,70,,65228,21,,,1,100,,65229,21,,,1
600,'20260825',1625,,51907,21,,,1,100,,51908,21,,,1,30,,51906,21,,,1,70,,51909,21,,,1,100,,51910,21,,,1
600,'20260826',1625,,51912,21,,,1,100,,51913,21,,,1,30,,51911,21,,,1,70,,51914,21,,,1,100,,51915,21,,,1
600,'20260827',1625,,51917,21,,,1,100,,51918,21,,,1,30,,51916,21,,,1,70,,51919,21,,,1,100,,51920,21,,,1
600,'20260828',1625,,51922,21,,,1,100,,51923,21,,,1,30,,51921,21,,,1,70,,51924,21,,,1,100,,51925,21,,,1
600,'20260831',1625,,65231,21,,,1,100,,65232,21,,,1,30,,65230,21,,,1,70,,65233,21,,,1,100,,65234,21,,,1
600,'20260901',1625,,51932,21,,,1,100,,51933,21,,,1,30,,51931,21,,,1,70,,51934,21,,,1,100,,51935,21,,,1
600,'20260902',1625,,51937,21,,,1,100,,51938,21,,,1,30,,51936,21,,,1,70,,51939,21,,,1,100,,51940,21,,,1
600,'20260903',1625,,51942,21,,,1,100,,51943,21,,,1,30,,51941,21,,,1,70,,51944,21,,,1,100,,51945,21,,,1
600,'20260904',1625,,51947,21,,,1,100,,51948,21,,,1,30,,51946,21,,,1,70,,51949,21,,,1,100,,51950,21,,,1
601,'20260722',615,,52055,9,,,1,101,,52056,9,,,1,30,,52058,9,,,1,70,,52057,9,,,1
601,'20260723',615,,52059,9,,,1,101,,52060,9,,,1,30,,52062,9,,,1,70,,52061,9,,,1
601,'20260724',615,,52063,9,,,1,101,,52064,9,,,1,30,,52066,9,,,1,70,,52065,9,,,1
601,'20260727',615,,52067,9,,,1,101,,52068,9,,,1,30,,52070,9,,,1,70,,52069,9,,,1
601,'20260728',615,,52071,9,,,1,101,,52072,9,,,1,30,,52074,9,,,1,70,,52073,9,,,1
601,'20260729',615,,52075,9,,,1,101,,52076,9,,,1,30,,52078,9,,,1,70,,52077,9,,,1
601,'20260730',615,,52079,9,,,1,101,,52080,9,,,1,30,,52082,9,,,1,70,,52081,9,,,1
601,'20260731',615,,52083,9,,,1,101,,52084,9,,,1,30,,52086,9,,,1,70,,52085,9,,,1
601,'20260804',615,,52091,9,,,1,101,,52092,9,,,1,30,,52094,9,,,1,70,,52093,9,,,1
601,'20260805',615,,52095,9,,,1,101,,52096,9,,,1,30,,52098,9,,,1,70,,52097,9,,,1
601,'20260806',615,,52099,9,,,1,101,,52100,9,,,1,30,,52102,9,,,1,70,,52101,9,,,1
601,'20260807',615,,52103,9,,,1,101,,52104,9,,,1,30,,52106,9,,,1,70,,52105,9,,,1
601,'20260810',615,,65235,9,,,1,101,,65236,9,,,1,30,,65238,9,,,1,70,,65237,9,,,1
601,'20260811',615,,52111,9,,,1,101,,52112,9,,,1,30,,52114,9,,,1,70,,52113,9,,,1
601,'20260812',615,,52115,9,,,1,101,,52116,9,,,1,30,,52118,9,,,1,70,,52117,9,,,1
601,'20260813',615,,52119,9,,,1,101,,52120,9,,,1,30,,52122,9,,,1,70,,52121,9,,,1
601,'20260814',615,,52123,9,,,1,101,,52124,9,,,1,30,,52126,9,,,1,70,,52125,9,,,1
601,'20260817',615,,65239,9,,,1,101,,65240,9,,,1,30,,65242,9,,,1,70,,65241,9,,,1
601,'20260818',615,,52131,9,,,1,101,,52132,9,,,1,30,,52134,9,,,1,70,,52133,9,,,1
601,'20260819',615,,52135,9,,,1,101,,52136,9,,,1,30,,52138,9,,,1,70,,52137,9,,,1
601,'20260820',615,,52139,9,,,1,101,,52140,9,,,1,30,,52142,9,,,1,70,,52141,9,,,1
601,'20260821',615,,52143,9,,,1,101,,52144,9,,,1,30,,52146,9,,,1,70,,52145,9,,,1
601,'20260824',615,,65243,9,,,1,101,,65244,9,,,1,30,,65246,9,,,1,70,,65245,9,,,1
601,'20260825',615,,52151,9,,,1,101,,52152,9,,,1,30,,52154,9,,,1,70,,52153,9,,,1
601,'20260826',615,,52155,9,,,1,101,,52156,9,,,1,30,,52158,9,,,1,70,,52157,9,,,1
601,'20260827',615,,52159,9,,,1,101,,52160,9,,,1,30,,52162,9,,,1,70,,52161,9,,,1
601,'20260828',615,,52163,9,,,1,101,,52164,9,,,1,30,,52166,9,,,1,70,,52165,9,,,1
601,'20260831',615,,65247,9,,,1,101,,65248,9,,,1,30,,65250,9,,,1,70,,65249,9,,,1
601,'20260901',615,,52171,9,,,1,101,,52172,9,,,1,30,,52174,9,,,1,70,,52173,9,,,1
601,'20260902',615,,52175,9,,,1,101,,52176,9,,,1,30,,52178,9,,,1,70,,52177,9,,,1
601,'20260903',615,,52179,9,,,1,101,,52180,9,,,1,30,,52182,9,,,1,70,,52181,9,,,1
601,'20260904',615,,52183,9,,,1,101,,52184,9,,,1,30,,52186,9,,,1,70,,52185,9,,,1
