300,'20260409',644,,5725,8,0,7,1,70,,5710,8,0,7,1,30,,5726,8,0,7,1,70,,5711,8,0,7,1,30,,5727,8,0,7,1,70,,5712,8,0,7,1,30,,5742,8,,,1,70,,5713,8,0,7,1,30,,5729,8,0,23 26,1,70,,5714,8,0,7,1,30,,5730,8,0,23 26,1,70,,5715,8,0,7,1,30,,5743,8,,,1,70,,5716,8,0,7,1,30,,5731,8,0,23 26,1,70,,5717,8,0,7,1,30,,5732,8,0,23 26,1,70,,5718,8,0,7,1,30,,5744,8,,,1,70,,5719,8,0,7,1,30,,5737,8,0,27,1,70,,5738,8,0,27,1,30,,5728,8,0,7,1,70,,5720,8,0,7,1,30,,5733,8,0,23 26,1,70,,5721,8,0,7,1,30,,5734,8,0,23 26,1,70,,5722,8,0,7,1,30,,5735,8,0,23 26,1,70,,5723,8,0,7,1,30,,5745,8,,,1,70,,5724,8,0,7,1,30,,5746,8,,,1,100,,5736,8,0,23 26,1
300,'20260410',644,,5764,8,0,7,1,70,,5749,8,0,7,1,30,,5765,8,0,7,1,70,,5750,8,0,7,1,30,,5766,8,0,7,1,70,,5751,8,0,7,1,30,,5781,8,,,1,70,,5752,8,0,7,1,30,,5768,8,0,23 26,1,70,,5753,8,0,7,1,30,,5769,8,0,23 26,1,70,,5754,8,0,7,1,30,,5782,8,,,1,70,,5755,8,0,7,1,30,,5770,8,0,23 26,1,70,,5756,8,0,7,1,30,,5771,8,0,23 26,1,70,,5757,8,0,7,1,30,,5783,8,,,1,70,,5758,8,0,7,1,30,,5776,8,0,27,1,70,,5777,8,0,27,1,30,,5767,8,0,7,1,70,,5759,8,0,7,1,30,,5772,8,0,23 26,1,70,,5760,8,0,7,1,30,,5773,8,0,23 26,1,70,,5761,8,0,7,1,30,,5774,8,0,23 26,1,70,,5762,8,0,7,1,30,,5784,8,,,1,70,,5763,8,0,7,1,30,,5785,8,,,1,100,,5775,8,0,23 26,1
300,'20260411',858,,5797,8,0,23 26,1,100,,5798,8,0,23 26,1,100,,5799,8,0,23 26,1,100,,5800,8,0,23 26,1,100,,5801,8,0,23 26,1,100,,5802,8,0,23 26,1,100,,5803,8,0,23 26,1,70,,5788,8,0,7,1,30,,5804,8,0,23 26,1,70,,5789,8,0,7,1,30,,5811,8,,,1,70,,5790,8,0,7,1,30,,5805,8,0,23 26,1,70,,5791,8,0,7,1,30,,5806,8,0,23 26,1,70,,5792,8,0,7,1,30,,5807,8,0,23 26,1,70,,5793,8,0,7,1,30,,5808,8,0,23 26,1,70,,5794,8,0,7,1,30,,5809,8,0,23 26,1,70,,5795,8,0,7,1,30,,5812,8,,,1,70,,5796,8,0,7,1,30,,5810,8,0,23 26,1
300,'20260412',858,,5822,8,0,23 26,1,100,,5823,8,0,23 26,1,100,,5824,8,0,23 26,1,100,,5825,8,0,23 26,1,100,,5826,8,0,23 26,1,100,,5827,8,0,23 26,1,100,,5828,8,0,23 26,1,70,,5813,8,0,7,1,30,,5829,8,0,23 26,1,70,,5814,8,0,7,1,30,,5836,8,,,1,70,,5815,8,0,7,1,30,,5830,8,0,23 26,1,70,,5816,8,0,7,1,30,,5831,8,0,23 26,1,70,,5817,8,0,7,1,30,,5832,8,0,23 26,1,70,,5818,8,0,7,1,30,,5833,8,0,23 26,1,70,,5819,8,0,7,1,30,,5834,8,0,23 26,1,70,,5820,8,0,7,1,30,,5837,8,,,1,70,,5821,8,0,7,1,30,,5835,8,0,23 26,1
300,'20260413',644,,5853,8,0,7,1,70,,5838,8,0,7,1,30,,5854,8,0,7,1,70,,5839,8,0,7,1,30,,5855,8,0,7,1,70,,5840,8,0,7,1,30,,5870,8,,,1,70,,5841,8,0,7,1,30,,5857,8,0,23 26,1,70,,5842,8,0,7,1,30,,5858,8,0,23 26,1,70,,5843,8,0,7,1,30,,5871,8,,,1,70,,5844,8,0,7,1,30,,5859,8,0,23 26,1,70,,5845,8,0,7,1,30,,5860,8,0,23 26,1,70,,5846,8,0,7,1,30,,5872,8,,,1,70,,5847,8,0,7,1,30,,5865,8,0,27,1,70,,5866,8,0,27,1,30,,5856,8,0,7,1,70,,5848,8,0,7,1,30,,5861,8,0,23 26,1,70,,5849,8,0,7,1,30,,5862,8,0,23 26,1,70,,5850,8,0,7,1,30,,5863,8,0,23 26,1,70,,5851,8,0,7,1,30,,5873,8,,,1,70,,5852,8,0,7,1,30,,5874,8,,,1,100,,5864,8,0,23 26,1
300,'20260414',644,,5892,8,0,7,1,70,,5877,8,0,7,1,30,,5893,8,0,7,1,70,,5878,8,0,7,1,30,,5894,8,0,7,1,70,,5879,8,0,7,1,30,,5909,8,,,1,70,,5880,8,0,7,1,30,,5896,8,0,23 26,1,70,,5881,8,0,7,1,30,,5897,8,0,23 26,1,70,,5882,8,0,7,1,30,,5910,8,,,1,70,,5883,8,0,7,1,30,,5898,8,0,23 26,1,70,,5884,8,0,7,1,30,,5899,8,0,23 26,1,70,,5885,8,0,7,1,30,,5911,8,,,1,70,,5886,8,0,7,1,30,,5904,8,0,27,1,70,,5905,8,0,27,1,30,,5895,8,0,7,1,70,,5887,8,0,7,1,30,,5900,8,0,23 26,1,70,,5888,8,0,7,1,30,,5901,8,0,23 26,1,70,,5889,8,0,7,1,30,,5902,8,0,23 26,1,70,,5890,8,0,7,1,30,,5912,8,,,1,70,,5891,8,0,7,1,30,,5913,8,,,1,100,,5903,8,0,23 26,1
300,'20260415',644,,5931,8,0,7,1,70,,5916,8,0,7,1,30,,5932,8,0,7,1,70,,5917,8,0,7,1,30,,5933,8,0,7,1,70,,5918,8,0,7,1,30,,5948,8,,,1,70,,5919,8,0,7,1,30,,5935,8,0,23 26,1,70,,5920,8,0,7,1,30,,5936,8,0,23 26,1,70,,5921,8,0,7,1,30,,5949,8,,,1,70,,5922,8,0,7,1,30,,5937,8,0,23 26,1,70,,5923,8,0,7,1,30,,5938,8,0,23 26,1,70,,5924,8,0,7,1,30,,5950,8,,,1,70,,5925,8,0,7,1,30,,5943,8,0,27,1,70,,5944,8,0,27,1,30,,5934,8,0,7,1,70,,5926,8,0,7,1,30,,5939,8,0,23 26,1,70,,5927,8,0,7,1,30,,5940,8,0,23 26,1,70,,5928,8,0,7,1,30,,5941,8,0,23 26,1,70,,5929,8,0,7,1,30,,5951,8,,,1,70,,5930,8,0,7,1,30,,5952,8,,,1,100,,5942,8,0,23 26,1
300,'20260416',644,,5970,8,0,7,1,70,,5955,8,0,7,1,30,,5971,8,0,7,1,70,,5956,8,0,7,1,30,,5972,8,0,7,1,70,,5957,8,0,7,1,30,,5987,8,,,1,70,,5958,8,0,7,1,30,,5974,8,0,23 26,1,70,,5959,8,0,7,1,30,,5975,8,0,23 26,1,70,,5960,8,0,7,1,30,,5988,8,,,1,70,,5961,8,0,7,1,30,,5976,8,0,23 26,1,70,,5962,8,0,7,1,30,,5977,8,0,23 26,1,70,,5963,8,0,7,1,30,,5989,8,,,1,70,,5964,8,0,7,1,30,,5982,8,0,27,1,70,,5983,8,0,27,1,30,,5973,8,0,7,1,70,,5965,8,0,7,1,30,,5978,8,0,23 26,1,70,,5966,8,0,7,1,30,,5979,8,0,23 26,1,70,,5967,8,0,7,1,30,,5980,8,0,23 26,1,70,,5968,8,0,7,1,30,,5990,8,,,1,70,,5969,8,0,7,1,30,,5991,8,,,1,100,,5981,8,0,23 26,1
300,'20260417',644,,6009,8,0,7,1,70,,5994,8,0,7,1,30,,6010,8,0,7,1,70,,5995,8,0,7,1,30,,6011,8,0,7,1,70,,5996,8,0,7,1,30,,6026,8,,,1,70,,5997,8,0,7,1,30,,6013,8,0,23 26,1,70,,5998,8,0,7,1,30,,6014,8,0,23 26,1,70,,5999,8,0,7,1,30,,6027,8,,,1,70,,6000,8,0,7,1,30,,6015,8,0,23 26,1,70,,6001,8,0,7,1,30,,6016,8,0,23 26,1,70,,6002,8,0,7,1,30,,6028,8,,,1,70,,6003,8,0,7,1,30,,6021,8,0,27,1,70,,6022,8,0,27,1,30,,6012,8,0,7,1,70,,6004,8,0,7,1,30,,6017,8,0,23 26,1,70,,6005,8,0,7,1,30,,6018,8,0,23 26,1,70,,6006,8,0,7,1,30,,6019,8,0,23 26,1,70,,6007,8,0,7,1,30,,6029,8,,,1,70,,6008,8,0,7,1,30,,6030,8,,,1
300,'20260420',644,,6098,8,0,7,1,70,,6083,8,0,7,1,30,,6099,8,0,7,1,70,,6084,8,0,7,1,30,,6100,8,0,7,1,70,,6085,8,0,7,1,30,,6115,8,,,1,70,,6086,8,0,7,1,30,,6102,8,0,23 26,1,70,,6087,8,0,7,1,30,,6103,8,0,23 26,1,70,,6088,8,0,7,1,30,,6116,8,,,1,70,,6089,8,0,7,1,30,,6104,8,0,23 26,1,70,,6090,8,0,7,1,30,,6105,8,0,23 26,1,70,,6091,8,0,7,1,30,,6117,8,,,1,70,,6092,8,0,7,1,30,,6110,8,0,27,1,70,,6111,8,0,27,1,30,,6101,8,0,7,1,70,,6093,8,0,7,1,30,,6106,8,0,23 26,1,70,,6094,8,0,7,1,30,,6107,8,0,23 26,1,70,,6095,8,0,7,1,30,,6108,8,0,23 26,1,70,,6096,8,0,7,1,30,,6118,8,,,1,70,,6097,8,0,7,1,30,,6119,8,,,1,100,,6109,8,0,23 26,1
300,'20260421',644,,6137,8,0,7,1,70,,6122,8,0,7,1,30,,6138,8,0,7,1,70,,6123,8,0,7,1,30,,6139,8,0,7,1,70,,6124,8,0,7,1,30,,6154,8,,,1,70,,6125,8,0,7,1,30,,6141,8,0,23 26,1,70,,6126,8,0,7,1,30,,6142,8,0,23 26,1,70,,6127,8,0,7,1,30,,6155,8,,,1,70,,6128,8,0,7,1,30,,6143,8,0,23 26,1,70,,6129,8,0,7,1,30,,6144,8,0,23 26,1,70,,6130,8,0,7,1,30,,6156,8,,,1,70,,6131,8,0,7,1,30,,6149,8,0,27,1,70,,6150,8,0,27,1,30,,6140,8,0,7,1,70,,6132,8,0,7,1,30,,6145,8,0,23 26,1,70,,6133,8,0,7,1,30,,6146,8,0,23 26,1,70,,6134,8,0,7,1,30,,6147,8,0,23 26,1,70,,6135,8,0,7,1,30,,6157,8,,,1,70,,6136,8,0,7,1,30,,6158,8,,,1,100,,6148,8,0,23 26,1
300,'20260422',644,,6176,8,0,7,1,70,,6161,8,0,7,1,30,,6177,8,0,7,1,70,,6162,8,0,7,1,30,,6178,8,0,7,1,70,,6163,8,0,7,1,30,,6193,8,,,1,70,,6164,8,0,7,1,30,,6180,8,0,23 26,1,70,,6165,8,0,7,1,30,,6181,8,0,23 26,1,70,,6166,8,0,7,1,30,,6194,8,,,1,70,,6167,8,0,7,1,30,,6182,8,0,23 26,1,70,,6168,8,0,7,1,30,,6183,8,0,23 26,1,70,,6169,8,0,7,1,30,,6195,8,,,1,70,,6170,8,0,7,1,30,,6188,8,0,27,1,70,,6189,8,0,27,1,30,,6179,8,0,7,1,70,,6171,8,0,7,1,30,,6184,8,0,23 26,1,70,,6172,8,0,7,1,30,,6185,8,0,23 26,1,70,,6173,8,0,7,1,30,,6186,8,0,23 26,1,70,,6174,8,0,7,1,30,,6196,8,,,1,70,,6175,8,0,7,1,30,,6197,8,,,1,100,,6187,8,0,23 26,1
300,'20260423',644,,6215,8,0,7,1,70,,6200,8,0,7,1,30,,6216,8,0,7,1,70,,6201,8,0,7,1,30,,6217,8,0,7,1,70,,6202,8,0,7,1,30,,6232,8,,,1,70,,6203,8,0,7,1,30,,6219,8,0,23 26,1,70,,6204,8,0,7,1,30,,6220,8,0,23 26,1,70,,6205,8,0,7,1,30,,6233,8,,,1,70,,6206,8,0,7,1,30,,6221,8,0,23 26,1,70,,6207,8,0,7,1,30,,6222,8,0,23 26,1,70,,6208,8,0,7,1,30,,6234,8,,,1,70,,6209,8,0,7,1,30,,6227,8,0,27,1,70,,6228,8,0,27,1,30,,6218,8,0,7,1,70,,6210,8,0,7,1,30,,6223,8,0,23 26,1,70,,6211,8,0,7,1,30,,6224,8,0,23 26,1,70,,6212,8,0,7,1,30,,6225,8,0,23 26,1,70,,6213,8,0,7,1,30,,6235,8,,,1,70,,6214,8,0,7,1,30,,6236,8,,,1,100,,6226,8,0,23 26,1
300,'20260424',644,,6254,8,0,7,1,70,,6239,8,0,7,1,30,,6255,8,0,7,1,70,,6240,8,0,7,1,30,,6256,8,0,7,1,70,,6241,8,0,7,1,30,,6271,8,,,1,70,,6242,8,0,7,1,30,,6258,8,0,23 26,1,70,,6243,8,0,7,1,30,,6259,8,0,23 26,1,70,,6244,8,0,7,1,30,,6272,8,,,1,70,,6245,8,0,7,1,30,,6260,8,0,23 26,1,70,,6246,8,0,7,1,30,,6261,8,0,23 26,1,70,,6247,8,0,7,1,30,,6273,8,,,1,70,,6248,8,0,7,1,30,,6266,8,0,27,1,70,,6267,8,0,27,1,30,,6257,8,0,7,1,70,,6249,8,0,7,1,30,,6262,8,0,23 26,1,70,,6250,8,0,7,1,30,,6263,8,0,23 26,1,70,,6251,8,0,7,1,30,,6264,8,0,23 26,1,70,,6252,8,0,7,1,30,,6274,8,,,1,70,,6253,8,0,7,1,30,,6275,8,,,1,100,,6265,8,0,23 26,1
301,'20260409',623,,7329,22,,,1,30,,7331,35,,,1,70,,7318,11,,,1,30,,7302,11,,,1,70,,7319,11,,,1,30,,7303,11,,,1,70,,7320,11,,,1,30,,7304,11,,,1,70,,7321,11,,,1,30,,7305,11,,,1,70,,7323,17,,,1,30,,7306,11,,,1,70,,7324,17,,,1,30,,7307,11,,,1,70,,7334,35,,,1,30,,7308,11,,,1,70,,7325,17,,,1,30,,7309,11,,,1,70,,7326,17,,,1,30,,7310,11,,,1,70,,7335,35,,,1,30,,7311,11,,,1,100,,7312,11,,,1,100,,7313,11,,,1,70,,7322,11,,,1,100,,7327,17,,,1,30,,7314,11,,,1,70,,7328,17,,,1,30,,7315,11,,,1,70,,7336,35,,,1,30,,7316,11,,,1,100,,7317,11,,,1
301,'20260410',623,,7368,22,,,1,30,,7370,35,,,1,70,,7357,11,,,1,30,,7341,11,,,1,70,,7358,11,,,1,30,,7342,11,,,1,70,,7359,11,,,1,30,,7343,11,,,1,70,,7360,11,,,1,30,,7344,11,,,1,70,,7362,17,,,1,30,,7345,11,,,1,70,,7363,17,,,1,30,,7346,11,,,1,70,,7373,35,,,1,30,,7347,11,,,1,70,,7364,17,,,1,30,,7348,11,,,1,70,,7365,17,,,1,30,,7349,11,,,1,70,,7374,35,,,1,30,,7350,11,,,1,100,,7351,11,,,1,100,,7352,11,,,1,70,,7361,11,,,1,100,,7366,17,,,1,30,,7353,11,,,1,70,,7367,17,,,1,30,,7354,11,,,1,70,,7375,35,,,1,30,,7355,11,,,1,100,,7356,11,,,1
301,'20260411',823,,7389,17,,,1,100,,7403,35,,,1,100,,7390,17,,,1,100,,7391,17,,,1,100,,7392,17,,,1,100,,7393,17,,,1,100,,7394,17,,,1,30,,7380,11,,,1,70,,7395,17,,,1,30,,7381,11,,,1,70,,7396,17,,,1,30,,7382,11,,,1,70,,7404,35,,,1,30,,7383,11,,,1,70,,7397,17,,,1,30,,7384,11,,,1,70,,7398,17,,,1,30,,7385,11,,,1,70,,7399,17,,,1,30,,7386,11,,,1,70,,7400,17,,,1,30,,7387,11,,,1,70,,7401,17,,,1,30,,7388,11,,,1,70,,7402,17,,,1
301,'20260412',823,,7414,17,,,1,100,,7428,35,,,1,100,,7415,17,,,1,100,,7416,17,,,1,100,,7417,17,,,1,100,,7418,17,,,1,100,,7419,17,,,1,30,,7405,11,,,1,70,,7420,17,,,1,30,,7406,11,,,1,70,,7421,17,,,1,30,,7407,11,,,1,70,,7429,35,,,1,30,,7408,11,,,1,70,,7422,17,,,1,30,,7409,11,,,1,70,,7423,17,,,1,30,,7410,11,,,1,70,,7424,17,,,1,30,,7411,11,,,1,70,,7425,17,,,1,30,,7412,11,,,1,70,,7426,17,,,1,30,,7413,11,,,1,70,,7427,17,,,1
301,'20260413',623,,7457,22,,,1,30,,7459,35,,,1,70,,7446,11,,,1,30,,7430,11,,,1,70,,7447,11,,,1,30,,7431,11,,,1,70,,7448,11,,,1,30,,7432,11,,,1,70,,7449,11,,,1,30,,7433,11,,,1,70,,7451,17,,,1,30,,7434,11,,,1,70,,7452,17,,,1,30,,7435,11,,,1,70,,7462,35,,,1,30,,7436,11,,,1,70,,7453,17,,,1,30,,7437,11,,,1,70,,7454,17,,,1,30,,7438,11,,,1,70,,7463,35,,,1,30,,7439,11,,,1,100,,7440,11,,,1,100,,7441,11,,,1,70,,7450,11,,,1,100,,7455,17,,,1,30,,7442,11,,,1,70,,7456,17,,,1,30,,7443,11,,,1,70,,7464,35,,,1,30,,7444,11,,,1,100,,7445,11,,,1
301,'20260414',623,,7496,22,,,1,30,,7498,35,,,1,70,,7485,11,,,1,30,,7469,11,,,1,70,,7486,11,,,1,30,,7470,11,,,1,70,,7487,11,,,1,30,,7471,11,,,1,70,,7488,11,,,1,30,,7472,11,,,1,70,,7490,17,,,1,30,,7473,11,,,1,70,,7491,17,,,1,30,,7474,11,,,1,70,,7501,35,,,1,30,,7475,11,,,1,70,,7492,17,,,1,30,,7476,11,,,1,70,,7493,17,,,1,30,,7477,11,,,1,70,,7502,35,,,1,30,,7478,11,,,1,100,,7479,11,,,1,100,,7480,11,,,1,70,,7489,11,,,1,100,,7494,17,,,1,30,,7481,11,,,1,70,,7495,17,,,1,30,,7482,11,,,1,70,,7503,35,,,1,30,,7483,11,,,1,100,,7484,11,,,1
301,'20260415',623,,7535,22,,,1,30,,7537,35,,,1,70,,7524,11,,,1,30,,7508,11,,,1,70,,7525,11,,,1,30,,7509,11,,,1,70,,7526,11,,,1,30,,7510,11,,,1,70,,7527,11,,,1,30,,7511,11,,,1,70,,7529,17,,,1,30,,7512,11,,,1,70,,7530,17,,,1,30,,7513,11,,,1,70,,7540,35,,,1,30,,7514,11,,,1,70,,7531,17,,,1,30,,7515,11,,,1,70,,7532,17,,,1,30,,7516,11,,,1,70,,7541,35,,,1,30,,7517,11,,,1,100,,7518,11,,,1,100,,7519,11,,,1,70,,7528,11,,,1,100,,7533,17,,,1,30,,7520,11,,,1,70,,7534,17,,,1,30,,7521,11,,,1,70,,7542,35,,,1,30,,7522,11,,,1,100,,7523,11,,,1
301,'20260416',623,,7574,22,,,1,30,,7576,35,,,1,70,,7563,11,,,1,30,,7547,11,,,1,70,,7564,11,,,1,30,,7548,11,,,1,70,,7565,11,,,1,30,,7549,11,,,1,70,,7566,11,,,1,30,,7550,11,,,1,70,,7568,17,,,1,30,,7551,11,,,1,70,,7569,17,,,1,30,,7552,11,,,1,70,,7579,35,,,1,30,,7553,11,,,1,70,,7570,17,,,1,30,,7554,11,,,1,70,,7571,17,,,1,30,,7555,11,,,1,70,,7580,35,,,1,30,,7556,11,,,1,100,,7557,11,,,1,100,,7558,11,,,1,70,,7567,11,,,1,100,,7572,17,,,1,30,,7559,11,,,1,70,,7573,17,,,1,30,,7560,11,,,1,70,,7581,35,,,1,30,,7561,11,,,1,100,,7562,11,,,1
301,'20260417',623,,7613,22,,,1,30,,7615,35,,,1,70,,7602,11,,,1,30,,7586,11,,,1,70,,7603,11,,,1,30,,7587,11,,,1,70,,7604,11,,,1,30,,7588,11,,,1,70,,7605,11,,,1,30,,7589,11,,,1,70,,7607,17,,,1,30,,7590,11,,,1,70,,7608,17,,,1,30,,7591,11,,,1,70,,7618,35,,,1,30,,7592,11,,,1,70,,7609,17,,,1,30,,7593,11,,,1,70,,7610,17,,,1,30,,7594,11,,,1,70,,7619,35,,,1,30,,7595,11,,,1,100,,7596,11,,,1,100,,7597,11,,,1,70,,7606,11,,,1,100,,7611,17,,,1,30,,7598,11,,,1,70,,7612,17,,,1,30,,7599,11,,,1,70,,7620,35,,,1,30,,7600,11,,,1,100,,7601,11,,,1
301,'20260420',623,,7702,22,,,1,30,,7704,35,,,1,70,,7691,11,,,1,30,,7675,11,,,1,70,,7692,11,,,1,30,,7676,11,,,1,70,,7693,11,,,1,30,,7677,11,,,1,70,,7694,11,,,1,30,,7678,11,,,1,70,,7696,17,,,1,30,,7679,11,,,1,70,,7697,17,,,1,30,,7680,11,,,1,70,,7707,35,,,1,30,,7681,11,,,1,70,,7698,17,,,1,30,,7682,11,,,1,70,,7699,17,,,1,30,,7683,11,,,1,70,,7708,35,,,1,30,,7684,11,,,1,100,,7685,11,,,1,100,,7686,11,,,1,70,,7695,11,,,1,100,,7700,17,,,1,30,,7687,11,,,1,70,,7701,17,,,1,30,,7688,11,,,1,70,,7709,35,,,1,30,,7689,11,,,1,100,,7690,11,,,1
301,'20260421',623,,7741,22,,,1,30,,7743,35,,,1,70,,7730,11,,,1,30,,7714,11,,,1,70,,7731,11,,,1,30,,7715,11,,,1,70,,7732,11,,,1,30,,7716,11,,,1,70,,7733,11,,,1,30,,7717,11,,,1,70,,7735,17,,,1,30,,7718,11,,,1,70,,7736,17,,,1,30,,7719,11,,,1,70,,7746,35,,,1,30,,7720,11,,,1,70,,7737,17,,,1,30,,7721,11,,,1,70,,7738,17,,,1,30,,7722,11,,,1,70,,7747,35,,,1,30,,7723,11,,,1,100,,7724,11,,,1,100,,7725,11,,,1,70,,7734,11,,,1,100,,7739,17,,,1,30,,7726,11,,,1,70,,7740,17,,,1,30,,7727,11,,,1,70,,7748,35,,,1,30,,7728,11,,,1,100,,7729,11,,,1
301,'20260422',623,,7780,22,,,1,30,,7782,35,,,1,70,,7769,11,,,1,30,,7753,11,,,1,70,,7770,11,,,1,30,,7754,11,,,1,70,,7771,11,,,1,30,,7755,11,,,1,70,,7772,11,,,1,30,,7756,11,,,1,70,,7774,17,,,1,30,,7757,11,,,1,70,,7775,17,,,1,30,,7758,11,,,1,70,,7785,35,,,1,30,,7759,11,,,1,70,,7776,17,,,1,30,,7760,11,,,1,70,,7777,17,,,1,30,,7761,11,,,1,70,,7786,35,,,1,30,,7762,11,,,1,100,,7763,11,,,1,100,,7764,11,,,1,70,,7773,11,,,1,100,,7778,17,,,1,30,,7765,11,,,1,70,,7779,17,,,1,30,,7766,11,,,1,70,,7787,35,,,1,30,,7767,11,,,1,100,,7768,11,,,1
301,'20260423',623,,7819,22,,,1,30,,7821,35,,,1,70,,7808,11,,,1,30,,7792,11,,,1,70,,7809,11,,,1,30,,7793,11,,,1,70,,7810,11,,,1,30,,7794,11,,,1,70,,7811,11,,,1,30,,7795,11,,,1,70,,7813,17,,,1,30,,7796,11,,,1,70,,7814,17,,,1,30,,7797,11,,,1,70,,7824,35,,,1,30,,7798,11,,,1,70,,7815,17,,,1,30,,7799,11,,,1,70,,7816,17,,,1,30,,7800,11,,,1,70,,7825,35,,,1,30,,7801,11,,,1,100,,7802,11,,,1,100,,7803,11,,,1,70,,7812,11,,,1,100,,7817,17,,,1,30,,7804,11,,,1,70,,7818,17,,,1,30,,7805,11,,,1,70,,7826,35,,,1,30,,7806,11,,,1,100,,7807,11,,,1
301,'20260424',623,,7858,22,,,1,30,,7860,35,,,1,70,,7847,11,,,1,30,,7831,11,,,1,70,,7848,11,,,1,30,,7832,11,,,1,70,,7849,11,,,1,30,,7833,11,,,1,70,,7850,11,,,1,30,,7834,11,,,1,70,,7852,17,,,1,30,,7835,11,,,1,70,,7853,17,,,1,30,,7836,11,,,1,70,,7863,35,,,1,30,,7837,11,,,1,70,,7854,17,,,1,30,,7838,11,,,1,70,,7855,17,,,1,30,,7839,11,,,1,70,,7864,35,,,1,30,,7840,11,,,1,100,,7841,11,,,1,100,,7842,11,,,1,70,,7851,11,,,1,100,,7856,17,,,1,30,,7843,11,,,1,70,,7857,17,,,1,30,,7844,11,,,1,70,,7865,35,,,1,30,,7845,11,,,1,100,,7846,11,,,1
