200,'20260707',1626,,41830,28,,,1,30,,41831,28,,,1,55,,41832,28,,,1,15,,41833,28,,,1,15,,41834,28,,,1,15,,41835,28,,,1,55,,41836,28,,,1,30,,41837,28,,,1,70,,41838,28,,,1,45,,41839,28,,,1
200,'20260708',1626,,41840,28,,,1,30,,41841,28,,,1,55,,41842,28,,,1,15,,41843,28,,,1,15,,41844,28,,,1,15,,41845,28,,,1,55,,41846,28,,,1,30,,41847,28,,,1,70,,41848,28,,,1,45,,41849,28,,,1
200,'20260709',1626,,41850,28,,,1,30,,41851,28,,,1,55,,41852,28,,,1,15,,41853,28,,,1,15,,41854,28,,,1,15,,41855,28,,,1,55,,41856,28,,,1,30,,41857,28,,,1,70,,41858,28,,,1,45,,41859,28,,,1
200,'20260710',1626,,41860,28,,,1,30,,41861,28,,,1,55,,41862,28,,,1,15,,41863,28,,,1,15,,41864,28,,,1,15,,41865,28,,,1,55,,41866,28,,,1,30,,41867,28,,,1,70,,41868,28,,,1,45,,41869,28,,,1
200,'20260713',1626,,41870,28,,,1,30,,41871,28,,,1,55,,41872,28,,,1,15,,41873,28,,,1,15,,41874,28,,,1,15,,41875,28,,,1,55,,41876,28,,,1,30,,41877,28,,,1,70,,41878,28,,,1,45,,41879,28,,,1
200,'20260714',1626,,41880,28,,,1,30,,41881,28,,,1,55,,41882,28,,,1,15,,41883,28,,,1,15,,41884,28,,,1,15,,41885,28,,,1,55,,41886,28,,,1,30,,41887,28,,,1,70,,41888,28,,,1,45,,41889,28,,,1
200,'20260715',1626,,41890,28,,,1,30,,41891,28,,,1,55,,41892,28,,,1,15,,41893,28,,,1,15,,41894,28,,,1,15,,41895,28,,,1,55,,41896,28,,,1,30,,41897,28,,,1,70,,41898,28,,,1,45,,41899,28,,,1
200,'20260716',1626,,41900,28,,,1,30,,41901,28,,,1,55,,41902,28,,,1,15,,41903,28,,,1,15,,41904,28,,,1,15,,41905,28,,,1,55,,41906,28,,,1,30,,41907,28,,,1,70,,41908,28,,,1,45,,41909,28,,,1
200,'20260717',1626,,41910,28,,,1,30,,41911,28,,,1,55,,41912,28,,,1,15,,41913,28,,,1,15,,41914,28,,,1,15,,41915,28,,,1,55,,41916,28,,,1,30,,41917,28,,,1,70,,41918,28,,,1,45,,41919,28,,,1
200,'20260720',1626,,41920,28,,,1,30,,41921,28,,,1,55,,41922,28,,,1,15,,41923,28,,,1,15,,41924,28,,,1,15,,41925,28,,,1,55,,41926,28,,,1,30,,41927,28,,,1,70,,41928,28,,,1,45,,41929,28,,,1
200,'20260721',1626,,41930,28,,,1,30,,41931,28,,,1,55,,41932,28,,,1,15,,41933,28,,,1,15,,41934,28,,,1,15,,41935,28,,,1,55,,41936,28,,,1,30,,41937,28,,,1,70,,41938,28,,,1,45,,41939,28,,,1
200,'20260722',1626,,41940,28,,,1,30,,41941,28,,,1,55,,41942,28,,,1,15,,41943,28,,,1,15,,41944,28,,,1,15,,41945,28,,,1,55,,41946,28,,,1,30,,41947,28,,,1,70,,41948,28,,,1,45,,41949,28,,,1
200,'20260723',1626,,41950,28,,,1,30,,41951,28,,,1,55,,41952,28,,,1,15,,41953,28,,,1,15,,41954,28,,,1,15,,41955,28,,,1,55,,41956,28,,,1,30,,41957,28,,,1,70,,41958,28,,,1,45,,41959,28,,,1
200,'20260724',1626,,41960,28,,,1,30,,41961,28,,,1,55,,41962,28,,,1,15,,41963,28,,,1,15,,41964,28,,,1,15,,41965,28,,,1,55,,41966,28,,,1,30,,41967,28,,,1,70,,41968,28,,,1,45,,41969,28,,,1
200,'20260727',1626,,41970,28,,,1,30,,41971,28,,,1,55,,41972,28,,,1,15,,41973,28,,,1,15,,41974,28,,,1,15,,41975,28,,,1,55,,41976,28,,,1,30,,41977,28,,,1,70,,41978,28,,,1,45,,41979,28,,,1
200,'20260728',1626,,41980,28,,,1,30,,41981,28,,,1,55,,41982,28,,,1,15,,41983,28,,,1,15,,41984,28,,,1,15,,41985,28,,,1,55,,41986,28,,,1,30,,41987,28,,,1,70,,41988,28,,,1,45,,41989,28,,,1
200,'20260729',1626,,41990,28,,,1,30,,41991,28,,,1,55,,41992,28,,,1,15,,41993,28,,,1,15,,41994,28,,,1,15,,41995,28,,,1,55,,41996,28,,,1,30,,41997,28,,,1,70,,41998,28,,,1,45,,41999,28,,,1
200,'20260730',1626,,42000,28,,,1,30,,42001,28,,,1,55,,42002,28,,,1,15,,42003,28,,,1,15,,42004,28,,,1,15,,42005,28,,,1,55,,42006,28,,,1,30,,42007,28,,,1,70,,42008,28,,,1,45,,42009,28,,,1
200,'20260731',1626,,42010,28,,,1,30,,42011,28,,,1,55,,42012,28,,,1,15,,42013,28,,,1,15,,42014,28,,,1,15,,42015,28,,,1,55,,42016,28,,,1,30,,42017,28,,,1,70,,42018,28,,,1,45,,42019,28,,,1
200,'20260804',1626,,42030,28,,,1,30,,42031,28,,,1,55,,42032,28,,,1,15,,42033,28,,,1,15,,42034,28,,,1,15,,42035,28,,,1,55,,42036,28,,,1,30,,42037,28,,,1,70,,42038,28,,,1,45,,42039,28,,,1
200,'20260805',1626,,42040,28,,,1,30,,42041,28,,,1,55,,42042,28,,,1,15,,42043,28,,,1,15,,42044,28,,,1,15,,42045,28,,,1,55,,42046,28,,,1,30,,42047,28,,,1,70,,42048,28,,,1,45,,42049,28,,,1
200,'20260806',1626,,42050,28,,,1,30,,42051,28,,,1,55,,42052,28,,,1,15,,42053,28,,,1,15,,42054,28,,,1,15,,42055,28,,,1,55,,42056,28,,,1,30,,42057,28,,,1,70,,42058,28,,,1,45,,42059,28,,,1
200,'20260807',1626,,42060,28,,,1,30,,42061,28,,,1,55,,42062,28,,,1,15,,42063,28,,,1,15,,42064,28,,,1,15,,42065,28,,,1,55,,42066,28,,,1,30,,42067,28,,,1,70,,42068,28,,,1,45,,42069,28,,,1
200,'20260811',1626,,42080,28,,,1,30,,42081,28,,,1,55,,42082,28,,,1,15,,42083,28,,,1,15,,42084,28,,,1,15,,42085,28,,,1,55,,42086,28,,,1,30,,42087,28,,,1,70,,42088,28,,,1,45,,42089,28,,,1
200,'20260812',1626,,42090,28,,,1,30,,42091,28,,,1,55,,42092,28,,,1,15,,42093,28,,,1,15,,42094,28,,,1,15,,42095,28,,,1,55,,42096,28,,,1,30,,42097,28,,,1,70,,42098,28,,,1,45,,42099,28,,,1
200,'20260813',1626,,42100,28,,,1,30,,42101,28,,,1,55,,42102,28,,,1,15,,42103,28,,,1,15,,42104,28,,,1,15,,42105,28,,,1,55,,42106,28,,,1,30,,42107,28,,,1,70,,42108,28,,,1,45,,42109,28,,,1
200,'20260814',1626,,42110,28,,,1,30,,42111,28,,,1,55,,42112,28,,,1,15,,42113,28,,,1,15,,42114,28,,,1,15,,42115,28,,,1,55,,42116,28,,,1,30,,42117,28,,,1,70,,42118,28,,,1,45,,42119,28,,,1
200,'20260818',1626,,42130,28,,,1,30,,42131,28,,,1,55,,42132,28,,,1,15,,42133,28,,,1,15,,42134,28,,,1,15,,42135,28,,,1,55,,42136,28,,,1,30,,42137,28,,,1,70,,42138,28,,,1,45,,42139,28,,,1
200,'20260819',1626,,42140,28,,,1,30,,42141,28,,,1,55,,42142,28,,,1,15,,42143,28,,,1,15,,42144,28,,,1,15,,42145,28,,,1,55,,42146,28,,,1,30,,42147,28,,,1,70,,42148,28,,,1,45,,42149,28,,,1
200,'20260820',1626,,42150,28,,,1,30,,42151,28,,,1,55,,42152,28,,,1,15,,42153,28,,,1,15,,42154,28,,,1,15,,42155,28,,,1,55,,42156,28,,,1,30,,42157,28,,,1,70,,42158,28,,,1,45,,42159,28,,,1
200,'20260821',1626,,42160,28,,,1,30,,42161,28,,,1,55,,42162,28,,,1,15,,42163,28,,,1,15,,42164,28,,,1,15,,42165,28,,,1,55,,42166,28,,,1,30,,42167,28,,,1,70,,42168,28,,,1,45,,42169,28,,,1
200,'20260825',1626,,42180,28,,,1,30,,42181,28,,,1,55,,42182,28,,,1,15,,42183,28,,,1,15,,42184,28,,,1,15,,42185,28,,,1,55,,42186,28,,,1,30,,42187,28,,,1,70,,42188,28,,,1,45,,42189,28,,,1
200,'20260826',1626,,42190,28,,,1,30,,42191,28,,,1,55,,42192,28,,,1,15,,42193,28,,,1,15,,42194,28,,,1,15,,42195,28,,,1,55,,42196,28,,,1,30,,42197,28,,,1,70,,42198,28,,,1,45,,42199,28,,,1
200,'20260827',1626,,42200,28,,,1,30,,42201,28,,,1,55,,42202,28,,,1,15,,42203,28,,,1,15,,42204,28,,,1,15,,42205,28,,,1,55,,42206,28,,,1,30,,42207,28,,,1,70,,42208,28,,,1,45,,42209,28,,,1
200,'20260828',1626,,42210,28,,,1,30,,42211,28,,,1,55,,42212,28,,,1,15,,42213,28,,,1,15,,42214,28,,,1,15,,42215,28,,,1,55,,42216,28,,,1,30,,42217,28,,,1,70,,42218,28,,,1,45,,42219,28,,,1
200,'20260901',1626,,42230,28,,,1,30,,42231,28,,,1,55,,42232,28,,,1,15,,42233,28,,,1,15,,42234,28,,,1,15,,42235,28,,,1,55,,42236,28,,,1,30,,42237,28,,,1,70,,42238,28,,,1,45,,42239,28,,,1
200,'20260902',1626,,42240,28,,,1,30,,42241,28,,,1,55,,42242,28,,,1,15,,42243,28,,,1,15,,42244,28,,,1,15,,42245,28,,,1,55,,42246,28,,,1,30,,42247,28,,,1,70,,42248,28,,,1,45,,42249,28,,,1
200,'20260903',1626,,42250,28,,,1,30,,42251,28,,,1,55,,42252,28,,,1,15,,42253,28,,,1,15,,42254,28,,,1,15,,42255,28,,,1,55,,42256,28,,,1,30,,42257,28,,,1,70,,42258,28,,,1,45,,42259,28,,,1
200,'20260904',1626,,42260,28,,,1,30,,42261,28,,,1,55,,42262,28,,,1,15,,42263,28,,,1,15,,42264,28,,,1,15,,42265,28,,,1,55,,42266,28,,,1,30,,42267,28,,,1,70,,42268,28,,,1,45,,42269,28,,,1
201,'20260707',613,,42420,8,,,1,30,,42421,8,,,1,15,,42422,8,,,1,55,,42423,8,,,1,15,,42424,8,,,1,15,,42425,8,,,1,15,,42426,8,,,1,55,,42427,8,,,1,15,,42428,8,,,1,15,,42429,8,,,1
201,'20260708',613,,42430,8,,,1,30,,42431,8,,,1,15,,42432,8,,,1,55,,42433,8,,,1,15,,42434,8,,,1,15,,42435,8,,,1,15,,42436,8,,,1,55,,42437,8,,,1,15,,42438,8,,,1,15,,42439,8,,,1
201,'20260709',613,,42440,8,,,1,30,,42441,8,,,1,15,,42442,8,,,1,55,,42443,8,,,1,15,,42444,8,,,1,15,,42445,8,,,1,15,,42446,8,,,1,55,,42447,8,,,1,15,,42448,8,,,1,15,,42449,8,,,1
201,'20260710',613,,42450,8,,,1,30,,42451,8,,,1,15,,42452,8,,,1,55,,42453,8,,,1,15,,42454,8,,,1,15,,42455,8,,,1,15,,42456,8,,,1,55,,42457,8,,,1,15,,42458,8,,,1,15,,42459,8,,,1
201,'20260713',613,,42460,8,,,1,30,,42461,8,,,1,15,,42462,8,,,1,55,,42463,8,,,1,15,,42464,8,,,1,15,,42465,8,,,1,15,,42466,8,,,1,55,,42467,8,,,1,15,,42468,8,,,1,15,,42469,8,,,1
201,'20260714',613,,42470,8,,,1,30,,42471,8,,,1,15,,42472,8,,,1,55,,42473,8,,,1,15,,42474,8,,,1,15,,42475,8,,,1,15,,42476,8,,,1,55,,42477,8,,,1,15,,42478,8,,,1,15,,42479,8,,,1
201,'20260715',613,,42480,8,,,1,30,,42481,8,,,1,15,,42482,8,,,1,55,,42483,8,,,1,15,,42484,8,,,1,15,,42485,8,,,1,15,,42486,8,,,1,55,,42487,8,,,1,15,,42488,8,,,1,15,,42489,8,,,1
201,'20260716',613,,42490,8,,,1,30,,42491,8,,,1,15,,42492,8,,,1,55,,42493,8,,,1,15,,42494,8,,,1,15,,42495,8,,,1,15,,42496,8,,,1,55,,42497,8,,,1,15,,42498,8,,,1,15,,42499,8,,,1
201,'20260717',613,,42500,8,,,1,30,,42501,8,,,1,15,,42502,8,,,1,55,,42503,8,,,1,15,,42504,8,,,1,15,,42505,8,,,1,15,,42506,8,,,1,55,,42507,8,,,1,15,,42508,8,,,1,15,,42509,8,,,1
201,'20260720',613,,42510,8,,,1,30,,42511,8,,,1,15,,42512,8,,,1,55,,42513,8,,,1,15,,42514,8,,,1,15,,42515,8,,,1,15,,42516,8,,,1,55,,42517,8,,,1,15,,42518,8,,,1,15,,42519,8,,,1
201,'20260721',613,,42520,8,,,1,30,,42521,8,,,1,15,,42522,8,,,1,55,,42523,8,,,1,15,,42524,8,,,1,15,,42525,8,,,1,15,,42526,8,,,1,55,,42527,8,,,1,15,,42528,8,,,1,15,,42529,8,,,1
201,'20260722',613,,42530,8,,,1,30,,42531,8,,,1,15,,42532,8,,,1,55,,42533,8,,,1,15,,42534,8,,,1,15,,42535,8,,,1,15,,42536,8,,,1,55,,42537,8,,,1,15,,42538,8,,,1,15,,42539,8,,,1
201,'20260723',613,,42540,8,,,1,30,,42541,8,,,1,15,,42542,8,,,1,55,,42543,8,,,1,15,,42544,8,,,1,15,,42545,8,,,1,15,,42546,8,,,1,55,,42547,8,,,1,15,,42548,8,,,1,15,,42549,8,,,1
201,'20260724',613,,42550,8,,,1,30,,42551,8,,,1,15,,42552,8,,,1,55,,42553,8,,,1,15,,42554,8,,,1,15,,42555,8,,,1,15,,42556,8,,,1,55,,42557,8,,,1,15,,42558,8,,,1,15,,42559,8,,,1
201,'20260727',613,,42560,8,,,1,30,,42561,8,,,1,15,,42562,8,,,1,55,,42563,8,,,1,15,,42564,8,,,1,15,,42565,8,,,1,15,,42566,8,,,1,55,,42567,8,,,1,15,,42568,8,,,1,15,,42569,8,,,1
201,'20260728',613,,42570,8,,,1,30,,42571,8,,,1,15,,42572,8,,,1,55,,42573,8,,,1,15,,42574,8,,,1,15,,42575,8,,,1,15,,42576,8,,,1,55,,42577,8,,,1,15,,42578,8,,,1,15,,42579,8,,,1
201,'20260729',613,,42580,8,,,1,30,,42581,8,,,1,15,,42582,8,,,1,55,,42583,8,,,1,15,,42584,8,,,1,15,,42585,8,,,1,15,,42586,8,,,1,55,,42587,8,,,1,15,,42588,8,,,1,15,,42589,8,,,1
201,'20260730',613,,42590,8,,,1,30,,42591,8,,,1,15,,42592,8,,,1,55,,42593,8,,,1,15,,42594,8,,,1,15,,42595,8,,,1,15,,42596,8,,,1,55,,42597,8,,,1,15,,42598,8,,,1,15,,42599,8,,,1
201,'20260731',613,,42600,8,,,1,30,,42601,8,,,1,15,,42602,8,,,1,55,,42603,8,,,1,15,,42604,8,,,1,15,,42605,8,,,1,15,,42606,8,,,1,55,,42607,8,,,1,15,,42608,8,,,1,15,,42609,8,,,1
201,'20260804',613,,42620,8,,,1,30,,42621,8,,,1,15,,42622,8,,,1,55,,42623,8,,,1,15,,42624,8,,,1,15,,42625,8,,,1,15,,42626,8,,,1,55,,42627,8,,,1,15,,42628,8,,,1,15,,42629,8,,,1
201,'20260805',613,,42630,8,,,1,30,,42631,8,,,1,15,,42632,8,,,1,55,,42633,8,,,1,15,,42634,8,,,1,15,,42635,8,,,1,15,,42636,8,,,1,55,,42637,8,,,1,15,,42638,8,,,1,15,,42639,8,,,1
201,'20260806',613,,42640,8,,,1,30,,42641,8,,,1,15,,42642,8,,,1,55,,42643,8,,,1,15,,42644,8,,,1,15,,42645,8,,,1,15,,42646,8,,,1,55,,42647,8,,,1,15,,42648,8,,,1,15,,42649,8,,,1
201,'20260807',613,,42650,8,,,1,30,,42651,8,,,1,15,,42652,8,,,1,55,,42653,8,,,1,15,,42654,8,,,1,15,,42655,8,,,1,15,,42656,8,,,1,55,,42657,8,,,1,15,,42658,8,,,1,15,,42659,8,,,1
201,'20260811',613,,42670,8,,,1,30,,42671,8,,,1,15,,42672,8,,,1,55,,42673,8,,,1,15,,42674,8,,,1,15,,42675,8,,,1,15,,42676,8,,,1,55,,42677,8,,,1,15,,42678,8,,,1,15,,42679,8,,,1
201,'20260812',613,,42680,8,,,1,30,,42681,8,,,1,15,,42682,8,,,1,55,,42683,8,,,1,15,,42684,8,,,1,15,,42685,8,,,1,15,,42686,8,,,1,55,,42687,8,,,1,15,,42688,8,,,1,15,,42689,8,,,1
201,'20260813',613,,42690,8,,,1,30,,42691,8,,,1,15,,42692,8,,,1,55,,42693,8,,,1,15,,42694,8,,,1,15,,42695,8,,,1,15,,42696,8,,,1,55,,42697,8,,,1,15,,42698,8,,,1,15,,42699,8,,,1
201,'20260814',613,,42700,8,,,1,30,,42701,8,,,1,15,,42702,8,,,1,55,,42703,8,,,1,15,,42704,8,,,1,15,,42705,8,,,1,15,,42706,8,,,1,55,,42707,8,,,1,15,,42708,8,,,1,15,,42709,8,,,1
201,'20260818',613,,42720,8,,,1,30,,42721,8,,,1,15,,42722,8,,,1,55,,42723,8,,,1,15,,42724,8,,,1,15,,42725,8,,,1,15,,42726,8,,,1,55,,42727,8,,,1,15,,42728,8,,,1,15,,42729,8,,,1
201,'20260819',613,,42730,8,,,1,30,,42731,8,,,1,15,,42732,8,,,1,55,,42733,8,,,1,15,,42734,8,,,1,15,,42735,8,,,1,15,,42736,8,,,1,55,,42737,8,,,1,15,,42738,8,,,1,15,,42739,8,,,1
201,'20260820',613,,42740,8,,,1,30,,42741,8,,,1,15,,42742,8,,,1,55,,42743,8,,,1,15,,42744,8,,,1,15,,42745,8,,,1,15,,42746,8,,,1,55,,42747,8,,,1,15,,42748,8,,,1,15,,42749,8,,,1
201,'20260821',613,,42750,8,,,1,30,,42751,8,,,1,15,,42752,8,,,1,55,,42753,8,,,1,15,,42754,8,,,1,15,,42755,8,,,1,15,,42756,8,,,1,55,,42757,8,,,1,15,,42758,8,,,1,15,,42759,8,,,1
201,'20260825',613,,42770,8,,,1,30,,42771,8,,,1,15,,42772,8,,,1,55,,42773,8,,,1,15,,42774,8,,,1,15,,42775,8,,,1,15,,42776,8,,,1,55,,42777,8,,,1,15,,42778,8,,,1,15,,42779,8,,,1
201,'20260826',613,,42780,8,,,1,30,,42781,8,,,1,15,,42782,8,,,1,55,,42783,8,,,1,15,,42784,8,,,1,15,,42785,8,,,1,15,,42786,8,,,1,55,,42787,8,,,1,15,,42788,8,,,1,15,,42789,8,,,1
201,'20260827',613,,42790,8,,,1,30,,42791,8,,,1,15,,42792,8,,,1,55,,42793,8,,,1,15,,42794,8,,,1,15,,42795,8,,,1,15,,42796,8,,,1,55,,42797,8,,,1,15,,42798,8,,,1,15,,42799,8,,,1
201,'20260828',613,,42800,8,,,1,30,,42801,8,,,1,15,,42802,8,,,1,55,,42803,8,,,1,15,,42804,8,,,1,15,,42805,8,,,1,15,,42806,8,,,1,55,,42807,8,,,1,15,,42808,8,,,1,15,,42809,8,,,1
201,'20260901',613,,42820,8,,,1,30,,42821,8,,,1,15,,42822,8,,,1,55,,42823,8,,,1,15,,42824,8,,,1,15,,42825,8,,,1,15,,42826,8,,,1,55,,42827,8,,,1,15,,42828,8,,,1,15,,42829,8,,,1
201,'20260902',613,,42830,8,,,1,30,,42831,8,,,1,15,,42832,8,,,1,55,,42833,8,,,1,15,,42834,8,,,1,15,,42835,8,,,1,15,,42836,8,,,1,55,,42837,8,,,1,15,,42838,8,,,1,15,,42839,8,,,1
201,'20260903',613,,42840,8,,,1,30,,42841,8,,,1,15,,42842,8,,,1,55,,42843,8,,,1,15,,42844,8,,,1,15,,42845,8,,,1,15,,42846,8,,,1,55,,42847,8,,,1,15,,42848,8,,,1,15,,42849,8,,,1
201,'20260904',613,,42850,8,,,1,30,,42851,8,,,1,15,,42852,8,,,1,55,,42853,8,,,1,15,,42854,8,,,1,15,,42855,8,,,1,15,,42856,8,,,1,55,,42857,8,,,1,15,,42858,8,,,1,15,,42859,8,,,1
