500,'20260722',1044,,49514,22,,,1,101,,49503,22,4,,1,99,,49504,22,4,,1,100,,49505,22,4,,1,107,,49515,22,,,1,104,,49510,22,0,9,1,92,,49516,22,,,1,85,,49513,22,,,1,14,,49506,22,4,,1,56,,49511,22,,,1,15,,49512,22,,,1,30,,49517,22,,,1,97,,49507,22,4,,1,100,,49508,22,4,,1,100,,49509,22,4,,1,108,,49518,22,,,1,93,,49519,22,,,1
500,'20260723',1044,,49531,22,,,1,101,,49520,22,4,,1,99,,49521,22,4,,1,100,,49522,22,4,,1,107,,49532,22,,,1,104,,49527,22,0,9,1,92,,49533,22,,,1,85,,49530,22,,,1,14,,49523,22,4,,1,56,,49528,22,,,1,15,,49529,22,,,1,30,,49534,22,,,1,97,,49524,22,4,,1,100,,49525,22,4,,1,100,,49526,22,4,,1,108,,49535,22,,,1,93,,49536,22,,,1
500,'20260724',1044,,49548,22,,,1,101,,49537,22,4,,1,99,,49538,22,4,,1,100,,49539,22,4,,1,107,,49549,22,,,1,104,,49544,22,0,9,1,92,,49550,22,,,1,85,,49547,22,,,1,14,,49540,22,4,,1,56,,49545,22,,,1,15,,49546,22,,,1,30,,49551,22,,,1,97,,49541,22,4,,1,100,,49542,22,4,,1,100,,49543,22,4,,1,108,,49552,22,,,1,93,,49553,22,,,1
500,'20260727',1045,,49595,22,,,1,94,,49584,22,4,,1,102,,49585,22,4,,1,102,,49586,22,4,,1,109,,49596,22,,,1,104,,49591,22,0,9,1,92,,49597,22,,,1,85,,49594,22,,,1,14,,49587,22,4,,1,56,,49592,22,,,1,15,,49593,22,,,1,30,,49598,22,,,1,90,,49588,22,4,,1,102,,49589,22,4,,1,102,,49590,22,4,,1,111,,49599,22,,,1,93,,49600,22,,,1
500,'20260728',1044,,49612,22,,,1,101,,49601,22,4,,1,99,,49602,22,4,,1,100,,49603,22,4,,1,107,,49613,22,,,1,104,,49608,22,0,9,1,92,,49614,22,,,1,85,,49611,22,,,1,14,,49604,22,4,,1,56,,49609,22,,,1,15,,49610,22,,,1,30,,49615,22,,,1,97,,49605,22,4,,1,100,,49606,22,4,,1,100,,49607,22,4,,1,108,,49616,22,,,1,93,,49617,22,,,1
500,'20260729',1044,,49629,22,,,1,101,,49618,22,4,,1,99,,49619,22,4,,1,100,,49620,22,4,,1,107,,49630,22,,,1,104,,49625,22,0,9,1,92,,49631,22,,,1,85,,49628,22,,,1,14,,49621,22,4,,1,56,,49626,22,,,1,15,,49627,22,,,1,30,,49632,22,,,1,97,,49622,22,4,,1,100,,49623,22,4,,1,100,,49624,22,4,,1,108,,49633,22,,,1,93,,49634,22,,,1
500,'20260730',1044,,49646,22,,,1,101,,49635,22,4,,1,99,,49636,22,4,,1,100,,49637,22,4,,1,107,,49647,22,,,1,104,,49642,22,0,9,1,92,,49648,22,,,1,85,,49645,22,,,1,14,,49638,22,4,,1,56,,49643,22,,,1,15,,49644,22,,,1,30,,49649,22,,,1,97,,49639,22,4,,1,100,,49640,22,4,,1,100,,49641,22,4,,1,108,,49650,22,,,1,93,,49651,22,,,1
500,'20260731',1044,,49663,22,,,1,101,,49652,22,4,,1,99,,49653,22,4,,1,100,,49654,22,4,,1,107,,49664,22,,,1,104,,49659,22,0,9,1,92,,49665,22,,,1,85,,49662,22,,,1,14,,49655,22,4,,1,56,,49660,22,,,1,15,,49661,22,,,1,30,,49666,22,,,1,97,,49656,22,4,,1,100,,49657,22,4,,1,100,,49658,22,4,,1,108,,49667,22,,,1,93,,49668,22,,,1
500,'20260801',942,,49678,22,,,1,102,,49669,22,4,,1,100,,49670,22,4,,1,100,,49679,22,,,1,100,,49671,22,4,,1,100,,49672,22,4,,1,100,,49680,22,,,1,100,,49673,22,4,,1,100,,49674,22,4,,1,100,,49681,22,,,1,100,,49675,22,4,,1,100,,49676,22,4,,1,104,,49682,22,,,1,103,,49677,22,0,9,1,93,,49683,22,,,1
500,'20260802',942,,49693,22,,,1,102,,49684,22,4,,1,100,,49685,22,4,,1,100,,49694,22,,,1,100,,49686,22,4,,1,100,,49687,22,4,,1,100,,49695,22,,,1,100,,49688,22,4,,1,100,,49689,22,4,,1,100,,49696,22,,,1,100,,49690,22,4,,1,100,,49691,22,4,,1,104,,49697,22,,,1,103,,49692,22,0,9,1,93,,49698,22,,,1
500,'20260803',942,,64334,22,,,1,102,,64330,22,4,,1,100,,49699,22,4,,1,100,,64335,22,,,1,100,,49701,22,4,,1,100,,64331,22,4,,1,100,,64336,22,,,1,100,,64332,22,4,,1,100,,49702,22,4,,1,100,,49713,22,,,1,100,,49703,22,4,,1,100,,49704,22,4,,1,104,,64337,22,,,1,103,,64333,22,0,9,1,93,,49715,22,,,1
500,'20260804',1044,,49727,22,,,1,101,,49716,22,4,,1,99,,49717,22,4,,1,100,,49718,22,4,,1,107,,49728,22,,,1,104,,49723,22,0,9,1,92,,49729,22,,,1,85,,49726,22,,,1,14,,49719,22,4,,1,56,,49724,22,,,1,15,,49725,22,,,1,30,,49730,22,,,1,97,,49720,22,4,,1,100,,49721,22,4,,1,100,,49722,22,4,,1,108,,49731,22,,,1,93,,49732,22,,,1
500,'20260805',1044,,49744,22,,,1,101,,49733,22,4,,1,99,,49734,22,4,,1,100,,49735,22,4,,1,107,,49745,22,,,1,104,,49740,22,0,9,1,92,,49746,22,,,1,85,,49743,22,,,1,14,,49736,22,4,,1,56,,49741,22,,,1,15,,49742,22,,,1,30,,49747,22,,,1,97,,49737,22,4,,1,100,,49738,22,4,,1,100,,49739,22,4,,1,108,,49748,22,,,1,93,,49749,22,,,1
500,'20260806',1044,,49761,22,,,1,101,,49750,22,4,,1,99,,49751,22,4,,1,100,,49752,22,4,,1,107,,49762,22,,,1,104,,49757,22,0,9,1,92,,49763,22,,,1,85,,49760,22,,,1,14,,49753,22,4,,1,56,,49758,22,,,1,15,,49759,22,,,1,30,,49764,22,,,1,97,,49754,22,4,,1,100,,49755,22,4,,1,100,,49756,22,4,,1,108,,49765,22,,,1,93,,49766,22,,,1
500,'20260807',1044,,49778,22,,,1,101,,49767,22,4,,1,99,,49768,22,4,,1,100,,49769,22,4,,1,107,,49779,22,,,1,104,,49774,22,0,9,1,92,,49780,22,,,1,85,,49777,22,,,1,14,,49770,22,4,,1,56,,49775,22,,,1,15,,49776,22,,,1,30,,49781,22,,,1,97,,49771,22,4,,1,100,,49772,22,4,,1,100,,49773,22,4,,1,108,,49782,22,,,1,93,,49783,22,,,1
500,'20260808',942,,49793,22,,,1,102,,49784,22,4,,1,100,,49785,22,4,,1,100,,49794,22,,,1,100,,49786,22,4,,1,100,,49787,22,4,,1,100,,49795,22,,,1,100,,49788,22,4,,1,100,,49789,22,4,,1,100,,49796,22,,,1,100,,49790,22,4,,1,100,,49791,22,4,,1,104,,49797,22,,,1,103,,49792,22,0,9,1,93,,49798,22,,,1
500,'20260809',942,,49808,22,,,1,102,,49799,22,4,,1,100,,49800,22,4,,1,100,,49809,22,,,1,100,,49801,22,4,,1,100,,49802,22,4,,1,100,,49810,22,,,1,100,,49803,22,4,,1,100,,49804,22,4,,1,100,,49811,22,,,1,100,,49805,22,4,,1,100,,49806,22,4,,1,104,,49812,22,,,1,103,,49807,22,0,9,1,93,,49813,22,,,1
500,'20260810',1044,,65133,22,,,1,101,,49814,22,4,,1,99,,65127,22,4,,1,100,,49816,22,4,,1,107,,65134,22,,,1,104,,65129,22,0,9,1,92,,65135,22,,,1,85,,65132,22,,,1,14,,49817,22,4,,1,56,,65130,22,,,1,15,,65131,22,,,1,30,,49828,22,,,1,97,,49818,22,4,,1,100,,49819,22,4,,1,100,,65128,22,4,,1,108,,65136,22,,,1,93,,49830,22,,,1
500,'20260811',1044,,49842,22,,,1,101,,49831,22,4,,1,99,,49832,22,4,,1,100,,49833,22,4,,1,107,,49843,22,,,1,104,,49838,22,0,9,1,92,,49844,22,,,1,85,,49841,22,,,1,14,,49834,22,4,,1,56,,49839,22,,,1,15,,49840,22,,,1,30,,49845,22,,,1,97,,49835,22,4,,1,100,,49836,22,4,,1,100,,49837,22,4,,1,108,,49846,22,,,1,93,,49847,22,,,1
500,'20260812',1044,,49859,22,,,1,101,,49848,22,4,,1,99,,49849,22,4,,1,100,,49850,22,4,,1,107,,49860,22,,,1,104,,49855,22,0,9,1,92,,49861,22,,,1,85,,49858,22,,,1,14,,49851,22,4,,1,56,,49856,22,,,1,15,,49857,22,,,1,30,,49862,22,,,1,97,,49852,22,4,,1,100,,49853,22,4,,1,100,,49854,22,4,,1,108,,49863,22,,,1,93,,49864,22,,,1
500,'20260813',1044,,49876,22,,,1,101,,49865,22,4,,1,99,,49866,22,4,,1,100,,49867,22,4,,1,107,,49877,22,,,1,104,,49872,22,0,9,1,92,,49878,22,,,1,85,,49875,22,,,1,14,,49868,22,4,,1,56,,49873,22,,,1,15,,49874,22,,,1,30,,49879,22,,,1,97,,49869,22,4,,1,100,,49870,22,4,,1,100,,49871,22,4,,1,108,,49880,22,,,1,93,,49881,22,,,1
500,'20260814',1044,,49893,22,,,1,101,,49882,22,4,,1,99,,49883,22,4,,1,100,,49884,22,4,,1,107,,49894,22,,,1,104,,49889,22,0,9,1,92,,49895,22,,,1,85,,49892,22,,,1,14,,49885,22,4,,1,56,,49890,22,,,1,15,,49891,22,,,1,30,,49896,22,,,1,97,,49886,22,4,,1,100,,49887,22,4,,1,100,,49888,22,4,,1,108,,49897,22,,,1,93,,49898,22,,,1
500,'20260815',942,,49908,22,,,1,102,,49899,22,4,,1,100,,49900,22,4,,1,100,,49909,22,,,1,100,,49901,22,4,,1,100,,49902,22,4,,1,100,,49910,22,,,1,100,,49903,22,4,,1,100,,49904,22,4,,1,100,,49911,22,,,1,100,,49905,22,4,,1,100,,49906,22,4,,1,104,,49912,22,,,1,103,,49907,22,0,9,1,93,,49913,22,,,1
500,'20260816',942,,49923,22,,,1,102,,49914,22,4,,1,100,,49915,22,4,,1,100,,49924,22,,,1,100,,49916,22,4,,1,100,,49917,22,4,,1,100,,49925,22,,,1,100,,49918,22,4,,1,100,,49919,22,4,,1,100,,49926,22,,,1,100,,49920,22,4,,1,100,,49921,22,4,,1,104,,49927,22,,,1,103,,49922,22,0,9,1,93,,49928,22,,,1
500,'20260817',1044,,65143,22,,,1,101,,49929,22,4,,1,99,,65137,22,4,,1,100,,49931,22,4,,1,107,,65144,22,,,1,104,,65139,22,0,9,1,92,,65145,22,,,1,85,,65142,22,,,1,14,,49932,22,4,,1,56,,65140,22,,,1,15,,65141,22,,,1,30,,49943,22,,,1,97,,49933,22,4,,1,100,,49934,22,4,,1,100,,65138,22,4,,1,108,,65146,22,,,1,93,,49945,22,,,1
500,'20260818',1044,,49957,22,,,1,101,,49946,22,4,,1,99,,49947,22,4,,1,100,,49948,22,4,,1,107,,49958,22,,,1,104,,49953,22,0,9,1,92,,49959,22,,,1,85,,49956,22,,,1,14,,49949,22,4,,1,56,,49954,22,,,1,15,,49955,22,,,1,30,,49960,22,,,1,97,,49950,22,4,,1,100,,49951,22,4,,1,100,,49952,22,4,,1,108,,49961,22,,,1,93,,49962,22,,,1
500,'20260819',1044,,49974,22,,,1,101,,49963,22,4,,1,99,,49964,22,4,,1,100,,49965,22,4,,1,107,,49975,22,,,1,104,,49970,22,0,9,1,92,,49976,22,,,1,85,,49973,22,,,1,14,,49966,22,4,,1,56,,49971,22,,,1,15,,49972,22,,,1,30,,49977,22,,,1,97,,49967,22,4,,1,100,,49968,22,4,,1,100,,49969,22,4,,1,108,,49978,22,,,1,93,,49979,22,,,1
500,'20260820',1044,,49991,22,,,1,101,,49980,22,4,,1,99,,49981,22,4,,1,100,,49982,22,4,,1,107,,49992,22,,,1,104,,49987,22,0,9,1,92,,49993,22,,,1,85,,49990,22,,,1,14,,49983,22,4,,1,56,,49988,22,,,1,15,,49989,22,,,1,30,,49994,22,,,1,97,,49984,22,4,,1,100,,49985,22,4,,1,100,,49986,22,4,,1,108,,49995,22,,,1,93,,49996,22,,,1
500,'20260821',1044,,50008,22,,,1,101,,49997,22,4,,1,99,,49998,22,4,,1,100,,49999,22,4,,1,107,,50009,22,,,1,104,,50004,22,0,9,1,92,,50010,22,,,1,85,,50007,22,,,1,14,,50000,22,4,,1,56,,50005,22,,,1,15,,50006,22,,,1,30,,50011,22,,,1,97,,50001,22,4,,1,100,,50002,22,4,,1,100,,50003,22,4,,1,108,,50012,22,,,1,93,,50013,22,,,1
500,'20260822',942,,50023,22,,,1,102,,50014,22,4,,1,100,,50015,22,4,,1,100,,50024,22,,,1,100,,50016,22,4,,1,100,,50017,22,4,,1,100,,50025,22,,,1,100,,50018,22,4,,1,100,,50019,22,4,,1,100,,50026,22,,,1,100,,50020,22,4,,1,100,,50021,22,4,,1,104,,50027,22,,,1,103,,50022,22,0,9,1,93,,50028,22,,,1
500,'20260823',942,,50038,22,,,1,102,,50029,22,4,,1,100,,50030,22,4,,1,100,,50039,22,,,1,100,,50031,22,4,,1,100,,50032,22,4,,1,100,,50040,22,,,1,100,,50033,22,4,,1,100,,50034,22,4,,1,100,,50041,22,,,1,100,,50035,22,4,,1,100,,50036,22,4,,1,104,,50042,22,,,1,103,,50037,22,0,9,1,93,,50043,22,,,1
500,'20260824',1044,,65153,22,,,1,101,,50044,22,4,,1,99,,65147,22,4,,1,100,,50046,22,4,,1,107,,65154,22,,,1,104,,65149,22,0,9,1,92,,65155,22,,,1,85,,65152,22,,,1,14,,50047,22,4,,1,56,,65150,22,,,1,15,,65151,22,,,1,30,,50058,22,,,1,97,,50048,22,4,,1,100,,50049,22,4,,1,100,,65148,22,4,,1,108,,65156,22,,,1,93,,50060,22,,,1
500,'20260825',1044,,50072,22,,,1,101,,50061,22,4,,1,99,,50062,22,4,,1,100,,50063,22,4,,1,107,,50073,22,,,1,104,,50068,22,0,9,1,92,,50074,22,,,1,85,,50071,22,,,1,14,,50064,22,4,,1,56,,50069,22,,,1,15,,50070,22,,,1,30,,50075,22,,,1,97,,50065,22,4,,1,100,,50066,22,4,,1,100,,50067,22,4,,1,108,,50076,22,,,1,93,,50077,22,,,1
500,'20260826',1044,,50089,22,,,1,101,,50078,22,4,,1,99,,50079,22,4,,1,100,,50080,22,4,,1,107,,50090,22,,,1,104,,50085,22,0,9,1,92,,50091,22,,,1,85,,50088,22,,,1,14,,50081,22,4,,1,56,,50086,22,,,1,15,,50087,22,,,1,30,,50092,22,,,1,97,,50082,22,4,,1,100,,50083,22,4,,1,100,,50084,22,4,,1,108,,50093,22,,,1,93,,50094,22,,,1
500,'20260827',1044,,50106,22,,,1,101,,50095,22,4,,1,99,,50096,22,4,,1,100,,50097,22,4,,1,107,,50107,22,,,1,104,,50102,22,0,9,1,92,,50108,22,,,1,85,,50105,22,,,1,14,,50098,22,4,,1,56,,50103,22,,,1,15,,50104,22,,,1,30,,50109,22,,,1,97,,50099,22,4,,1,100,,50100,22,4,,1,100,,50101,22,4,,1,108,,50110,22,,,1,93,,50111,22,,,1
500,'20260828',1044,,50123,22,,,1,101,,50112,22,4,,1,99,,50113,22,4,,1,100,,50114,22,4,,1,107,,50124,22,,,1,104,,50119,22,0,9,1,92,,50125,22,,,1,85,,50122,22,,,1,14,,50115,22,4,,1,56,,50120,22,,,1,15,,50121,22,,,1,30,,50126,22,,,1,97,,50116,22,4,,1,100,,50117,22,4,,1,100,,50118,22,4,,1,108,,50127,22,,,1,93,,50128,22,,,1
500,'20260829',942,,50138,22,,,1,102,,50129,22,4,,1,100,,50130,22,4,,1,100,,50139,22,,,1,100,,50131,22,4,,1,100,,50132,22,4,,1,100,,50140,22,,,1,100,,50133,22,4,,1,100,,50134,22,4,,1,100,,50141,22,,,1,100,,50135,22,4,,1,100,,50136,22,4,,1,104,,50142,22,,,1,103,,50137,22,0,9,1,93,,50143,22,,,1
500,'20260830',942,,50153,22,,,1,102,,50144,22,4,,1,100,,50145,22,4,,1,100,,50154,22,,,1,100,,50146,22,4,,1,100,,50147,22,4,,1,100,,50155,22,,,1,100,,50148,22,4,,1,100,,50149,22,4,,1,100,,50156,22,,,1,100,,50150,22,4,,1,100,,50151,22,4,,1,104,,50157,22,,,1,103,,50152,22,0,9,1,93,,50158,22,,,1
500,'20260831',1044,,65163,22,,,1,101,,50159,22,4,,1,99,,65157,22,4,,1,100,,50161,22,4,,1,107,,65164,22,,,1,104,,65159,22,0,9,1,92,,65165,22,,,1,85,,65162,22,,,1,14,,50162,22,4,,1,56,,65160,22,,,1,15,,65161,22,,,1,30,,50173,22,,,1,97,,50163,22,4,,1,100,,50164,22,4,,1,100,,65158,22,4,,1,108,,65166,22,,,1,93,,50175,22,,,1
500,'20260901',1044,,50187,22,,,1,101,,50176,22,4,,1,99,,50177,22,4,,1,100,,50178,22,4,,1,107,,50188,22,,,1,104,,50183,22,0,9,1,92,,50189,22,,,1,85,,50186,22,,,1,14,,50179,22,4,,1,56,,50184,22,,,1,15,,50185,22,,,1,30,,50190,22,,,1,97,,50180,22,4,,1,100,,50181,22,4,,1,100,,50182,22,4,,1,108,,50191,22,,,1,93,,50192,22,,,1
500,'20260902',1044,,50204,22,,,1,101,,50193,22,4,,1,99,,50194,22,4,,1,100,,50195,22,4,,1,107,,50205,22,,,1,104,,50200,22,0,9,1,92,,50206,22,,,1,85,,50203,22,,,1,14,,50196,22,4,,1,56,,50201,22,,,1,15,,50202,22,,,1,30,,50207,22,,,1,97,,50197,22,4,,1,100,,50198,22,4,,1,100,,50199,22,4,,1,108,,50208,22,,,1,93,,50209,22,,,1
500,'20260903',1044,,50221,22,,,1,101,,50210,22,4,,1,99,,50211,22,4,,1,100,,50212,22,4,,1,107,,50222,22,,,1,104,,50217,22,0,9,1,92,,50223,22,,,1,85,,50220,22,,,1,14,,50213,22,4,,1,56,,50218,22,,,1,15,,50219,22,,,1,30,,50224,22,,,1,97,,50214,22,4,,1,100,,50215,22,4,,1,100,,50216,22,4,,1,108,,50225,22,,,1,93,,50226,22,,,1
500,'20260904',1044,,50238,22,,,1,101,,50227,22,4,,1,99,,50228,22,4,,1,100,,50229,22,4,,1,107,,50239,22,,,1,104,,50234,22,0,9,1,92,,50240,22,,,1,85,,50237,22,,,1,14,,50230,22,4,,1,56,,50235,22,,,1,15,,50236,22,,,1,30,,50241,22,,,1,97,,50231,22,4,,1,100,,50232,22,4,,1,100,,50233,22,4,,1,108,,50242,22,,,1,93,,50243,22,,,1
501,'20260722',538,,50922,7,,,1,68,,50923,14,,,1,30,,50925,14,,,1,70,,50924,14,,,1,20,,50915,1,,,1,20,,50926,14,,,1,55,,50927,14,,,1,53,,50928,14,,,1,100,,50929,14,,,1,103,,50916,1,,,1,98,,50917,1,,,1,100,,50918,1,,,1,146,,50930,14,,,1,103,,50919,1,,,1,451,,50920,1,,,1,100,,50921,1,,,1,147,,50931,14,,,1
501,'20260723',538,,50939,7,,,1,68,,50940,14,,,1,30,,50942,14,,,1,70,,50941,14,,,1,20,,50932,1,,,1,20,,50943,14,,,1,55,,50944,14,,,1,53,,50945,14,,,1,100,,50946,14,,,1,103,,50933,1,,,1,98,,50934,1,,,1,100,,50935,1,,,1,146,,50947,14,,,1,103,,50936,1,,,1,451,,50937,1,,,1,100,,50938,1,,,1,147,,50948,14,,,1
501,'20260724',538,,50956,7,,,1,68,,50957,14,,,1,30,,50959,14,,,1,70,,50958,14,,,1,20,,50949,1,,,1,20,,50960,14,,,1,55,,50961,14,,,1,53,,50962,14,,,1,100,,50963,14,,,1,103,,50950,1,,,1,98,,50951,1,,,1,100,,50952,1,,,1,146,,50964,14,,,1,103,,50953,1,,,1,451,,50954,1,,,1,100,,50955,1,,,1,147,,50965,14,,,1
501,'20260727',536,,51003,7,,,1,68,,51004,14,,,1,30,,51006,14,,,1,70,,51005,14,,,1,20,,50996,1,,,1,20,,51007,14,,,1,15,,51008,14,,,1,93,,51009,14,,,1,100,,51010,14,,,1,197,,50998,1,,,1,102,,50999,1,,,1,108,,51011,14,,,1,589,,51001,1,,,1,102,,51002,1,,,1,150,,51012,14,,,1
501,'20260728',538,,51020,7,,,1,68,,51021,14,,,1,30,,51023,14,,,1,70,,51022,14,,,1,20,,51013,1,,,1,20,,51024,14,,,1,55,,51025,14,,,1,53,,51026,14,,,1,100,,51027,14,,,1,103,,51014,1,,,1,98,,51015,1,,,1,100,,51016,1,,,1,146,,51028,14,,,1,103,,51017,1,,,1,451,,51018,1,,,1,100,,51019,1,,,1,147,,51029,14,,,1
501,'20260729',538,,51037,7,,,1,68,,51038,14,,,1,30,,51040,14,,,1,70,,51039,14,,,1,20,,51030,1,,,1,20,,51041,14,,,1,55,,51042,14,,,1,53,,51043,14,,,1,100,,51044,14,,,1,103,,51031,1,,,1,98,,51032,1,,,1,100,,51033,1,,,1,146,,51045,14,,,1,103,,51034,1,,,1,451,,51035,1,,,1,100,,51036,1,,,1,147,,51046,14,,,1
501,'20260730',538,,51054,7,,,1,68,,51055,14,,,1,30,,51057,14,,,1,70,,51056,14,,,1,20,,51047,1,,,1,20,,51058,14,,,1,55,,51059,14,,,1,53,,51060,14,,,1,100,,51061,14,,,1,103,,51048,1,,,1,98,,51049,1,,,1,100,,51050,1,,,1,146,,51062,14,,,1,103,,51051,1,,,1,451,,51052,1,,,1,100,,51053,1,,,1,147,,51063,14,,,1
501,'20260731',538,,51071,7,,,1,68,,51072,14,,,1,30,,51074,14,,,1,70,,51073,14,,,1,20,,51064,1,,,1,20,,51075,14,,,1,55,,51076,14,,,1,53,,51077,14,,,1,100,,51078,14,,,1,103,,51065,1,,,1,98,,51066,1,,,1,100,,51067,1,,,1,146,,51079,14,,,1,103,,51068,1,,,1,451,,51069,1,,,1,100,,51070,1,,,1,147,,51080,14,,,1
501,'20260801',752,,51090,14,,,1,100,,51091,14,,,1,103,,51081,1,,,1,100,,51082,1,,,1,101,,51092,14,,,1,99,,51083,1,,,1,100,,51084,1,,,1,101,,51093,14,,,1,99,,51085,1,,,1,100,,51086,1,,,1,101,,51094,14,,,1,99,,51087,1,,,1,100,,51088,1,,,1,104,,51095,14,,,1,144,,51089,1,,,1
501,'20260802',752,,51105,14,,,1,100,,51106,14,,,1,103,,51096,1,,,1,100,,51097,1,,,1,101,,51107,14,,,1,99,,51098,1,,,1,100,,51099,1,,,1,101,,51108,14,,,1,99,,51100,1,,,1,100,,51101,1,,,1,101,,51109,14,,,1,99,,51102,1,,,1,100,,51103,1,,,1,104,,51110,14,,,1,144,,51104,1,,,1
501,'20260803',752,,51122,14,,,1,100,,51124,14,,,1,103,,64370,1,,,1,100,,51112,1,,,1,101,,64376,14,,,1,99,,51114,1,,,1,100,,64371,1,,,1,101,,64377,14,,,1,99,,64372,1,,,1,100,,64373,1,,,1,101,,64378,14,,,1,99,,64374,1,,,1,100,,51116,1,,,1,104,,64379,14,,,1,144,,64375,1,,,1
501,'20260804',538,,51135,7,,,1,68,,51136,14,,,1,30,,51138,14,,,1,70,,51137,14,,,1,20,,51128,1,,,1,20,,51139,14,,,1,55,,51140,14,,,1,53,,51141,14,,,1,100,,51142,14,,,1,103,,51129,1,,,1,98,,51130,1,,,1,100,,51131,1,,,1,146,,51143,14,,,1,103,,51132,1,,,1,451,,51133,1,,,1,100,,51134,1,,,1,147,,51144,14,,,1
501,'20260805',538,,51152,7,,,1,68,,51153,14,,,1,30,,51155,14,,,1,70,,51154,14,,,1,20,,51145,1,,,1,20,,51156,14,,,1,55,,51157,14,,,1,53,,51158,14,,,1,100,,51159,14,,,1,103,,51146,1,,,1,98,,51147,1,,,1,100,,51148,1,,,1,146,,51160,14,,,1,103,,51149,1,,,1,451,,51150,1,,,1,100,,51151,1,,,1,147,,51161,14,,,1
501,'20260806',538,,51169,7,,,1,68,,51170,14,,,1,30,,51172,14,,,1,70,,51171,14,,,1,20,,51162,1,,,1,20,,51173,14,,,1,55,,51174,14,,,1,53,,51175,14,,,1,100,,51176,14,,,1,103,,51163,1,,,1,98,,51164,1,,,1,100,,51165,1,,,1,146,,51177,14,,,1,103,,51166,1,,,1,451,,51167,1,,,1,100,,51168,1,,,1,147,,51178,14,,,1
501,'20260807',538,,51186,7,,,1,68,,51187,14,,,1,30,,51189,14,,,1,70,,51188,14,,,1,20,,51179,1,,,1,20,,51190,14,,,1,55,,51191,14,,,1,53,,51192,14,,,1,100,,51193,14,,,1,103,,51180,1,,,1,98,,51181,1,,,1,100,,51182,1,,,1,146,,51194,14,,,1,103,,51183,1,,,1,451,,51184,1,,,1,100,,51185,1,,,1,147,,51195,14,,,1
501,'20260808',752,,51205,14,,,1,100,,51206,14,,,1,103,,51196,1,,,1,100,,51197,1,,,1,101,,51207,14,,,1,99,,51198,1,,,1,100,,51199,1,,,1,101,,51208,14,,,1,99,,51200,1,,,1,100,,51201,1,,,1,101,,51209,14,,,1,99,,51202,1,,,1,100,,51203,1,,,1,104,,51210,14,,,1,144,,51204,1,,,1
501,'20260809',752,,51220,14,,,1,100,,51221,14,,,1,103,,51211,1,,,1,100,,51212,1,,,1,101,,51222,14,,,1,99,,51213,1,,,1,100,,51214,1,,,1,101,,51223,14,,,1,99,,51215,1,,,1,100,,51216,1,,,1,101,,51224,14,,,1,99,,51217,1,,,1,100,,51218,1,,,1,104,,51225,14,,,1,144,,51219,1,,,1
501,'20260810',538,,65171,7,,,1,68,,65172,14,,,1,30,,65174,14,,,1,70,,65173,14,,,1,20,,65167,1,,,1,20,,51237,14,,,1,55,,65175,14,,,1,53,,51239,14,,,1,100,,65176,14,,,1,103,,51227,1,,,1,98,,65168,1,,,1,100,,51229,1,,,1,146,,65177,14,,,1,103,,65169,1,,,1,451,,51231,1,,,1,100,,65170,1,,,1,147,,65178,14,,,1
501,'20260811',538,,51250,7,,,1,68,,51251,14,,,1,30,,51253,14,,,1,70,,51252,14,,,1,20,,51243,1,,,1,20,,51254,14,,,1,55,,51255,14,,,1,53,,51256,14,,,1,100,,51257,14,,,1,103,,51244,1,,,1,98,,51245,1,,,1,100,,51246,1,,,1,146,,51258,14,,,1,103,,51247,1,,,1,451,,51248,1,,,1,100,,51249,1,,,1,147,,51259,14,,,1
501,'20260812',538,,51267,7,,,1,68,,51268,14,,,1,30,,51270,14,,,1,70,,51269,14,,,1,20,,51260,1,,,1,20,,51271,14,,,1,55,,51272,14,,,1,53,,51273,14,,,1,100,,51274,14,,,1,103,,51261,1,,,1,98,,51262,1,,,1,100,,51263,1,,,1,146,,51275,14,,,1,103,,51264,1,,,1,451,,51265,1,,,1,100,,51266,1,,,1,147,,51276,14,,,1
501,'20260813',538,,51284,7,,,1,68,,51285,14,,,1,30,,51287,14,,,1,70,,51286,14,,,1,20,,51277,1,,,1,20,,51288,14,,,1,55,,51289,14,,,1,53,,51290,14,,,1,100,,51291,14,,,1,103,,51278,1,,,1,98,,51279,1,,,1,100,,51280,1,,,1,146,,51292,14,,,1,103,,51281,1,,,1,451,,51282,1,,,1,100,,51283,1,,,1,147,,51293,14,,,1
501,'20260814',538,,51301,7,,,1,68,,51302,14,,,1,30,,51304,14,,,1,70,,51303,14,,,1,20,,51294,1,,,1,20,,51305,14,,,1,55,,51306,14,,,1,53,,51307,14,,,1,100,,51308,14,,,1,103,,51295,1,,,1,98,,51296,1,,,1,100,,51297,1,,,1,146,,51309,14,,,1,103,,51298,1,,,1,451,,51299,1,,,1,100,,51300,1,,,1,147,,51310,14,,,1
501,'20260815',752,,51320,14,,,1,100,,51321,14,,,1,103,,51311,1,,,1,100,,51312,1,,,1,101,,51322,14,,,1,99,,51313,1,,,1,100,,51314,1,,,1,101,,51323,14,,,1,99,,51315,1,,,1,100,,51316,1,,,1,101,,51324,14,,,1,99,,51317,1,,,1,100,,51318,1,,,1,104,,51325,14,,,1,144,,51319,1,,,1
501,'20260816',752,,51335,14,,,1,100,,51336,14,,,1,103,,51326,1,,,1,100,,51327,1,,,1,101,,51337,14,,,1,99,,51328,1,,,1,100,,51329,1,,,1,101,,51338,14,,,1,99,,51330,1,,,1,100,,51331,1,,,1,101,,51339,14,,,1,99,,51332,1,,,1,100,,51333,1,,,1,104,,51340,14,,,1,144,,51334,1,,,1
501,'20260817',538,,65183,7,,,1,68,,65184,14,,,1,30,,65186,14,,,1,70,,65185,14,,,1,20,,65179,1,,,1,20,,51352,14,,,1,55,,65187,14,,,1,53,,51354,14,,,1,100,,65188,14,,,1,103,,51342,1,,,1,98,,65180,1,,,1,100,,51344,1,,,1,146,,65189,14,,,1,103,,65181,1,,,1,451,,51346,1,,,1,100,,65182,1,,,1,147,,65190,14,,,1
501,'20260818',538,,51365,7,,,1,68,,51366,14,,,1,30,,51368,14,,,1,70,,51367,14,,,1,20,,51358,1,,,1,20,,51369,14,,,1,55,,51370,14,,,1,53,,51371,14,,,1,100,,51372,14,,,1,103,,51359,1,,,1,98,,51360,1,,,1,100,,51361,1,,,1,146,,51373,14,,,1,103,,51362,1,,,1,451,,51363,1,,,1,100,,51364,1,,,1,147,,51374,14,,,1
501,'20260819',538,,51382,7,,,1,68,,51383,14,,,1,30,,51385,14,,,1,70,,51384,14,,,1,20,,51375,1,,,1,20,,51386,14,,,1,55,,51387,14,,,1,53,,51388,14,,,1,100,,51389,14,,,1,103,,51376,1,,,1,98,,51377,1,,,1,100,,51378,1,,,1,146,,51390,14,,,1,103,,51379,1,,,1,451,,51380,1,,,1,100,,51381,1,,,1,147,,51391,14,,,1
501,'20260820',538,,51399,7,,,1,68,,51400,14,,,1,30,,51402,14,,,1,70,,51401,14,,,1,20,,51392,1,,,1,20,,51403,14,,,1,55,,51404,14,,,1,53,,51405,14,,,1,100,,51406,14,,,1,103,,51393,1,,,1,98,,51394,1,,,1,100,,51395,1,,,1,146,,51407,14,,,1,103,,51396,1,,,1,451,,51397,1,,,1,100,,51398,1,,,1,147,,51408,14,,,1
501,'20260821',538,,51416,7,,,1,68,,51417,14,,,1,30,,51419,14,,,1,70,,51418,14,,,1,20,,51409,1,,,1,20,,51420,14,,,1,55,,51421,14,,,1,53,,51422,14,,,1,100,,51423,14,,,1,103,,51410,1,,,1,98,,51411,1,,,1,100,,51412,1,,,1,146,,51424,14,,,1,103,,51413,1,,,1,451,,51414,1,,,1,100,,51415,1,,,1,147,,51425,14,,,1
501,'20260822',752,,51435,14,,,1,100,,51436,14,,,1,103,,51426,1,,,1,100,,51427,1,,,1,101,,51437,14,,,1,99,,51428,1,,,1,100,,51429,1,,,1,101,,51438,14,,,1,99,,51430,1,,,1,100,,51431,1,,,1,101,,51439,14,,,1,99,,51432,1,,,1,100,,51433,1,,,1,104,,51440,14,,,1,144,,51434,1,,,1
501,'20260823',752,,51450,14,,,1,100,,51451,14,,,1,103,,51441,1,,,1,100,,51442,1,,,1,101,,51452,14,,,1,99,,51443,1,,,1,100,,51444,1,,,1,101,,51453,14,,,1,99,,51445,1,,,1,100,,51446,1,,,1,101,,51454,14,,,1,99,,51447,1,,,1,100,,51448,1,,,1,104,,51455,14,,,1,144,,51449,1,,,1
501,'20260824',538,,65195,7,,,1,68,,65196,14,,,1,30,,65198,14,,,1,70,,65197,14,,,1,20,,65191,1,,,1,20,,51467,14,,,1,55,,65199,14,,,1,53,,51469,14,,,1,100,,65200,14,,,1,103,,51457,1,,,1,98,,65192,1,,,1,100,,51459,1,,,1,146,,65201,14,,,1,103,,65193,1,,,1,451,,51461,1,,,1,100,,65194,1,,,1,147,,65202,14,,,1
501,'20260825',538,,51480,7,,,1,68,,51481,14,,,1,30,,51483,14,,,1,70,,51482,14,,,1,20,,51473,1,,,1,20,,51484,14,,,1,55,,51485,14,,,1,53,,51486,14,,,1,100,,51487,14,,,1,103,,51474,1,,,1,98,,51475,1,,,1,100,,51476,1,,,1,146,,51488,14,,,1,103,,51477,1,,,1,451,,51478,1,,,1,100,,51479,1,,,1,147,,51489,14,,,1
501,'20260826',538,,51497,7,,,1,68,,51498,14,,,1,30,,51500,14,,,1,70,,51499,14,,,1,20,,51490,1,,,1,20,,51501,14,,,1,55,,51502,14,,,1,53,,51503,14,,,1,100,,51504,14,,,1,103,,51491,1,,,1,98,,51492,1,,,1,100,,51493,1,,,1,146,,51505,14,,,1,103,,51494,1,,,1,451,,51495,1,,,1,100,,51496,1,,,1,147,,51506,14,,,1
501,'20260827',538,,51514,7,,,1,68,,51515,14,,,1,30,,51517,14,,,1,70,,51516,14,,,1,20,,51507,1,,,1,20,,51518,14,,,1,55,,51519,14,,,1,53,,51520,14,,,1,100,,51521,14,,,1,103,,51508,1,,,1,98,,51509,1,,,1,100,,51510,1,,,1,146,,51522,14,,,1,103,,51511,1,,,1,451,,51512,1,,,1,100,,51513,1,,,1,147,,51523,14,,,1
501,'20260828',538,,51531,7,,,1,68,,51532,14,,,1,30,,51534,14,,,1,70,,51533,14,,,1,20,,51524,1,,,1,20,,51535,14,,,1,55,,51536,14,,,1,53,,51537,14,,,1,100,,51538,14,,,1,103,,51525,1,,,1,98,,51526,1,,,1,100,,51527,1,,,1,146,,51539,14,,,1,103,,51528,1,,,1,451,,51529,1,,,1,100,,51530,1,,,1,147,,51540,14,,,1
501,'20260829',752,,51550,14,,,1,100,,51551,14,,,1,103,,51541,1,,,1,100,,51542,1,,,1,101,,51552,14,,,1,99,,51543,1,,,1,100,,51544,1,,,1,101,,51553,14,,,1,99,,51545,1,,,1,100,,51546,1,,,1,101,,51554,14,,,1,99,,51547,1,,,1,100,,51548,1,,,1,104,,51555,14,,,1,144,,51549,1,,,1
501,'20260830',752,,51565,14,,,1,100,,51566,14,,,1,103,,51556,1,,,1,100,,51557,1,,,1,101,,51567,14,,,1,99,,51558,1,,,1,100,,51559,1,,,1,101,,51568,14,,,1,99,,51560,1,,,1,100,,51561,1,,,1,101,,51569,14,,,1,99,,51562,1,,,1,100,,51563,1,,,1,104,,51570,14,,,1,144,,51564,1,,,1
501,'20260831',538,,65207,7,,,1,68,,65208,14,,,1,30,,65210,14,,,1,70,,65209,14,,,1,20,,65203,1,,,1,20,,51582,14,,,1,55,,65211,14,,,1,53,,51584,14,,,1,100,,65212,14,,,1,103,,51572,1,,,1,98,,65204,1,,,1,100,,51574,1,,,1,146,,65213,14,,,1,103,,65205,1,,,1,451,,51576,1,,,1,100,,65206,1,,,1,147,,65214,14,,,1
501,'20260901',538,,51595,7,,,1,68,,51596,14,,,1,30,,51598,14,,,1,70,,51597,14,,,1,20,,51588,1,,,1,20,,51599,14,,,1,55,,51600,14,,,1,53,,51601,14,,,1,100,,51602,14,,,1,103,,51589,1,,,1,98,,51590,1,,,1,100,,51591,1,,,1,146,,51603,14,,,1,103,,51592,1,,,1,451,,51593,1,,,1,100,,51594,1,,,1,147,,51604,14,,,1
501,'20260902',538,,51612,7,,,1,68,,51613,14,,,1,30,,51615,14,,,1,70,,51614,14,,,1,20,,51605,1,,,1,20,,51616,14,,,1,55,,51617,14,,,1,53,,51618,14,,,1,100,,51619,14,,,1,103,,51606,1,,,1,98,,51607,1,,,1,100,,51608,1,,,1,146,,51620,14,,,1,103,,51609,1,,,1,451,,51610,1,,,1,100,,51611,1,,,1,147,,51621,14,,,1
501,'20260903',538,,51629,7,,,1,68,,51630,14,,,1,30,,51632,14,,,1,70,,51631,14,,,1,20,,51622,1,,,1,20,,51633,14,,,1,55,,51634,14,,,1,53,,51635,14,,,1,100,,51636,14,,,1,103,,51623,1,,,1,98,,51624,1,,,1,100,,51625,1,,,1,146,,51637,14,,,1,103,,51626,1,,,1,451,,51627,1,,,1,100,,51628,1,,,1,147,,51638,14,,,1
501,'20260904',538,,51646,7,,,1,68,,51647,14,,,1,30,,51649,14,,,1,70,,51648,14,,,1,20,,51639,1,,,1,20,,51650,14,,,1,55,,51651,14,,,1,53,,51652,14,,,1,100,,51653,14,,,1,103,,51640,1,,,1,98,,51641,1,,,1,100,,51642,1,,,1,146,,51654,14,,,1,103,,51643,1,,,1,451,,51644,1,,,1,100,,51645,1,,,1,147,,51655,14,,,1
