900,'20260305',701,,29808,,,1,30,,29829,,,1,77,,29809,,,1,27,,29830,,,1,70,,29810,,,1,30,,29831,,,1,70,,29811,,,1,41,,29834,,,1,70,,29814,,,1,30,,29835,,,1,70,,29815,,,1,30,,29836,,,1,70,,29816,,,1,30,,29837,,,1,70,,29817,,,1,30,,29838,,,1,70,,29818,,,1,30,,29839,,,1,71,,29819,,,1,30,,29840,,,1,53,,29812,,,1,10,,29849,4,,1,10,,29820,,,1,10,,29832,,,1,10,,29851,4,,1,10,,29841,,,1,50,,29813,,,1,10,,29850,4,,1,10,,29821,,,1,12,,29833,,,1,15,,29842,,,1,70,,29822,,,1,30,,29843,,,1,70,,29823,,,1,29,,29844,,,1,70,,29824,,,1,30,,29845,,,1,70,,29825,,,1,30,,29846,,,1,70,,29826,,,1,30,,29847,,,1,72,,29827,,,1,28,,29848,,,1,70,,29828,,,1
900,'20260306',701,,29852,,,1,30,,29873,,,1,77,,29853,,,1,27,,29874,,,1,70,,29854,,,1,30,,29875,,,1,70,,29855,,,1,41,,29878,,,1,70,,29858,,,1,30,,29879,,,1,70,,29859,,,1,30,,29880,,,1,70,,29860,,,1,30,,29881,,,1,70,,29861,,,1,30,,29882,,,1,70,,29862,,,1,30,,29883,,,1,71,,29863,,,1,30,,29884,,,1,53,,29856,,,1,10,,29894,4,,1,10,,29864,,,1,10,,29876,,,1,10,,29896,4,,1,10,,29885,,,1,50,,29857,,,1,10,,29895,4,,1,10,,29865,,,1,12,,29877,,,1,15,,29886,,,1,70,,29866,,,1,30,,29887,,,1,70,,29867,,,1,29,,29888,,,1,70,,29868,,,1,30,,29889,,,1,70,,29869,,,1,30,,29890,,,1,70,,29870,,,1,30,,29891,,,1,72,,29871,,,1,28,,29892,,,1,70,,29872,,,1,30,,29893,,,1
900,'20260307',946,,29913,,,1,70,,29897,,,1,30,,29914,,,1,70,,29898,,,1,30,,29915,,,1,70,,29899,,,1,30,,29916,,,1,70,,29900,,,1,30,,29917,,,1,70,,29901,,,1,30,,29918,,,1,70,,29902,,,1,30,,29919,,,1,70,,29903,,,1,30,,29920,,,1,70,,29904,,,1,30,,29921,,,1,70,,29905,,,1,30,,29922,,,1,70,,29906,,,1,30,,29923,,,1,70,,29907,,,1,30,,29924,,,1,70,,29908,,,1,30,,29925,,,1,70,,29909,,,1,30,,29926,,,1,70,,29910,,,1,30,,29927,,,1,70,,29911,,,1,30,,29928,,,1,70,,29912,,,1,30,,29929,,,1
900,'20260308',946,,29946,,,1,70,,29930,,,1,30,,29947,,,1,70,,29931,,,1,30,,29948,,,1,70,,29932,,,1,30,,29949,,,1,70,,29933,,,1,30,,29950,,,1,70,,29934,,,1,30,,29951,,,1,70,,29935,,,1,30,,29952,,,1,70,,29936,,,1,30,,29953,,,1,70,,29937,,,1,30,,29954,,,1,70,,29938,,,1,30,,29955,,,1,70,,29939,,,1,30,,29956,,,1,70,,29940,,,1,30,,29957,,,1,70,,29941,,,1,30,,29958,,,1,70,,29942,,,1,30,,29959,,,1,70,,29943,,,1,30,,29960,,,1,70,,29944,,,1,30,,29961,,,1,70,,29945,,,1
900,'20260309',701,,29962,,,1,30,,29983,,,1,77,,29963,,,1,27,,29984,,,1,70,,29964,,,1,30,,29985,,,1,70,,29965,,,1,41,,29988,,,1,70,,29968,,,1,30,,29989,,,1,70,,29969,,,1,30,,29990,,,1,70,,29970,,,1,30,,29991,,,1,70,,29971,,,1,30,,29992,,,1,70,,29972,,,1,30,,29993,,,1,71,,29973,,,1,30,,29994,,,1,53,,29966,,,1,10,,30003,4,,1,10,,29974,,,1,10,,29986,,,1,10,,30005,4,,1,10,,29995,,,1,50,,29967,,,1,10,,30004,4,,1,10,,29975,,,1,12,,29987,,,1,15,,29996,,,1,70,,29976,,,1,30,,29997,,,1,70,,29977,,,1,29,,29998,,,1,70,,29978,,,1,30,,29999,,,1,70,,29979,,,1,30,,30000,,,1,70,,29980,,,1,30,,30001,,,1,72,,29981,,,1,28,,30002,,,1,70,,29982,,,1
900,'20260310',701,,30006,,,1,30,,30027,,,1,77,,30007,,,1,27,,30028,,,1,70,,30008,,,1,30,,30029,,,1,70,,30009,,,1,41,,30032,,,1,70,,30012,,,1,30,,30033,,,1,70,,30013,,,1,30,,30034,,,1,70,,30014,,,1,30,,30035,,,1,70,,30015,,,1,30,,30036,,,1,70,,30016,,,1,30,,30037,,,1,71,,30017,,,1,30,,30038,,,1,53,,30010,,,1,10,,30047,4,,1,10,,30018,,,1,10,,30030,,,1,10,,30049,4,,1,10,,30039,,,1,50,,30011,,,1,10,,30048,4,,1,10,,30019,,,1,12,,30031,,,1,15,,30040,,,1,70,,30020,,,1,30,,30041,,,1,70,,30021,,,1,29,,30042,,,1,70,,30022,,,1,30,,30043,,,1,70,,30023,,,1,30,,30044,,,1,70,,30024,,,1,30,,30045,,,1,72,,30025,,,1,28,,30046,,,1,70,,30026,,,1
900,'20260311',701,,30050,,,1,30,,30071,,,1,77,,30051,,,1,27,,30072,,,1,70,,30052,,,1,30,,30073,,,1,70,,30053,,,1,41,,30076,,,1,70,,30056,,,1,30,,30077,,,1,70,,30057,,,1,30,,30078,,,1,70,,30058,,,1,30,,30079,,,1,70,,30059,,,1,30,,30080,,,1,70,,30060,,,1,30,,30081,,,1,71,,30061,,,1,30,,30082,,,1,53,,30054,,,1,10,,30091,4,,1,10,,30062,,,1,10,,30074,,,1,10,,30093,4,,1,10,,30083,,,1,50,,30055,,,1,10,,30092,4,,1,10,,30063,,,1,12,,30075,,,1,15,,30084,,,1,70,,30064,,,1,30,,30085,,,1,70,,30065,,,1,29,,30086,,,1,70,,30066,,,1,30,,30087,,,1,70,,30067,,,1,30,,30088,,,1,70,,30068,,,1,30,,30089,,,1,72,,30069,,,1,28,,30090,,,1,70,,30070,,,1
900,'20260312',701,,30094,,,1,30,,30115,,,1,77,,30095,,,1,27,,30116,,,1,70,,30096,,,1,30,,30117,,,1,70,,30097,,,1,41,,30120,,,1,70,,30100,,,1,30,,30121,,,1,70,,30101,,,1,30,,30122,,,1,70,,30102,,,1,30,,30123,,,1,70,,30103,,,1,30,,30124,,,1,70,,30104,,,1,30,,30125,,,1,71,,30105,,,1,30,,30126,,,1,53,,30098,,,1,10,,30135,4,,1,10,,30106,,,1,10,,30118,,,1,10,,30137,4,,1,10,,30127,,,1,50,,30099,,,1,10,,30136,4,,1,10,,30107,,,1,12,,30119,,,1,15,,30128,,,1,70,,30108,,,1,30,,30129,,,1,70,,30109,,,1,29,,30130,,,1,70,,30110,,,1,30,,30131,,,1,70,,30111,,,1,30,,30132,,,1,70,,30112,,,1,30,,30133,,,1,72,,30113,,,1,28,,30134,,,1,70,,30114,,,1
900,'20260313',701,,30138,,,1,30,,30159,,,1,77,,30139,,,1,27,,30160,,,1,70,,30140,,,1,30,,30161,,,1,70,,30141,,,1,41,,30164,,,1,70,,30144,,,1,30,,30165,,,1,70,,30145,,,1,30,,30166,,,1,70,,30146,,,1,30,,30167,,,1,70,,30147,,,1,30,,30168,,,1,70,,30148,,,1,30,,30169,,,1,71,,30149,,,1,30,,30170,,,1,53,,30142,,,1,10,,30180,4,,1,10,,30150,,,1,10,,30162,,,1,10,,30182,4,,1,10,,30171,,,1,50,,30143,,,1,10,,30181,4,,1,10,,30151,,,1,12,,30163,,,1,15,,30172,,,1,70,,30152,,,1,30,,30173,,,1,70,,30153,,,1,29,,30174,,,1,70,,30154,,,1,30,,30175,,,1,70,,30155,,,1,30,,30176,,,1,70,,30156,,,1,30,,30177,,,1,72,,30157,,,1,28,,30178,,,1,70,,30158,,,1,30,,30179,,,1
900,'20260314',946,,30199,,,1,70,,30183,,,1,30,,30200,,,1,70,,30184,,,1,30,,30201,,,1,70,,30185,,,1,30,,30202,,,1,70,,30186,,,1,30,,30203,,,1,70,,30187,,,1,30,,30204,,,1,70,,30188,,,1,30,,30205,,,1,70,,30189,,,1,30,,30206,,,1,70,,30190,,,1,30,,30207,,,1,70,,30191,,,1,30,,30208,,,1,70,,30192,,,1,30,,30209,,,1,70,,30193,,,1,30,,30210,,,1,70,,30194,,,1,30,,30211,,,1,70,,30195,,,1,30,,30212,,,1,70,,30196,,,1,30,,30213,,,1,70,,30197,,,1,30,,30214,,,1,70,,30198,,,1,30,,30215,,,1
900,'20260315',946,,30232,,,1,70,,30216,,,1,30,,30233,,,1,70,,30217,,,1,30,,30234,,,1,70,,30218,,,1,30,,30235,,,1,70,,30219,,,1,30,,30236,,,1,70,,30220,,,1,30,,30237,,,1,70,,30221,,,1,30,,30238,,,1,70,,30222,,,1,30,,30239,,,1,70,,30223,,,1,30,,30240,,,1,70,,30224,,,1,30,,30241,,,1,70,,30225,,,1,30,,30242,,,1,70,,30226,,,1,30,,30243,,,1,70,,30227,,,1,30,,30244,,,1,70,,30228,,,1,30,,30245,,,1,70,,30229,,,1,30,,30246,,,1,70,,30230,,,1,30,,30247,,,1,70,,30231,,,1
900,'20260316',701,,30248,,,1,30,,30269,,,1,77,,30249,,,1,27,,30270,,,1,70,,30250,,,1,30,,30271,,,1,70,,30251,,,1,41,,30274,,,1,70,,30254,,,1,30,,30275,,,1,70,,30255,,,1,30,,30276,,,1,70,,30256,,,1,30,,30277,,,1,70,,30257,,,1,30,,30278,,,1,70,,30258,,,1,30,,30279,,,1,71,,30259,,,1,30,,30280,,,1,53,,30252,,,1,10,,30289,4,,1,10,,30260,,,1,10,,30272,,,1,10,,30291,4,,1,10,,30281,,,1,50,,30253,,,1,10,,30290,4,,1,10,,30261,,,1,12,,30273,,,1,15,,30282,,,1,70,,30262,,,1,30,,30283,,,1,70,,30263,,,1,29,,30284,,,1,70,,30264,,,1,30,,30285,,,1,70,,30265,,,1,30,,30286,,,1,70,,30266,,,1,30,,30287,,,1,72,,30267,,,1,28,,30288,,,1,70,,30268,,,1
900,'20260317',701,,30292,,,1,30,,30313,,,1,77,,30293,,,1,27,,30314,,,1,70,,30294,,,1,30,,30315,,,1,70,,30295,,,1,41,,30318,,,1,70,,30298,,,1,30,,30319,,,1,70,,30299,,,1,30,,30320,,,1,70,,30300,,,1,30,,30321,,,1,70,,30301,,,1,30,,30322,,,1,70,,30302,,,1,30,,30323,,,1,71,,30303,,,1,30,,30324,,,1,53,,30296,,,1,10,,30333,4,,1,10,,30304,,,1,10,,30316,,,1,10,,30335,4,,1,10,,30325,,,1,50,,30297,,,1,10,,30334,4,,1,10,,30305,,,1,12,,30317,,,1,15,,30326,,,1,70,,30306,,,1,30,,30327,,,1,70,,30307,,,1,29,,30328,,,1,70,,30308,,,1,30,,30329,,,1,70,,30309,,,1,30,,30330,,,1,70,,30310,,,1,30,,30331,,,1,72,,30311,,,1,28,,30332,,,1,70,,30312,,,1
900,'20260318',701,,30336,,,1,30,,30357,,,1,77,,30337,,,1,27,,30358,,,1,70,,30338,,,1,30,,30359,,,1,70,,30339,,,1,41,,30362,,,1,70,,30342,,,1,30,,30363,,,1,70,,30343,,,1,30,,30364,,,1,70,,30344,,,1,30,,30365,,,1,70,,30345,,,1,30,,30366,,,1,70,,30346,,,1,30,,30367,,,1,71,,30347,,,1,30,,30368,,,1,53,,30340,,,1,10,,30377,4,,1,10,,30348,,,1,10,,30360,,,1,10,,30379,4,,1,10,,30369,,,1,50,,30341,,,1,10,,30378,4,,1,10,,30349,,,1,12,,30361,,,1,15,,30370,,,1,70,,30350,,,1,30,,30371,,,1,70,,30351,,,1,29,,30372,,,1,70,,30352,,,1,30,,30373,,,1,70,,30353,,,1,30,,30374,,,1,70,,30354,,,1,30,,30375,,,1,72,,30355,,,1,28,,30376,,,1,70,,30356,,,1
900,'20260319',701,,30380,,,1,30,,30401,,,1,77,,30381,,,1,27,,30402,,,1,70,,30382,,,1,30,,30403,,,1,70,,30383,,,1,41,,30406,,,1,70,,30386,,,1,30,,30407,,,1,70,,30387,,,1,30,,30408,,,1,70,,30388,,,1,30,,30409,,,1,70,,30389,,,1,30,,30410,,,1,70,,30390,,,1,30,,30411,,,1,71,,30391,,,1,30,,30412,,,1,53,,30384,,,1,10,,30421,4,,1,10,,30392,,,1,10,,30404,,,1,10,,30423,4,,1,10,,30413,,,1,50,,30385,,,1,10,,30422,4,,1,10,,30393,,,1,12,,30405,,,1,15,,30414,,,1,70,,30394,,,1,30,,30415,,,1,70,,30395,,,1,29,,30416,,,1,70,,30396,,,1,30,,30417,,,1,70,,30397,,,1,30,,30418,,,1,70,,30398,,,1,30,,30419,,,1,72,,30399,,,1,28,,30420,,,1,70,,30400,,,1
900,'20260320',701,,30424,,,1,30,,30445,,,1,77,,30425,,,1,27,,30446,,,1,70,,30426,,,1,30,,30447,,,1,70,,30427,,,1,41,,30450,,,1,70,,30430,,,1,30,,30451,,,1,70,,30431,,,1,30,,30452,,,1,70,,30432,,,1,30,,30453,,,1,70,,30433,,,1,30,,30454,,,1,70,,30434,,,1,30,,30455,,,1,71,,30435,,,1,30,,30456,,,1,53,,30428,,,1,10,,30466,4,,1,10,,30436,,,1,10,,30448,,,1,10,,30468,4,,1,10,,30457,,,1,50,,30429,,,1,10,,30467,4,,1,10,,30437,,,1,12,,30449,,,1,15,,30458,,,1,70,,30438,,,1,30,,30459,,,1,70,,30439,,,1,29,,30460,,,1,70,,30440,,,1,30,,30461,,,1,70,,30441,,,1,30,,30462,,,1,70,,30442,,,1,30,,30463,,,1,72,,30443,,,1,28,,30464,,,1,70,,30444,,,1,30,,30465,,,1
900,'20260321',946,,30485,,,1,70,,30469,,,1,30,,30486,,,1,70,,30470,,,1,30,,30487,,,1,70,,30471,,,1,30,,30488,,,1,70,,30472,,,1,30,,30489,,,1,70,,30473,,,1,30,,30490,,,1,70,,30474,,,1,30,,30491,,,1,70,,30475,,,1,30,,30492,,,1,70,,30476,,,1,30,,30493,,,1,70,,30477,,,1,30,,30494,,,1,70,,30478,,,1,30,,30495,,,1,70,,30479,,,1,30,,30496,,,1,70,,30480,,,1,30,,30497,,,1,70,,30481,,,1,30,,30498,,,1,70,,30482,,,1,30,,30499,,,1,70,,30483,,,1,30,,30500,,,1,70,,30484,,,1,30,,30501,,,1
900,'20260322',946,,30518,,,1,70,,30502,,,1,30,,30519,,,1,70,,30503,,,1,30,,30520,,,1,70,,30504,,,1,30,,30521,,,1,70,,30505,,,1,30,,30522,,,1,70,,30506,,,1,30,,30523,,,1,70,,30507,,,1,30,,30524,,,1,70,,30508,,,1,30,,30525,,,1,70,,30509,,,1,30,,30526,,,1,70,,30510,,,1,30,,30527,,,1,70,,30511,,,1,30,,30528,,,1,70,,30512,,,1,30,,30529,,,1,70,,30513,,,1,30,,30530,,,1,70,,30514,,,1,30,,30531,,,1,70,,30515,,,1,30,,30532,,,1,70,,30516,,,1,30,,30533,,,1,70,,30517,,,1
900,'20260323',701,,30534,,,1,30,,30555,,,1,77,,30535,,,1,27,,30556,,,1,70,,30536,,,1,30,,30557,,,1,70,,30537,,,1,41,,30560,,,1,70,,30540,,,1,30,,30561,,,1,70,,30541,,,1,30,,30562,,,1,70,,30542,,,1,30,,30563,,,1,70,,30543,,,1,30,,30564,,,1,70,,30544,,,1,30,,30565,,,1,71,,30545,,,1,30,,30566,,,1,53,,30538,,,1,10,,30575,4,,1,10,,30546,,,1,10,,30558,,,1,10,,30577,4,,1,10,,30567,,,1,50,,30539,,,1,10,,30576,4,,1,10,,30547,,,1,12,,30559,,,1,15,,30568,,,1,70,,30548,,,1,30,,30569,,,1,70,,30549,,,1,29,,30570,,,1,70,,30550,,,1,30,,30571,,,1,70,,30551,,,1,30,,30572,,,1,70,,30552,,,1,30,,30573,,,1,72,,30553,,,1,28,,30574,,,1,70,,30554,,,1
900,'20260324',701,,30578,,,1,30,,30599,,,1,77,,30579,,,1,27,,30600,,,1,70,,30580,,,1,30,,30601,,,1,70,,30581,,,1,41,,30604,,,1,70,,30584,,,1,30,,30605,,,1,70,,30585,,,1,30,,30606,,,1,70,,30586,,,1,30,,30607,,,1,70,,30587,,,1,30,,30608,,,1,70,,30588,,,1,30,,30609,,,1,71,,30589,,,1,30,,30610,,,1,53,,30582,,,1,10,,30619,4,,1,10,,30590,,,1,10,,30602,,,1,10,,30621,4,,1,10,,30611,,,1,50,,30583,,,1,10,,30620,4,,1,10,,30591,,,1,12,,30603,,,1,15,,30612,,,1,70,,30592,,,1,30,,30613,,,1,70,,30593,,,1,29,,30614,,,1,70,,30594,,,1,30,,30615,,,1,70,,30595,,,1,30,,30616,,,1,70,,30596,,,1,30,,30617,,,1,72,,30597,,,1,28,,30618,,,1,70,,30598,,,1
900,'20260325',701,,30622,,,1,30,,30643,,,1,77,,30623,,,1,27,,30644,,,1,70,,30624,,,1,30,,30645,,,1,70,,30625,,,1,41,,30648,,,1,70,,30628,,,1,30,,30649,,,1,70,,30629,,,1,30,,30650,,,1,70,,30630,,,1,30,,30651,,,1,70,,30631,,,1,30,,30652,,,1,70,,30632,,,1,30,,30653,,,1,71,,30633,,,1,30,,30654,,,1,53,,30626,,,1,10,,30663,4,,1,10,,30634,,,1,10,,30646,,,1,10,,30665,4,,1,10,,30655,,,1,50,,30627,,,1,10,,30664,4,,1,10,,30635,,,1,12,,30647,,,1,15,,30656,,,1,70,,30636,,,1,30,,30657,,,1,70,,30637,,,1,29,,30658,,,1,70,,30638,,,1,30,,30659,,,1,70,,30639,,,1,30,,30660,,,1,70,,30640,,,1,30,,30661,,,1,72,,30641,,,1,28,,30662,,,1,70,,30642,,,1
900,'20260326',701,,30666,,,1,30,,30687,,,1,77,,30667,,,1,27,,30688,,,1,70,,30668,,,1,30,,30689,,,1,70,,30669,,,1,41,,30692,,,1,70,,30672,,,1,30,,30693,,,1,70,,30673,,,1,30,,30694,,,1,70,,30674,,,1,30,,30695,,,1,70,,30675,,,1,30,,30696,,,1,70,,30676,,,1,30,,30697,,,1,71,,30677,,,1,30,,30698,,,1,53,,30670,,,1,10,,30707,4,,1,10,,30678,,,1,10,,30690,,,1,10,,30709,4,,1,10,,30699,,,1,50,,30671,,,1,10,,30708,4,,1,10,,30679,,,1,12,,30691,,,1,15,,30700,,,1,70,,30680,,,1,30,,30701,,,1,70,,30681,,,1,29,,30702,,,1,70,,30682,,,1,30,,30703,,,1,70,,30683,,,1,30,,30704,,,1,70,,30684,,,1,30,,30705,,,1,72,,30685,,,1,28,,30706,,,1,70,,30686,,,1
900,'20260327',701,,30710,,,1,30,,30731,,,1,77,,30711,,,1,27,,30732,,,1,70,,30712,,,1,30,,30733,,,1,70,,30713,,,1,41,,30736,,,1,70,,30716,,,1,30,,30737,,,1,70,,30717,,,1,30,,30738,,,1,70,,30718,,,1,30,,30739,,,1,70,,30719,,,1,30,,30740,,,1,70,,30720,,,1,30,,30741,,,1,71,,30721,,,1,30,,30742,,,1,53,,30714,,,1,10,,30752,4,,1,10,,30722,,,1,10,,30734,,,1,10,,30754,4,,1,10,,30743,,,1,50,,30715,,,1,10,,30753,4,,1,10,,30723,,,1,12,,30735,,,1,15,,30744,,,1,70,,30724,,,1,30,,30745,,,1,70,,30725,,,1,29,,30746,,,1,70,,30726,,,1,30,,30747,,,1,70,,30727,,,1,30,,30748,,,1,70,,30728,,,1,30,,30749,,,1,72,,30729,,,1,28,,30750,,,1,70,,30730,,,1,30,,30751,,,1
900,'20260328',946,,30771,,,1,100,,30772,,,1,100,,30773,,,1,100,,30774,,,1,100,,30775,,,1,100,,30776,,,1,100,,30777,,,1,100,,30778,,,1,100,,30779,,,1,100,,30780,,,1,100,,30781,,,1,85,,36665,,,1,15,,30782,,,1,100,,30783,,,1,100,,30784,,,1,100,,30785,,,1,100,,30786,,,1,100,,30787,,,1
900,'20260329',946,,30804,,,1,100,,30805,,,1,100,,30806,,,1,100,,30807,,,1,100,,30808,,,1,100,,30809,,,1,100,,30810,,,1,100,,30811,,,1,100,,30812,,,1,100,,30813,,,1,100,,30814,,,1,100,,30815,,,1,100,,30816,,,1,100,,30817,,,1,100,,30818,,,1,100,,30819,,,1
900,'20260330',701,,30820,,,1,30,,30841,,,1,77,,30821,,,1,27,,30842,,,1,70,,30822,,,1,30,,30843,,,1,70,,30823,,,1,41,,30846,,,1,70,,30826,,,1,30,,30847,,,1,70,,30827,,,1,30,,30848,,,1,70,,30828,,,1,30,,30849,,,1,70,,30829,,,1,30,,30850,,,1,70,,30830,,,1,30,,30851,,,1,71,,30831,,,1,30,,30852,,,1,53,,30824,,,1,10,,30861,4,,1,10,,30832,,,1,10,,30844,,,1,10,,30863,4,,1,10,,30853,,,1,50,,30825,,,1,10,,30862,4,,1,10,,30833,,,1,12,,30845,,,1,15,,30854,,,1,70,,30834,,,1,30,,30855,,,1,70,,30835,,,1,29,,30856,,,1,70,,30836,,,1,30,,30857,,,1,70,,30837,,,1,30,,30858,,,1,70,,30838,,,1,30,,30859,,,1,72,,30839,,,1,28,,30860,,,1,70,,30840,,,1
900,'20260331',701,,30864,,,1,30,,30885,,,1,77,,30865,,,1,27,,30886,,,1,70,,30866,,,1,30,,30887,,,1,70,,30867,,,1,41,,30890,,,1,70,,30870,,,1,30,,30891,,,1,70,,30871,,,1,30,,30892,,,1,70,,30872,,,1,30,,30893,,,1,70,,30873,,,1,30,,30894,,,1,70,,30874,,,1,30,,30895,,,1,71,,30875,,,1,30,,30896,,,1,53,,30868,,,1,10,,30905,4,,1,10,,30876,,,1,10,,30888,,,1,10,,30907,4,,1,10,,30897,,,1,50,,30869,,,1,10,,30906,4,,1,10,,30877,,,1,12,,30889,,,1,15,,30898,,,1,70,,30878,,,1,30,,30899,,,1,70,,30879,,,1,29,,30900,,,1,70,,30880,,,1,30,,30901,,,1,70,,30881,,,1,30,,30902,,,1,70,,30882,,,1,30,,30903,,,1,72,,30883,,,1,28,,30904,,,1,70,,30884,,,1
900,'20260401',701,,30908,,,1,30,,30929,,,1,77,,30909,,,1,27,,30930,,,1,70,,30910,,,1,30,,30931,,,1,70,,30911,,,1,41,,30934,,,1,70,,30914,,,1,30,,30935,,,1,70,,30915,,,1,30,,30936,,,1,70,,30916,,,1,30,,30937,,,1,70,,30917,,,1,30,,30938,,,1,70,,30918,,,1,30,,30939,,,1,71,,30919,,,1,30,,30940,,,1,53,,30912,,,1,10,,30949,4,,1,10,,30920,,,1,10,,30932,,,1,10,,30951,4,,1,10,,30941,,,1,50,,30913,,,1,10,,30950,4,,1,10,,30921,,,1,12,,30933,,,1,15,,30942,,,1,70,,30922,,,1,30,,30943,,,1,70,,30923,,,1,29,,30944,,,1,70,,30924,,,1,30,,30945,,,1,70,,30925,,,1,30,,30946,,,1,70,,30926,,,1,30,,30947,,,1,72,,30927,,,1,28,,30948,,,1,70,,30928,,,1
900,'20260402',701,,30952,,,1,30,,30973,,,1,77,,30953,,,1,27,,30974,,,1,70,,30954,,,1,30,,30975,,,1,70,,30955,,,1,41,,30978,,,1,70,,30958,,,1,30,,30979,,,1,70,,30959,,,1,30,,30980,,,1,70,,30960,,,1,30,,30981,,,1,70,,30961,,,1,30,,30982,,,1,70,,30962,,,1,30,,30983,,,1,71,,30963,,,1,30,,30984,,,1,53,,30956,,,1,10,,30993,4,,1,10,,30964,,,1,10,,30976,,,1,10,,30995,4,,1,10,,30985,,,1,50,,30957,,,1,10,,30994,4,,1,10,,30965,,,1,12,,30977,,,1,15,,30986,,,1,70,,30966,,,1,30,,30987,,,1,70,,30967,,,1,29,,30988,,,1,70,,30968,,,1,30,,30989,,,1,70,,30969,,,1,30,,30990,,,1,70,,30970,,,1,30,,30991,,,1,72,,30971,,,1,28,,30992,,,1,70,,30972,,,1
900,'20260403',946,,36667,,,1,70,,36666,,,1,30,,31022,,,1,70,,31002,,,1,30,,31023,,,1,70,,31003,,,1,30,,31024,,,1,70,,31004,,,1,30,,31025,,,1,70,,31005,,,1,30,,31026,,,1,70,,31006,,,1,30,,31027,,,1,70,,31007,,,1,30,,31028,,,1,70,,31008,,,1,30,,31029,,,1,70,,31009,,,1,30,,31030,,,1,70,,31010,,,1,30,,31031,,,1,70,,31011,,,1,30,,31032,,,1,70,,31012,,,1,30,,31033,,,1,70,,31013,,,1,30,,31034,,,1,70,,31014,,,1,30,,31035,,,1,70,,31015,,,1,30,,31036,,,1,70,,31016,,,1,30,,31037,,,1
900,'20260404',946,,31057,,,1,70,,31041,,,1,30,,31058,,,1,70,,31042,,,1,30,,31059,,,1,70,,31043,,,1,30,,31060,,,1,70,,31044,,,1,30,,31061,,,1,70,,31045,,,1,30,,31062,,,1,70,,31046,,,1,30,,31063,,,1,70,,31047,,,1,30,,31064,,,1,70,,31048,,,1,30,,31065,,,1,70,,31049,,,1,30,,31066,,,1,70,,31050,,,1,30,,31067,,,1,70,,31051,,,1,30,,31068,,,1,70,,31052,,,1,30,,31069,,,1,70,,31053,,,1,30,,31070,,,1,70,,31054,,,1,30,,31071,,,1,70,,31055,,,1,30,,31072,,,1,70,,31056,,,1,30,,31073,,,1
900,'20260405',946,,31090,,,1,70,,31074,,,1,30,,31091,,,1,70,,31075,,,1,30,,31092,,,1,70,,31076,,,1,30,,31093,,,1,70,,31077,,,1,30,,31094,,,1,70,,31078,,,1,30,,31095,,,1,70,,31079,,,1,30,,31096,,,1,70,,31080,,,1,30,,31097,,,1,70,,31081,,,1,30,,31098,,,1,70,,31082,,,1,30,,31099,,,1,70,,31083,,,1,30,,31100,,,1,70,,31084,,,1,30,,31101,,,1,70,,31085,,,1,30,,31102,,,1,70,,31086,,,1,30,,31103,,,1,70,,31087,,,1,30,,31104,,,1,70,,31088,,,1,30,,31105,,,1,70,,31089,,,1,30,,36569,,,1
900,'20260406',701,,31106,,,1,30,,31127,,,1,77,,31107,,,1,27,,31128,,,1,70,,31108,,,1,30,,31129,,,1,70,,31109,,,1,41,,31132,,,1,70,,31112,,,1,30,,31133,,,1,70,,31113,,,1,30,,31134,,,1,70,,31114,,,1,30,,31135,,,1,70,,31115,,,1,30,,31136,,,1,70,,31116,,,1,30,,31137,,,1,71,,31117,,,1,30,,31138,,,1,53,,31110,,,1,10,,31147,4,,1,10,,31118,,,1,10,,31130,,,1,10,,31149,4,,1,10,,31139,,,1,50,,31111,,,1,10,,31148,4,,1,10,,31119,,,1,12,,31131,,,1,15,,31140,,,1,70,,31120,,,1,30,,31141,,,1,70,,31121,,,1,29,,31142,,,1,70,,31122,,,1,30,,31143,,,1,70,,31123,,,1,30,,31144,,,1,70,,31124,,,1,30,,31145,,,1,72,,31125,,,1,28,,31146,,,1,70,,31126,,,1
900,'20260407',701,,31150,,,1,30,,31171,,,1,77,,31151,,,1,27,,31172,,,1,70,,31152,,,1,30,,31173,,,1,70,,31153,,,1,41,,31176,,,1,70,,31156,,,1,30,,31177,,,1,70,,31157,,,1,30,,31178,,,1,70,,31158,,,1,30,,31179,,,1,70,,31159,,,1,30,,31180,,,1,70,,31160,,,1,30,,31181,,,1,71,,31161,,,1,30,,31182,,,1,53,,31154,,,1,10,,31191,4,,1,10,,31162,,,1,10,,31174,,,1,10,,31193,4,,1,10,,31183,,,1,50,,31155,,,1,10,,31192,4,,1,10,,31163,,,1,12,,31175,,,1,15,,31184,,,1,70,,31164,,,1,30,,31185,,,1,70,,31165,,,1,29,,31186,,,1,70,,31166,,,1,30,,31187,,,1,70,,31167,,,1,30,,31188,,,1,70,,31168,,,1,30,,31189,,,1,72,,31169,,,1,28,,31190,,,1,70,,31170,,,1
900,'20260408',701,,31194,,,1,30,,31215,,,1,77,,31195,,,1,27,,31216,,,1,70,,31196,,,1,30,,31217,,,1,70,,31197,,,1,41,,31220,,,1,70,,31200,,,1,30,,31221,,,1,70,,31201,,,1,30,,31222,,,1,70,,31202,,,1,30,,31223,,,1,70,,31203,,,1,30,,31224,,,1,70,,31204,,,1,30,,31225,,,1,71,,31205,,,1,30,,31226,,,1,53,,31198,,,1,10,,31235,4,,1,10,,31206,,,1,10,,31218,,,1,10,,31237,4,,1,10,,31227,,,1,50,,31199,,,1,10,,31236,4,,1,10,,31207,,,1,12,,31219,,,1,15,,31228,,,1,70,,31208,,,1,30,,31229,,,1,70,,31209,,,1,29,,31230,,,1,70,,31210,,,1,30,,31231,,,1,70,,31211,,,1,30,,31232,,,1,70,,31212,,,1,30,,31233,,,1,72,,31213,,,1,28,,31234,,,1,70,,31214,,,1
900,'20260409',701,,31238,,,1,30,,31259,,,1,77,,31239,,,1,27,,31260,,,1,70,,31240,,,1,30,,31261,,,1,70,,31241,,,1,41,,31264,,,1,70,,31244,,,1,30,,31265,,,1,70,,31245,,,1,30,,31266,,,1,70,,31246,,,1,30,,31267,,,1,70,,31247,,,1,30,,31268,,,1,70,,31248,,,1,30,,31269,,,1,71,,31249,,,1,30,,31270,,,1,53,,31242,,,1,10,,31279,4,,1,10,,31250,,,1,10,,31262,,,1,10,,31281,4,,1,10,,31271,,,1,50,,31243,,,1,10,,31280,4,,1,10,,31251,,,1,12,,31263,,,1,15,,31272,,,1,70,,31252,,,1,30,,31273,,,1,70,,31253,,,1,29,,31274,,,1,70,,31254,,,1,30,,31275,,,1,70,,31255,,,1,30,,31276,,,1,70,,31256,,,1,30,,31277,,,1,72,,31257,,,1,28,,31278,,,1,70,,31258,,,1
900,'20260410',701,,31282,,,1,30,,31303,,,1,77,,31283,,,1,27,,31304,,,1,70,,31284,,,1,30,,31305,,,1,70,,31285,,,1,41,,31308,,,1,70,,31288,,,1,30,,31309,,,1,70,,31289,,,1,30,,31310,,,1,70,,31290,,,1,30,,31311,,,1,70,,31291,,,1,30,,31312,,,1,70,,31292,,,1,30,,31313,,,1,71,,31293,,,1,30,,31314,,,1,53,,31286,,,1,10,,31324,4,,1,10,,31294,,,1,10,,31306,,,1,10,,31326,4,,1,10,,31315,,,1,50,,31287,,,1,10,,31325,4,,1,10,,31295,,,1,12,,31307,,,1,15,,31316,,,1,70,,31296,,,1,30,,31317,,,1,70,,31297,,,1,29,,31318,,,1,70,,31298,,,1,30,,31319,,,1,70,,31299,,,1,30,,31320,,,1,70,,31300,,,1,30,,31321,,,1,72,,31301,,,1,28,,31322,,,1,70,,31302,,,1,30,,31323,,,1
900,'20260411',946,,31343,,,1,70,,31327,,,1,30,,31344,,,1,70,,31328,,,1,30,,31345,,,1,70,,31329,,,1,30,,31346,,,1,70,,31330,,,1,30,,31347,,,1,70,,31331,,,1,30,,31348,,,1,70,,31332,,,1,30,,31349,,,1,70,,31333,,,1,30,,31350,,,1,70,,31334,,,1,30,,31351,,,1,70,,31335,,,1,30,,31352,,,1,70,,31336,,,1,30,,31353,,,1,70,,31337,,,1,30,,31354,,,1,70,,31338,,,1,30,,31355,,,1,70,,31339,,,1,30,,31356,,,1,70,,31340,,,1,30,,31357,,,1,70,,31341,,,1,30,,31358,,,1,70,,31342,,,1,30,,31359,,,1
900,'20260412',946,,31376,,,1,70,,31360,,,1,30,,31377,,,1,70,,31361,,,1,30,,31378,,,1,70,,31362,,,1,30,,31379,,,1,70,,31363,,,1,30,,31380,,,1,70,,31364,,,1,30,,31381,,,1,70,,31365,,,1,30,,31382,,,1,70,,31366,,,1,30,,31383,,,1,70,,31367,,,1,30,,31384,,,1,70,,31368,,,1,30,,31385,,,1,70,,31369,,,1,30,,31386,,,1,70,,31370,,,1,30,,31387,,,1,70,,31371,,,1,30,,31388,,,1,70,,31372,,,1,30,,31389,,,1,70,,31373,,,1,30,,31390,,,1,70,,31374,,,1,30,,31391,,,1,70,,31375,,,1,30,,36570,,,1
900,'20260413',701,,31392,,,1,30,,31413,,,1,77,,31393,,,1,27,,31414,,,1,70,,31394,,,1,30,,31415,,,1,70,,31395,,,1,41,,31418,,,1,70,,31398,,,1,30,,31419,,,1,70,,31399,,,1,30,,31420,,,1,70,,31400,,,1,30,,31421,,,1,70,,31401,,,1,30,,31422,,,1,70,,31402,,,1,30,,31423,,,1,71,,31403,,,1,30,,31424,,,1,53,,31396,,,1,10,,31433,4,,1,10,,31404,,,1,10,,31416,,,1,10,,31435,4,,1,10,,31425,,,1,50,,31397,,,1,10,,31434,4,,1,10,,31405,,,1,12,,31417,,,1,15,,31426,,,1,70,,31406,,,1,30,,31427,,,1,70,,31407,,,1,29,,31428,,,1,70,,31408,,,1,30,,31429,,,1,70,,31409,,,1,30,,31430,,,1,70,,31410,,,1,30,,31431,,,1,72,,31411,,,1,28,,31432,,,1,70,,31412,,,1
900,'20260414',701,,31436,,,1,30,,31457,,,1,77,,31437,,,1,27,,31458,,,1,70,,31438,,,1,30,,31459,,,1,70,,31439,,,1,41,,31462,,,1,70,,31442,,,1,30,,31463,,,1,70,,31443,,,1,30,,31464,,,1,70,,31444,,,1,30,,31465,,,1,70,,31445,,,1,30,,31466,,,1,70,,31446,,,1,30,,31467,,,1,71,,31447,,,1,30,,31468,,,1,53,,31440,,,1,10,,31477,4,,1,10,,31448,,,1,10,,31460,,,1,10,,31479,4,,1,10,,31469,,,1,50,,31441,,,1,10,,31478,4,,1,10,,31449,,,1,12,,31461,,,1,15,,31470,,,1,70,,31450,,,1,30,,31471,,,1,70,,31451,,,1,29,,31472,,,1,70,,31452,,,1,30,,31473,,,1,70,,31453,,,1,30,,31474,,,1,70,,31454,,,1,30,,31475,,,1,72,,31455,,,1,28,,31476,,,1,70,,31456,,,1
900,'20260415',701,,31480,,,1,30,,31501,,,1,77,,31481,,,1,27,,31502,,,1,70,,31482,,,1,30,,31503,,,1,70,,31483,,,1,41,,31506,,,1,70,,31486,,,1,30,,31507,,,1,70,,31487,,,1,30,,31508,,,1,70,,31488,,,1,30,,31509,,,1,70,,31489,,,1,30,,31510,,,1,70,,31490,,,1,30,,31511,,,1,71,,31491,,,1,30,,31512,,,1,53,,31484,,,1,10,,31521,4,,1,10,,31492,,,1,10,,31504,,,1,10,,31523,4,,1,10,,31513,,,1,50,,31485,,,1,10,,31522,4,,1,10,,31493,,,1,12,,31505,,,1,15,,31514,,,1,70,,31494,,,1,30,,31515,,,1,70,,31495,,,1,29,,31516,,,1,70,,31496,,,1,30,,31517,,,1,70,,31497,,,1,30,,31518,,,1,70,,31498,,,1,30,,31519,,,1,72,,31499,,,1,28,,31520,,,1,70,,31500,,,1
900,'20260416',701,,31524,,,1,30,,31545,,,1,77,,31525,,,1,27,,31546,,,1,70,,31526,,,1,30,,31547,,,1,70,,31527,,,1,41,,31550,,,1,70,,31530,,,1,30,,31551,,,1,70,,31531,,,1,30,,31552,,,1,70,,31532,,,1,30,,31553,,,1,70,,31533,,,1,30,,31554,,,1,70,,31534,,,1,30,,31555,,,1,71,,31535,,,1,30,,31556,,,1,53,,31528,,,1,10,,31565,4,,1,10,,31536,,,1,10,,31548,,,1,10,,31567,4,,1,10,,31557,,,1,50,,31529,,,1,10,,31566,4,,1,10,,31537,,,1,12,,31549,,,1,15,,31558,,,1,70,,31538,,,1,30,,31559,,,1,70,,31539,,,1,29,,31560,,,1,70,,31540,,,1,30,,31561,,,1,70,,31541,,,1,30,,31562,,,1,70,,31542,,,1,30,,31563,,,1,72,,31543,,,1,28,,31564,,,1,70,,31544,,,1
900,'20260417',701,,31568,,,1,30,,31589,,,1,77,,31569,,,1,27,,31590,,,1,70,,31570,,,1,30,,31591,,,1,70,,31571,,,1,41,,31594,,,1,70,,31574,,,1,30,,31595,,,1,70,,31575,,,1,30,,31596,,,1,70,,31576,,,1,30,,31597,,,1,70,,31577,,,1,30,,31598,,,1,70,,31578,,,1,30,,31599,,,1,71,,31579,,,1,30,,31600,,,1,53,,31572,,,1,10,,31610,4,,1,10,,31580,,,1,10,,31592,,,1,10,,31612,4,,1,10,,31601,,,1,50,,31573,,,1,10,,31611,4,,1,10,,31581,,,1,12,,31593,,,1,15,,31602,,,1,70,,31582,,,1,30,,31603,,,1,70,,31583,,,1,29,,31604,,,1,70,,31584,,,1,30,,31605,,,1,70,,31585,,,1,30,,31606,,,1,70,,31586,,,1,30,,31607,,,1,72,,31587,,,1,28,,31608,,,1,70,,31588,,,1,30,,31609,,,1
900,'20260418',946,,31629,,,1,70,,31613,,,1,30,,31630,,,1,70,,31614,,,1,30,,31631,,,1,70,,31615,,,1,30,,31632,,,1,70,,31616,,,1,30,,31633,,,1,70,,31617,,,1,30,,31634,,,1,70,,31618,,,1,30,,31635,,,1,70,,31619,,,1,30,,31636,,,1,70,,31620,,,1,30,,31637,,,1,70,,31621,,,1,30,,31638,,,1,70,,31622,,,1,30,,31639,,,1,70,,31623,,,1,30,,31640,,,1,70,,31624,,,1,30,,31641,,,1,70,,31625,,,1,30,,31642,,,1,70,,31626,,,1,30,,31643,,,1,70,,31627,,,1,30,,31644,,,1,70,,31628,,,1,30,,31645,,,1
900,'20260419',946,,31662,,,1,70,,31646,,,1,30,,31663,,,1,70,,31647,,,1,30,,31664,,,1,70,,31648,,,1,30,,31665,,,1,70,,31649,,,1,30,,31666,,,1,70,,31650,,,1,30,,31667,,,1,70,,31651,,,1,30,,31668,,,1,70,,31652,,,1,30,,31669,,,1,70,,31653,,,1,30,,31670,,,1,70,,31654,,,1,30,,31671,,,1,70,,31655,,,1,30,,31672,,,1,70,,31656,,,1,30,,31673,,,1,70,,31657,,,1,30,,31674,,,1,70,,31658,,,1,30,,31675,,,1,70,,31659,,,1,30,,31676,,,1,70,,31660,,,1,30,,31677,,,1,70,,31661,,,1,30,,36571,,,1
900,'20260420',701,,31678,,,1,30,,31699,,,1,77,,31679,,,1,27,,31700,,,1,70,,31680,,,1,30,,31701,,,1,70,,31681,,,1,41,,31704,,,1,70,,31684,,,1,30,,31705,,,1,70,,31685,,,1,30,,31706,,,1,70,,31686,,,1,30,,31707,,,1,70,,31687,,,1,30,,31708,,,1,70,,31688,,,1,30,,31709,,,1,71,,31689,,,1,30,,31710,,,1,53,,31682,,,1,10,,31719,4,,1,10,,31690,,,1,10,,31702,,,1,10,,31721,4,,1,10,,31711,,,1,50,,31683,,,1,10,,31720,4,,1,10,,31691,,,1,12,,31703,,,1,15,,31712,,,1,70,,31692,,,1,30,,31713,,,1,70,,31693,,,1,29,,31714,,,1,70,,31694,,,1,30,,31715,,,1,70,,31695,,,1,30,,31716,,,1,70,,31696,,,1,30,,31717,,,1,72,,31697,,,1,28,,31718,,,1,70,,31698,,,1
900,'20260421',701,,31722,,,1,30,,31743,,,1,77,,31723,,,1,27,,31744,,,1,70,,31724,,,1,30,,31745,,,1,70,,31725,,,1,41,,31748,,,1,70,,31728,,,1,30,,31749,,,1,70,,31729,,,1,30,,31750,,,1,70,,31730,,,1,30,,31751,,,1,70,,31731,,,1,30,,31752,,,1,70,,31732,,,1,30,,31753,,,1,71,,31733,,,1,30,,31754,,,1,53,,31726,,,1,10,,31763,4,,1,10,,31734,,,1,10,,31746,,,1,10,,31765,4,,1,10,,31755,,,1,50,,31727,,,1,10,,31764,4,,1,10,,31735,,,1,12,,31747,,,1,15,,31756,,,1,70,,31736,,,1,30,,31757,,,1,70,,31737,,,1,29,,31758,,,1,70,,31738,,,1,30,,31759,,,1,70,,31739,,,1,30,,31760,,,1,70,,31740,,,1,30,,31761,,,1,72,,31741,,,1,28,,31762,,,1,70,,31742,,,1
900,'20260422',701,,31766,,,1,30,,31787,,,1,77,,31767,,,1,27,,31788,,,1,70,,31768,,,1,30,,31789,,,1,70,,31769,,,1,41,,31792,,,1,70,,31772,,,1,30,,31793,,,1,70,,31773,,,1,30,,31794,,,1,70,,31774,,,1,30,,31795,,,1,70,,31775,,,1,30,,31796,,,1,70,,31776,,,1,30,,31797,,,1,71,,31777,,,1,30,,31798,,,1,53,,31770,,,1,10,,31807,4,,1,10,,31778,,,1,10,,31790,,,1,10,,31809,4,,1,10,,31799,,,1,50,,31771,,,1,10,,31808,4,,1,10,,31779,,,1,12,,31791,,,1,15,,31800,,,1,70,,31780,,,1,30,,31801,,,1,70,,31781,,,1,29,,31802,,,1,70,,31782,,,1,30,,31803,,,1,70,,31783,,,1,30,,31804,,,1,70,,31784,,,1,30,,31805,,,1,72,,31785,,,1,28,,31806,,,1,70,,31786,,,1
900,'20260423',701,,31810,,,1,30,,31831,,,1,77,,31811,,,1,27,,31832,,,1,70,,31812,,,1,30,,31833,,,1,70,,31813,,,1,41,,31836,,,1,70,,31816,,,1,30,,31837,,,1,70,,31817,,,1,30,,31838,,,1,70,,31818,,,1,30,,31839,,,1,70,,31819,,,1,30,,31840,,,1,70,,31820,,,1,30,,31841,,,1,71,,31821,,,1,30,,31842,,,1,53,,31814,,,1,10,,31851,4,,1,10,,31822,,,1,10,,31834,,,1,10,,31853,4,,1,10,,31843,,,1,50,,31815,,,1,10,,31852,4,,1,10,,31823,,,1,12,,31835,,,1,15,,31844,,,1,70,,31824,,,1,30,,31845,,,1,70,,31825,,,1,29,,31846,,,1,70,,31826,,,1,30,,31847,,,1,70,,31827,,,1,30,,31848,,,1,70,,31828,,,1,30,,31849,,,1,72,,31829,,,1,28,,31850,,,1,70,,31830,,,1
900,'20260424',701,,31854,,,1,30,,31875,,,1,77,,31855,,,1,27,,31876,,,1,70,,31856,,,1,30,,31877,,,1,70,,31857,,,1,41,,31880,,,1,70,,31860,,,1,30,,31881,,,1,70,,31861,,,1,30,,31882,,,1,70,,31862,,,1,30,,31883,,,1,70,,31863,,,1,30,,31884,,,1,70,,31864,,,1,30,,31885,,,1,71,,31865,,,1,30,,31886,,,1,53,,31858,,,1,10,,31896,4,,1,10,,31866,,,1,10,,31878,,,1,10,,31898,4,,1,10,,31887,,,1,50,,31859,,,1,10,,31897,4,,1,10,,31867,,,1,12,,31879,,,1,15,,31888,,,1,70,,31868,,,1,30,,31889,,,1,70,,31869,,,1,29,,31890,,,1,70,,31870,,,1,30,,31891,,,1,70,,31871,,,1,30,,31892,,,1,70,,31872,,,1,30,,31893,,,1,72,,31873,,,1,28,,31894,,,1,70,,31874,,,1,30,,31895,,,1
901,'20260305',508,,34260,,,1,30,,34281,,,1,75,,34261,,,1,15,,34279,,,1,10,,34282,,,1,10,,34302,,,1,10,,34299,,,1,50,,34262,,,1,10,,34301,,,1,10,,34280,,,1,10,,34283,,,1,10,,34303,,,1,10,,34300,,,1,56,,34263,,,1,30,,34284,,,1,70,,34264,,,1,30,,34285,,,1,70,,34265,,,1,30,,34286,,,1,70,,34266,,,1,30,,34287,,,1,70,,34267,,,1,30,,34288,,,1,70,,34268,,,1,30,,34289,,,1,70,,34269,,,1,30,,34290,,,1,70,,34270,,,1,30,,34291,,,1,70,,34271,,,1,30,,34292,,,1,70,,34272,,,1,30,,34293,,,1,70,,34273,,,1,30,,34294,,,1,70,,34274,,,1,30,,34295,,,1,70,,34275,,,1,30,,34296,,,1,70,,34276,,,1,30,,34297,,,1,70,,34277,,,1,30,,34298,,,1,70,,34278,,,1
901,'20260306',508,,34304,,,1,30,,34325,,,1,75,,34305,,,1,15,,34323,,,1,10,,34326,,,1,10,,34347,,,1,10,,34344,,,1,50,,34306,,,1,10,,34346,,,1,10,,34324,,,1,10,,34327,,,1,10,,34348,,,1,10,,34345,,,1,56,,34307,,,1,30,,34328,,,1,70,,34308,,,1,30,,34329,,,1,70,,34309,,,1,30,,34330,,,1,70,,34310,,,1,30,,34331,,,1,70,,34311,,,1,30,,34332,,,1,70,,34312,,,1,30,,34333,,,1,70,,34313,,,1,30,,34334,,,1,70,,34314,,,1,30,,34335,,,1,70,,34315,,,1,30,,34336,,,1,70,,34316,,,1,30,,34337,,,1,70,,34317,,,1,30,,34338,,,1,70,,34318,,,1,30,,34339,,,1,70,,34319,,,1,30,,34340,,,1,70,,34320,,,1,30,,34341,,,1,70,,34321,,,1,30,,34342,,,1,70,,34322,,,1,30,,34343,,,1
901,'20260307',744,,34365,,,1,70,,34349,,,1,30,,34366,,,1,70,,34350,,,1,30,,34367,,,1,70,,34351,,,1,30,,34368,,,1,70,,34352,,,1,30,,34369,,,1,70,,34353,,,1,30,,34370,,,1,70,,34354,,,1,30,,34371,,,1,70,,34355,,,1,30,,34372,,,1,70,,34356,,,1,30,,34373,,,1,70,,34357,,,1,30,,34374,,,1,70,,34358,,,1,30,,34375,,,1,70,,34359,,,1,30,,34376,,,1,70,,34360,,,1,30,,34377,,,1,70,,34361,,,1,30,,34378,,,1,70,,34362,,,1,30,,34379,,,1,70,,34363,,,1,30,,34380,,,1,70,,34364,,,1,30,,34381,,,1
901,'20260308',744,,34398,,,1,70,,34382,,,1,30,,34399,,,1,70,,34383,,,1,30,,34400,,,1,70,,34384,,,1,30,,34401,,,1,70,,34385,,,1,30,,34402,,,1,70,,34386,,,1,30,,34403,,,1,70,,34387,,,1,30,,34404,,,1,70,,34388,,,1,30,,34405,,,1,70,,34389,,,1,30,,34406,,,1,70,,34390,,,1,30,,34407,,,1,70,,34391,,,1,30,,34408,,,1,70,,34392,,,1,30,,34409,,,1,70,,34393,,,1,30,,34410,,,1,70,,34394,,,1,30,,34411,,,1,70,,34395,,,1,30,,34412,,,1,70,,34396,,,1,30,,34413,,,1,70,,34397,,,1
901,'20260309',508,,34414,,,1,30,,34435,,,1,75,,34415,,,1,15,,34433,,,1,10,,34436,,,1,10,,34456,,,1,10,,34453,,,1,50,,34416,,,1,10,,34455,,,1,10,,34434,,,1,10,,34437,,,1,10,,34457,,,1,10,,34454,,,1,56,,34417,,,1,30,,34438,,,1,70,,34418,,,1,30,,34439,,,1,70,,34419,,,1,30,,34440,,,1,70,,34420,,,1,30,,34441,,,1,70,,34421,,,1,30,,34442,,,1,70,,34422,,,1,30,,34443,,,1,70,,34423,,,1,30,,34444,,,1,70,,34424,,,1,30,,34445,,,1,70,,34425,,,1,30,,34446,,,1,70,,34426,,,1,30,,34447,,,1,70,,34427,,,1,30,,34448,,,1,70,,34428,,,1,30,,34449,,,1,70,,34429,,,1,30,,34450,,,1,70,,34430,,,1,30,,34451,,,1,70,,34431,,,1,30,,34452,,,1,70,,34432,,,1
901,'20260310',508,,34458,,,1,30,,34479,,,1,75,,34459,,,1,15,,34477,,,1,10,,34480,,,1,10,,34500,,,1,10,,34497,,,1,50,,34460,,,1,10,,34499,,,1,10,,34478,,,1,10,,34481,,,1,10,,34501,,,1,10,,34498,,,1,56,,34461,,,1,30,,34482,,,1,70,,34462,,,1,30,,34483,,,1,70,,34463,,,1,30,,34484,,,1,70,,34464,,,1,30,,34485,,,1,70,,34465,,,1,30,,34486,,,1,70,,34466,,,1,30,,34487,,,1,70,,34467,,,1,30,,34488,,,1,70,,34468,,,1,30,,34489,,,1,70,,34469,,,1,30,,34490,,,1,70,,34470,,,1,30,,34491,,,1,70,,34471,,,1,30,,34492,,,1,70,,34472,,,1,30,,34493,,,1,70,,34473,,,1,30,,34494,,,1,70,,34474,,,1,30,,34495,,,1,70,,34475,,,1,30,,34496,,,1,70,,34476,,,1
901,'20260311',508,,34502,,,1,30,,34523,,,1,75,,34503,,,1,15,,34521,,,1,10,,34524,,,1,10,,34544,,,1,10,,34541,,,1,50,,34504,,,1,10,,34543,,,1,10,,34522,,,1,10,,34525,,,1,10,,34545,,,1,10,,34542,,,1,56,,34505,,,1,30,,34526,,,1,70,,34506,,,1,30,,34527,,,1,70,,34507,,,1,30,,34528,,,1,70,,34508,,,1,30,,34529,,,1,70,,34509,,,1,30,,34530,,,1,70,,34510,,,1,30,,34531,,,1,70,,34511,,,1,30,,34532,,,1,70,,34512,,,1,30,,34533,,,1,70,,34513,,,1,30,,34534,,,1,70,,34514,,,1,30,,34535,,,1,70,,34515,,,1,30,,34536,,,1,70,,34516,,,1,30,,34537,,,1,70,,34517,,,1,30,,34538,,,1,70,,34518,,,1,30,,34539,,,1,70,,34519,,,1,30,,34540,,,1,70,,34520,,,1
901,'20260312',508,,34546,,,1,30,,34567,,,1,75,,34547,,,1,15,,34565,,,1,10,,34568,,,1,10,,34588,,,1,10,,34585,,,1,50,,34548,,,1,10,,34587,,,1,10,,34566,,,1,10,,34569,,,1,10,,34589,,,1,10,,34586,,,1,56,,34549,,,1,30,,34570,,,1,70,,34550,,,1,30,,34571,,,1,70,,34551,,,1,30,,34572,,,1,70,,34552,,,1,30,,34573,,,1,70,,34553,,,1,30,,34574,,,1,70,,34554,,,1,30,,34575,,,1,70,,34555,,,1,30,,34576,,,1,70,,34556,,,1,30,,34577,,,1,70,,34557,,,1,30,,34578,,,1,70,,34558,,,1,30,,34579,,,1,70,,34559,,,1,30,,34580,,,1,70,,34560,,,1,30,,34581,,,1,70,,34561,,,1,30,,34582,,,1,70,,34562,,,1,30,,34583,,,1,70,,34563,,,1,30,,34584,,,1,70,,34564,,,1
901,'20260313',508,,34590,,,1,30,,34611,,,1,75,,34591,,,1,15,,34609,,,1,10,,34612,,,1,10,,34633,,,1,10,,34630,,,1,50,,34592,,,1,10,,34632,,,1,10,,34610,,,1,10,,34613,,,1,10,,34634,,,1,10,,34631,,,1,56,,34593,,,1,30,,34614,,,1,70,,34594,,,1,30,,34615,,,1,70,,34595,,,1,30,,34616,,,1,70,,34596,,,1,30,,34617,,,1,70,,34597,,,1,30,,34618,,,1,70,,34598,,,1,30,,34619,,,1,70,,34599,,,1,30,,34620,,,1,70,,34600,,,1,30,,34621,,,1,70,,34601,,,1,30,,34622,,,1,70,,34602,,,1,30,,34623,,,1,70,,34603,,,1,30,,34624,,,1,70,,34604,,,1,30,,34625,,,1,70,,34605,,,1,30,,34626,,,1,70,,34606,,,1,30,,34627,,,1,70,,34607,,,1,30,,34628,,,1,70,,34608,,,1,30,,34629,,,1
901,'20260314',744,,34651,,,1,70,,34635,,,1,30,,34652,,,1,70,,34636,,,1,30,,34653,,,1,70,,34637,,,1,30,,34654,,,1,70,,34638,,,1,30,,34655,,,1,70,,34639,,,1,30,,34656,,,1,70,,34640,,,1,30,,34657,,,1,70,,34641,,,1,30,,34658,,,1,70,,34642,,,1,30,,34659,,,1,70,,34643,,,1,30,,34660,,,1,70,,34644,,,1,30,,34661,,,1,70,,34645,,,1,30,,34662,,,1,70,,34646,,,1,30,,34663,,,1,70,,34647,,,1,30,,34664,,,1,70,,34648,,,1,30,,34665,,,1,70,,34649,,,1,30,,34666,,,1,70,,34650,,,1,30,,34667,,,1
901,'20260315',744,,34684,,,1,70,,34668,,,1,30,,34685,,,1,70,,34669,,,1,30,,34686,,,1,70,,34670,,,1,30,,34687,,,1,70,,34671,,,1,30,,34688,,,1,70,,34672,,,1,30,,34689,,,1,70,,34673,,,1,30,,34690,,,1,70,,34674,,,1,30,,34691,,,1,70,,34675,,,1,30,,34692,,,1,70,,34676,,,1,30,,34693,,,1,70,,34677,,,1,30,,34694,,,1,70,,34678,,,1,30,,34695,,,1,70,,34679,,,1,30,,34696,,,1,70,,34680,,,1,30,,34697,,,1,70,,34681,,,1,30,,34698,,,1,70,,34682,,,1,30,,34699,,,1,70,,34683,,,1
901,'20260316',508,,34700,,,1,30,,34721,,,1,75,,34701,,,1,15,,34719,,,1,10,,34722,,,1,10,,34742,,,1,10,,34739,,,1,50,,34702,,,1,10,,34741,,,1,10,,34720,,,1,10,,34723,,,1,10,,34743,,,1,10,,34740,,,1,56,,34703,,,1,30,,34724,,,1,70,,34704,,,1,30,,34725,,,1,70,,34705,,,1,30,,34726,,,1,70,,34706,,,1,30,,34727,,,1,70,,34707,,,1,30,,34728,,,1,70,,34708,,,1,30,,34729,,,1,70,,34709,,,1,30,,34730,,,1,70,,34710,,,1,30,,34731,,,1,70,,34711,,,1,30,,34732,,,1,70,,34712,,,1,30,,34733,,,1,70,,34713,,,1,30,,34734,,,1,70,,34714,,,1,30,,34735,,,1,70,,34715,,,1,30,,34736,,,1,70,,34716,,,1,30,,34737,,,1,70,,34717,,,1,30,,34738,,,1,70,,34718,,,1
901,'20260317',508,,34744,,,1,30,,34765,,,1,75,,34745,,,1,15,,34763,,,1,10,,34766,,,1,10,,34786,,,1,10,,34783,,,1,50,,34746,,,1,10,,34785,,,1,10,,34764,,,1,10,,34767,,,1,10,,34787,,,1,10,,34784,,,1,56,,34747,,,1,30,,34768,,,1,70,,34748,,,1,30,,34769,,,1,70,,34749,,,1,30,,34770,,,1,70,,34750,,,1,30,,34771,,,1,70,,34751,,,1,30,,34772,,,1,70,,34752,,,1,30,,34773,,,1,70,,34753,,,1,30,,34774,,,1,70,,34754,,,1,30,,34775,,,1,70,,34755,,,1,30,,34776,,,1,70,,34756,,,1,30,,34777,,,1,70,,34757,,,1,30,,34778,,,1,70,,34758,,,1,30,,34779,,,1,70,,34759,,,1,30,,34780,,,1,70,,34760,,,1,30,,34781,,,1,70,,34761,,,1,30,,34782,,,1,70,,34762,,,1
901,'20260318',508,,34788,,,1,30,,34809,,,1,75,,34789,,,1,15,,34807,,,1,10,,34810,,,1,10,,34830,,,1,10,,34827,,,1,50,,34790,,,1,10,,34829,,,1,10,,34808,,,1,10,,34811,,,1,10,,34831,,,1,10,,34828,,,1,56,,34791,,,1,30,,34812,,,1,70,,34792,,,1,30,,34813,,,1,70,,34793,,,1,30,,34814,,,1,70,,34794,,,1,30,,34815,,,1,70,,34795,,,1,30,,34816,,,1,70,,34796,,,1,30,,34817,,,1,70,,34797,,,1,30,,34818,,,1,70,,34798,,,1,30,,34819,,,1,70,,34799,,,1,30,,34820,,,1,70,,34800,,,1,30,,34821,,,1,70,,34801,,,1,30,,34822,,,1,70,,34802,,,1,30,,34823,,,1,70,,34803,,,1,30,,34824,,,1,70,,34804,,,1,30,,34825,,,1,70,,34805,,,1,30,,34826,,,1,70,,34806,,,1
901,'20260319',508,,34832,,,1,30,,34853,,,1,75,,34833,,,1,15,,34851,,,1,10,,34854,,,1,10,,34874,,,1,10,,34871,,,1,50,,34834,,,1,10,,34873,,,1,10,,34852,,,1,10,,34855,,,1,10,,34875,,,1,10,,34872,,,1,56,,34835,,,1,30,,34856,,,1,70,,34836,,,1,30,,34857,,,1,70,,34837,,,1,30,,34858,,,1,70,,34838,,,1,30,,34859,,,1,70,,34839,,,1,30,,34860,,,1,70,,34840,,,1,30,,34861,,,1,70,,34841,,,1,30,,34862,,,1,70,,34842,,,1,30,,34863,,,1,70,,34843,,,1,30,,34864,,,1,70,,34844,,,1,30,,34865,,,1,70,,34845,,,1,30,,34866,,,1,70,,34846,,,1,30,,34867,,,1,70,,34847,,,1,30,,34868,,,1,70,,34848,,,1,30,,34869,,,1,70,,34849,,,1,30,,34870,,,1,70,,34850,,,1
901,'20260320',508,,34876,,,1,30,,34897,,,1,75,,34877,,,1,15,,34895,,,1,10,,34898,,,1,10,,34919,,,1,10,,34916,,,1,50,,34878,,,1,10,,34918,,,1,10,,34896,,,1,10,,34899,,,1,10,,34920,,,1,10,,34917,,,1,56,,34879,,,1,30,,34900,,,1,70,,34880,,,1,30,,34901,,,1,70,,34881,,,1,30,,34902,,,1,70,,34882,,,1,30,,34903,,,1,70,,34883,,,1,30,,34904,,,1,70,,34884,,,1,30,,34905,,,1,70,,34885,,,1,30,,34906,,,1,70,,34886,,,1,30,,34907,,,1,70,,34887,,,1,30,,34908,,,1,70,,34888,,,1,30,,34909,,,1,70,,34889,,,1,30,,34910,,,1,70,,34890,,,1,30,,34911,,,1,70,,34891,,,1,30,,34912,,,1,70,,34892,,,1,30,,34913,,,1,70,,34893,,,1,30,,34914,,,1,70,,34894,,,1,30,,34915,,,1
901,'20260321',744,,34937,,,1,70,,34921,,,1,30,,34938,,,1,70,,34922,,,1,30,,34939,,,1,70,,34923,,,1,30,,34940,,,1,70,,34924,,,1,30,,34941,,,1,70,,34925,,,1,30,,34942,,,1,70,,34926,,,1,30,,34943,,,1,70,,34927,,,1,30,,34944,,,1,70,,34928,,,1,30,,34945,,,1,70,,34929,,,1,30,,34946,,,1,70,,34930,,,1,30,,34947,,,1,70,,34931,,,1,30,,34948,,,1,70,,34932,,,1,30,,34949,,,1,70,,34933,,,1,30,,34950,,,1,70,,34934,,,1,30,,34951,,,1,70,,34935,,,1,30,,34952,,,1,70,,34936,,,1,30,,34953,,,1
901,'20260322',744,,34970,,,1,70,,34954,,,1,30,,34971,,,1,70,,34955,,,1,30,,34972,,,1,70,,34956,,,1,30,,34973,,,1,70,,34957,,,1,30,,34974,,,1,70,,34958,,,1,30,,34975,,,1,70,,34959,,,1,30,,34976,,,1,70,,34960,,,1,30,,34977,,,1,70,,34961,,,1,30,,34978,,,1,70,,34962,,,1,30,,34979,,,1,70,,34963,,,1,30,,34980,,,1,70,,34964,,,1,30,,34981,,,1,70,,34965,,,1,30,,34982,,,1,70,,34966,,,1,30,,34983,,,1,70,,34967,,,1,30,,34984,,,1,70,,34968,,,1,30,,34985,,,1,70,,34969,,,1
901,'20260323',508,,34986,,,1,30,,35007,,,1,75,,34987,,,1,15,,35005,,,1,10,,35008,,,1,10,,35028,,,1,10,,35025,,,1,50,,34988,,,1,10,,35027,,,1,10,,35006,,,1,10,,35009,,,1,10,,35029,,,1,10,,35026,,,1,56,,34989,,,1,30,,35010,,,1,70,,34990,,,1,30,,35011,,,1,70,,34991,,,1,30,,35012,,,1,70,,34992,,,1,30,,35013,,,1,70,,34993,,,1,30,,35014,,,1,70,,34994,,,1,30,,35015,,,1,70,,34995,,,1,30,,35016,,,1,70,,34996,,,1,30,,35017,,,1,70,,34997,,,1,30,,35018,,,1,70,,34998,,,1,30,,35019,,,1,70,,34999,,,1,30,,35020,,,1,70,,35000,,,1,30,,35021,,,1,70,,35001,,,1,30,,35022,,,1,70,,35002,,,1,30,,35023,,,1,70,,35003,,,1,30,,35024,,,1,70,,35004,,,1
901,'20260324',508,,35030,,,1,30,,35051,,,1,75,,35031,,,1,15,,35049,,,1,10,,35052,,,1,10,,35072,,,1,10,,35069,,,1,50,,35032,,,1,10,,35071,,,1,10,,35050,,,1,10,,35053,,,1,10,,35073,,,1,10,,35070,,,1,56,,35033,,,1,30,,35054,,,1,70,,35034,,,1,30,,35055,,,1,70,,35035,,,1,30,,35056,,,1,70,,35036,,,1,30,,35057,,,1,70,,35037,,,1,30,,35058,,,1,70,,35038,,,1,30,,35059,,,1,70,,35039,,,1,30,,35060,,,1,70,,35040,,,1,30,,35061,,,1,70,,35041,,,1,30,,35062,,,1,70,,35042,,,1,30,,35063,,,1,70,,35043,,,1,30,,35064,,,1,70,,35044,,,1,30,,35065,,,1,70,,35045,,,1,30,,35066,,,1,70,,35046,,,1,30,,35067,,,1,70,,35047,,,1,30,,35068,,,1,70,,35048,,,1
901,'20260325',508,,35074,,,1,30,,35095,,,1,75,,35075,,,1,15,,35093,,,1,10,,35096,,,1,10,,35116,,,1,10,,35113,,,1,50,,35076,,,1,10,,35115,,,1,10,,35094,,,1,10,,35097,,,1,10,,35117,,,1,10,,35114,,,1,56,,35077,,,1,30,,35098,,,1,70,,35078,,,1,30,,35099,,,1,70,,35079,,,1,30,,35100,,,1,70,,35080,,,1,30,,35101,,,1,70,,35081,,,1,30,,35102,,,1,70,,35082,,,1,30,,35103,,,1,70,,35083,,,1,30,,35104,,,1,70,,35084,,,1,30,,35105,,,1,70,,35085,,,1,30,,35106,,,1,70,,35086,,,1,30,,35107,,,1,70,,35087,,,1,30,,35108,,,1,70,,35088,,,1,30,,35109,,,1,70,,35089,,,1,30,,35110,,,1,70,,35090,,,1,30,,35111,,,1,70,,35091,,,1,30,,35112,,,1,70,,35092,,,1
901,'20260326',508,,35118,,,1,30,,35139,,,1,75,,35119,,,1,15,,35137,,,1,10,,35140,,,1,10,,35160,,,1,10,,35157,,,1,50,,35120,,,1,10,,35159,,,1,10,,35138,,,1,10,,35141,,,1,10,,35161,,,1,10,,35158,,,1,56,,35121,,,1,30,,35142,,,1,70,,35122,,,1,30,,35143,,,1,70,,35123,,,1,30,,35144,,,1,70,,35124,,,1,30,,35145,,,1,70,,35125,,,1,30,,35146,,,1,70,,35126,,,1,30,,35147,,,1,70,,35127,,,1,30,,35148,,,1,70,,35128,,,1,30,,35149,,,1,70,,35129,,,1,30,,35150,,,1,70,,35130,,,1,30,,35151,,,1,70,,35131,,,1,30,,35152,,,1,70,,35132,,,1,30,,35153,,,1,70,,35133,,,1,30,,35154,,,1,70,,35134,,,1,30,,35155,,,1,70,,35135,,,1,30,,35156,,,1,70,,35136,,,1
901,'20260327',508,,35162,,,1,30,,35183,,,1,75,,35163,,,1,15,,35181,,,1,10,,35184,,,1,10,,35205,,,1,10,,35202,,,1,50,,35164,,,1,10,,35204,,,1,10,,35182,,,1,10,,35185,,,1,10,,35206,,,1,10,,35203,,,1,56,,35165,,,1,30,,35186,,,1,70,,35166,,,1,30,,35187,,,1,70,,35167,,,1,30,,35188,,,1,70,,35168,,,1,30,,35189,,,1,70,,35169,,,1,30,,35190,,,1,70,,35170,,,1,30,,35191,,,1,70,,35171,,,1,30,,35192,,,1,70,,35172,,,1,30,,35193,,,1,70,,35173,,,1,30,,35194,,,1,70,,35174,,,1,30,,35195,,,1,70,,35175,,,1,30,,35196,,,1,70,,35176,,,1,30,,35197,,,1,70,,35177,,,1,30,,35198,,,1,70,,35178,,,1,30,,35199,,,1,70,,35179,,,1,30,,35200,,,1,70,,35180,,,1,30,,35201,,,1
901,'20260328',744,,35223,,,1,100,,35224,,,1,100,,35225,,,1,100,,35226,,,1,100,,35227,,,1,100,,35228,,,1,100,,35229,,,1,100,,35230,,,1,100,,35231,,,1,100,,35232,,,1,100,,35233,,,1,100,,35234,,,1,100,,35235,,,1,100,,35236,,,1,100,,35237,,,1,100,,35238,,,1,100,,35239,,,1
901,'20260329',744,,35256,,,1,100,,35257,,,1,100,,35258,,,1,100,,35259,,,1,100,,35260,,,1,100,,35261,,,1,100,,35262,,,1,100,,35263,,,1,100,,35264,,,1,100,,35265,,,1,100,,35266,,,1,100,,35267,,,1,100,,35268,,,1,100,,35269,,,1,100,,35270,,,1,100,,35271,,,1
901,'20260330',508,,35272,,,1,30,,35293,,,1,75,,35273,,,1,15,,35291,,,1,10,,35294,,,1,10,,35314,,,1,10,,35311,,,1,50,,35274,,,1,10,,35313,,,1,10,,35292,,,1,10,,35295,,,1,10,,35315,,,1,10,,35312,,,1,56,,35275,,,1,30,,35296,,,1,70,,35276,,,1,30,,35297,,,1,70,,35277,,,1,30,,35298,,,1,70,,35278,,,1,30,,35299,,,1,70,,35279,,,1,30,,35300,,,1,70,,35280,,,1,30,,35301,,,1,70,,35281,,,1,30,,35302,,,1,70,,35282,,,1,30,,35303,,,1,70,,35283,,,1,30,,35304,,,1,70,,35284,,,1,30,,35305,,,1,70,,35285,,,1,30,,35306,,,1,70,,35286,,,1,30,,35307,,,1,70,,35287,,,1,30,,35308,,,1,70,,35288,,,1,30,,35309,,,1,70,,35289,,,1,30,,35310,,,1,70,,35290,,,1
901,'20260331',508,,35316,,,1,30,,35337,,,1,75,,35317,,,1,15,,35335,,,1,10,,35338,,,1,10,,35358,,,1,10,,35355,,,1,50,,35318,,,1,10,,35357,,,1,10,,35336,,,1,10,,35339,,,1,10,,35359,,,1,10,,35356,,,1,56,,35319,,,1,30,,35340,,,1,70,,35320,,,1,30,,35341,,,1,70,,35321,,,1,30,,35342,,,1,70,,35322,,,1,30,,35343,,,1,70,,35323,,,1,30,,35344,,,1,70,,35324,,,1,30,,35345,,,1,70,,35325,,,1,30,,35346,,,1,70,,35326,,,1,30,,35347,,,1,70,,35327,,,1,30,,35348,,,1,70,,35328,,,1,30,,35349,,,1,70,,35329,,,1,30,,35350,,,1,70,,35330,,,1,30,,35351,,,1,70,,35331,,,1,30,,35352,,,1,70,,35332,,,1,30,,35353,,,1,70,,35333,,,1,30,,35354,,,1,70,,35334,,,1
901,'20260401',508,,35360,,,1,30,,35381,,,1,75,,35361,,,1,15,,35379,,,1,10,,35382,,,1,10,,35402,,,1,10,,35399,,,1,50,,35362,,,1,10,,35401,,,1,10,,35380,,,1,10,,35383,,,1,10,,35403,,,1,10,,35400,,,1,56,,35363,,,1,30,,35384,,,1,70,,35364,,,1,30,,35385,,,1,70,,35365,,,1,30,,35386,,,1,70,,35366,,,1,30,,35387,,,1,70,,35367,,,1,30,,35388,,,1,70,,35368,,,1,30,,35389,,,1,70,,35369,,,1,30,,35390,,,1,70,,35370,,,1,30,,35391,,,1,70,,35371,,,1,30,,35392,,,1,70,,35372,,,1,30,,35393,,,1,70,,35373,,,1,30,,35394,,,1,70,,35374,,,1,30,,35395,,,1,70,,35375,,,1,30,,35396,,,1,70,,35376,,,1,30,,35397,,,1,70,,35377,,,1,30,,35398,,,1,70,,35378,,,1
901,'20260402',508,,35404,,,1,30,,35425,,,1,75,,35405,,,1,15,,35423,,,1,10,,35426,,,1,10,,35446,,,1,10,,35443,,,1,50,,35406,,,1,10,,35445,,,1,10,,35424,,,1,10,,35427,,,1,10,,35447,,,1,10,,35444,,,1,56,,35407,,,1,30,,35428,,,1,70,,35408,,,1,30,,35429,,,1,70,,35409,,,1,30,,35430,,,1,70,,35410,,,1,30,,35431,,,1,70,,35411,,,1,30,,35432,,,1,70,,35412,,,1,30,,35433,,,1,70,,35413,,,1,30,,35434,,,1,70,,35414,,,1,30,,35435,,,1,70,,35415,,,1,30,,35436,,,1,70,,35416,,,1,30,,35437,,,1,70,,35417,,,1,30,,35438,,,1,70,,35418,,,1,30,,35439,,,1,70,,35419,,,1,30,,35440,,,1,70,,35420,,,1,30,,35441,,,1,70,,35421,,,1,30,,35442,,,1,70,,35422,,,1
901,'20260403',744,,35471,,,1,70,,35451,,,1,30,,35472,,,1,70,,35452,,,1,30,,35473,,,1,70,,35453,,,1,30,,35474,,,1,70,,35454,,,1,30,,35475,,,1,70,,35455,,,1,30,,35476,,,1,70,,35456,,,1,30,,35477,,,1,70,,35457,,,1,30,,35478,,,1,70,,35458,,,1,30,,35479,,,1,70,,35459,,,1,30,,35480,,,1,70,,35460,,,1,30,,35481,,,1,70,,35461,,,1,30,,35482,,,1,70,,35462,,,1,30,,35483,,,1,70,,35463,,,1,30,,35484,,,1,70,,35464,,,1,30,,35485,,,1,70,,35465,,,1,30,,35486,,,1,70,,35466,,,1,30,,35487,,,1
901,'20260404',744,,35509,,,1,70,,35493,,,1,30,,35510,,,1,70,,35494,,,1,30,,35511,,,1,70,,35495,,,1,30,,35512,,,1,70,,35496,,,1,30,,35513,,,1,70,,35497,,,1,30,,35514,,,1,70,,35498,,,1,30,,35515,,,1,70,,35499,,,1,30,,35516,,,1,70,,35500,,,1,30,,35517,,,1,70,,35501,,,1,30,,35518,,,1,70,,35502,,,1,30,,35519,,,1,70,,35503,,,1,30,,35520,,,1,70,,35504,,,1,30,,35521,,,1,70,,35505,,,1,30,,35522,,,1,70,,35506,,,1,30,,35523,,,1,70,,35507,,,1,30,,35524,,,1,70,,35508,,,1,30,,35525,,,1
901,'20260405',744,,35542,,,1,70,,35526,,,1,30,,35543,,,1,70,,35527,,,1,30,,35544,,,1,70,,35528,,,1,30,,35545,,,1,70,,35529,,,1,30,,35546,,,1,70,,35530,,,1,30,,35547,,,1,70,,35531,,,1,30,,35548,,,1,70,,35532,,,1,30,,35549,,,1,70,,35533,,,1,30,,35550,,,1,70,,35534,,,1,30,,35551,,,1,70,,35535,,,1,30,,35552,,,1,70,,35536,,,1,30,,35553,,,1,70,,35537,,,1,30,,35554,,,1,70,,35538,,,1,30,,35555,,,1,70,,35539,,,1,30,,35556,,,1,70,,35540,,,1,30,,35557,,,1,70,,35541,,,1,30,,36573,,,1
901,'20260406',508,,35558,,,1,30,,35579,,,1,75,,35559,,,1,15,,35577,,,1,10,,35580,,,1,10,,35600,,,1,10,,35597,,,1,50,,35560,,,1,10,,35599,,,1,10,,35578,,,1,10,,35581,,,1,10,,35601,,,1,10,,35598,,,1,56,,35561,,,1,30,,35582,,,1,70,,35562,,,1,30,,35583,,,1,70,,35563,,,1,30,,35584,,,1,70,,35564,,,1,30,,35585,,,1,70,,35565,,,1,30,,35586,,,1,70,,35566,,,1,30,,35587,,,1,70,,35567,,,1,30,,35588,,,1,70,,35568,,,1,30,,35589,,,1,70,,35569,,,1,30,,35590,,,1,70,,35570,,,1,30,,35591,,,1,70,,35571,,,1,30,,35592,,,1,70,,35572,,,1,30,,35593,,,1,70,,35573,,,1,30,,35594,,,1,70,,35574,,,1,30,,35595,,,1,70,,35575,,,1,30,,35596,,,1,70,,35576,,,1
901,'20260407',508,,35602,,,1,30,,35623,,,1,75,,35603,,,1,15,,35621,,,1,10,,35624,,,1,10,,35644,,,1,10,,35641,,,1,50,,35604,,,1,10,,35643,,,1,10,,35622,,,1,10,,35625,,,1,10,,35645,,,1,10,,35642,,,1,56,,35605,,,1,30,,35626,,,1,70,,35606,,,1,30,,35627,,,1,70,,35607,,,1,30,,35628,,,1,70,,35608,,,1,30,,35629,,,1,70,,35609,,,1,30,,35630,,,1,70,,35610,,,1,30,,35631,,,1,70,,35611,,,1,30,,35632,,,1,70,,35612,,,1,30,,35633,,,1,70,,35613,,,1,30,,35634,,,1,70,,35614,,,1,30,,35635,,,1,70,,35615,,,1,30,,35636,,,1,70,,35616,,,1,30,,35637,,,1,70,,35617,,,1,30,,35638,,,1,70,,35618,,,1,30,,35639,,,1,70,,35619,,,1,30,,35640,,,1,70,,35620,,,1
901,'20260408',508,,35646,,,1,30,,35667,,,1,75,,35647,,,1,15,,35665,,,1,10,,35668,,,1,10,,35688,,,1,10,,35685,,,1,50,,35648,,,1,10,,35687,,,1,10,,35666,,,1,10,,35669,,,1,10,,35689,,,1,10,,35686,,,1,56,,35649,,,1,30,,35670,,,1,70,,35650,,,1,30,,35671,,,1,70,,35651,,,1,30,,35672,,,1,70,,35652,,,1,30,,35673,,,1,70,,35653,,,1,30,,35674,,,1,70,,35654,,,1,30,,35675,,,1,70,,35655,,,1,30,,35676,,,1,70,,35656,,,1,30,,35677,,,1,70,,35657,,,1,30,,35678,,,1,70,,35658,,,1,30,,35679,,,1,70,,35659,,,1,30,,35680,,,1,70,,35660,,,1,30,,35681,,,1,70,,35661,,,1,30,,35682,,,1,70,,35662,,,1,30,,35683,,,1,70,,35663,,,1,30,,35684,,,1,70,,35664,,,1
901,'20260409',508,,35690,,,1,30,,35711,,,1,75,,35691,,,1,15,,35709,,,1,10,,35712,,,1,10,,35732,,,1,10,,35729,,,1,50,,35692,,,1,10,,35731,,,1,10,,35710,,,1,10,,35713,,,1,10,,35733,,,1,10,,35730,,,1,56,,35693,,,1,30,,35714,,,1,70,,35694,,,1,30,,35715,,,1,70,,35695,,,1,30,,35716,,,1,70,,35696,,,1,30,,35717,,,1,70,,35697,,,1,30,,35718,,,1,70,,35698,,,1,30,,35719,,,1,70,,35699,,,1,30,,35720,,,1,70,,35700,,,1,30,,35721,,,1,70,,35701,,,1,30,,35722,,,1,70,,35702,,,1,30,,35723,,,1,70,,35703,,,1,30,,35724,,,1,70,,35704,,,1,30,,35725,,,1,70,,35705,,,1,30,,35726,,,1,70,,35706,,,1,30,,35727,,,1,70,,35707,,,1,30,,35728,,,1,70,,35708,,,1
901,'20260410',508,,35734,,,1,30,,35755,,,1,75,,35735,,,1,15,,35753,,,1,10,,35756,,,1,10,,35777,,,1,10,,35774,,,1,50,,35736,,,1,10,,35776,,,1,10,,35754,,,1,10,,35757,,,1,10,,35778,,,1,10,,35775,,,1,56,,35737,,,1,30,,35758,,,1,70,,35738,,,1,30,,35759,,,1,70,,35739,,,1,30,,35760,,,1,70,,35740,,,1,30,,35761,,,1,70,,35741,,,1,30,,35762,,,1,70,,35742,,,1,30,,35763,,,1,70,,35743,,,1,30,,35764,,,1,70,,35744,,,1,30,,35765,,,1,70,,35745,,,1,30,,35766,,,1,70,,35746,,,1,30,,35767,,,1,70,,35747,,,1,30,,35768,,,1,70,,35748,,,1,30,,35769,,,1,70,,35749,,,1,30,,35770,,,1,70,,35750,,,1,30,,35771,,,1,70,,35751,,,1,30,,35772,,,1,70,,35752,,,1,30,,35773,,,1
901,'20260411',744,,35795,,,1,70,,35779,,,1,30,,35796,,,1,70,,35780,,,1,30,,35797,,,1,70,,35781,,,1,30,,35798,,,1,70,,35782,,,1,30,,35799,,,1,70,,35783,,,1,30,,35800,,,1,70,,35784,,,1,30,,35801,,,1,70,,35785,,,1,30,,35802,,,1,70,,35786,,,1,30,,35803,,,1,70,,35787,,,1,30,,35804,,,1,70,,35788,,,1,30,,35805,,,1,70,,35789,,,1,30,,35806,,,1,70,,35790,,,1,30,,35807,,,1,70,,35791,,,1,30,,35808,,,1,70,,35792,,,1,30,,35809,,,1,70,,35793,,,1,30,,35810,,,1,70,,35794,,,1,30,,35811,,,1
901,'20260412',744,,35828,,,1,70,,35812,,,1,30,,35829,,,1,70,,35813,,,1,30,,35830,,,1,70,,35814,,,1,30,,35831,,,1,70,,35815,,,1,30,,35832,,,1,70,,35816,,,1,30,,35833,,,1,70,,35817,,,1,30,,35834,,,1,70,,35818,,,1,30,,35835,,,1,70,,35819,,,1,30,,35836,,,1,70,,35820,,,1,30,,35837,,,1,70,,35821,,,1,30,,35838,,,1,70,,35822,,,1,30,,35839,,,1,70,,35823,,,1,30,,35840,,,1,70,,35824,,,1,30,,35841,,,1,70,,35825,,,1,30,,35842,,,1,70,,35826,,,1,30,,35843,,,1,70,,35827,,,1,30,,36574,,,1
901,'20260413',508,,35844,,,1,30,,35865,,,1,75,,35845,,,1,15,,35863,,,1,10,,35866,,,1,10,,35886,,,1,10,,35883,,,1,50,,35846,,,1,10,,35885,,,1,10,,35864,,,1,10,,35867,,,1,10,,35887,,,1,10,,35884,,,1,56,,35847,,,1,30,,35868,,,1,70,,35848,,,1,30,,35869,,,1,70,,35849,,,1,30,,35870,,,1,70,,35850,,,1,30,,35871,,,1,70,,35851,,,1,30,,35872,,,1,70,,35852,,,1,30,,35873,,,1,70,,35853,,,1,30,,35874,,,1,70,,35854,,,1,30,,35875,,,1,70,,35855,,,1,30,,35876,,,1,70,,35856,,,1,30,,35877,,,1,70,,35857,,,1,30,,35878,,,1,70,,35858,,,1,30,,35879,,,1,70,,35859,,,1,30,,35880,,,1,70,,35860,,,1,30,,35881,,,1,70,,35861,,,1,30,,35882,,,1,70,,35862,,,1
901,'20260414',508,,35888,,,1,30,,35909,,,1,75,,35889,,,1,15,,35907,,,1,10,,35910,,,1,10,,35930,,,1,10,,35927,,,1,50,,35890,,,1,10,,35929,,,1,10,,35908,,,1,10,,35911,,,1,10,,35931,,,1,10,,35928,,,1,56,,35891,,,1,30,,35912,,,1,70,,35892,,,1,30,,35913,,,1,70,,35893,,,1,30,,35914,,,1,70,,35894,,,1,30,,35915,,,1,70,,35895,,,1,30,,35916,,,1,70,,35896,,,1,30,,35917,,,1,70,,35897,,,1,30,,35918,,,1,70,,35898,,,1,30,,35919,,,1,70,,35899,,,1,30,,35920,,,1,70,,35900,,,1,30,,35921,,,1,70,,35901,,,1,30,,35922,,,1,70,,35902,,,1,30,,35923,,,1,70,,35903,,,1,30,,35924,,,1,70,,35904,,,1,30,,35925,,,1,70,,35905,,,1,30,,35926,,,1,70,,35906,,,1
901,'20260415',508,,35932,,,1,30,,35953,,,1,75,,35933,,,1,15,,35951,,,1,10,,35954,,,1,10,,35974,,,1,10,,35971,,,1,50,,35934,,,1,10,,35973,,,1,10,,35952,,,1,10,,35955,,,1,10,,35975,,,1,10,,35972,,,1,56,,35935,,,1,30,,35956,,,1,70,,35936,,,1,30,,35957,,,1,70,,35937,,,1,30,,35958,,,1,70,,35938,,,1,30,,35959,,,1,70,,35939,,,1,30,,35960,,,1,70,,35940,,,1,30,,35961,,,1,70,,35941,,,1,30,,35962,,,1,70,,35942,,,1,30,,35963,,,1,70,,35943,,,1,30,,35964,,,1,70,,35944,,,1,30,,35965,,,1,70,,35945,,,1,30,,35966,,,1,70,,35946,,,1,30,,35967,,,1,70,,35947,,,1,30,,35968,,,1,70,,35948,,,1,30,,35969,,,1,70,,35949,,,1,30,,35970,,,1,70,,35950,,,1
901,'20260416',508,,35976,,,1,30,,35997,,,1,75,,35977,,,1,15,,35995,,,1,10,,35998,,,1,10,,36018,,,1,10,,36015,,,1,50,,35978,,,1,10,,36017,,,1,10,,35996,,,1,10,,35999,,,1,10,,36019,,,1,10,,36016,,,1,56,,35979,,,1,30,,36000,,,1,70,,35980,,,1,30,,36001,,,1,70,,35981,,,1,30,,36002,,,1,70,,35982,,,1,30,,36003,,,1,70,,35983,,,1,30,,36004,,,1,70,,35984,,,1,30,,36005,,,1,70,,35985,,,1,30,,36006,,,1,70,,35986,,,1,30,,36007,,,1,70,,35987,,,1,30,,36008,,,1,70,,35988,,,1,30,,36009,,,1,70,,35989,,,1,30,,36010,,,1,70,,35990,,,1,30,,36011,,,1,70,,35991,,,1,30,,36012,,,1,70,,35992,,,1,30,,36013,,,1,70,,35993,,,1,30,,36014,,,1,70,,35994,,,1
901,'20260417',508,,36020,,,1,30,,36041,,,1,75,,36021,,,1,15,,36039,,,1,10,,36042,,,1,10,,36063,,,1,10,,36060,,,1,50,,36022,,,1,10,,36062,,,1,10,,36040,,,1,10,,36043,,,1,10,,36064,,,1,10,,36061,,,1,56,,36023,,,1,30,,36044,,,1,70,,36024,,,1,30,,36045,,,1,70,,36025,,,1,30,,36046,,,1,70,,36026,,,1,30,,36047,,,1,70,,36027,,,1,30,,36048,,,1,70,,36028,,,1,30,,36049,,,1,70,,36029,,,1,30,,36050,,,1,70,,36030,,,1,30,,36051,,,1,70,,36031,,,1,30,,36052,,,1,70,,36032,,,1,30,,36053,,,1,70,,36033,,,1,30,,36054,,,1,70,,36034,,,1,30,,36055,,,1,70,,36035,,,1,30,,36056,,,1,70,,36036,,,1,30,,36057,,,1,70,,36037,,,1,30,,36058,,,1,70,,36038,,,1,30,,36059,,,1
901,'20260418',744,,36081,,,1,70,,36065,,,1,30,,36082,,,1,70,,36066,,,1,30,,36083,,,1,70,,36067,,,1,30,,36084,,,1,70,,36068,,,1,30,,36085,,,1,70,,36069,,,1,30,,36086,,,1,70,,36070,,,1,30,,36087,,,1,70,,36071,,,1,30,,36088,,,1,70,,36072,,,1,30,,36089,,,1,70,,36073,,,1,30,,36090,,,1,70,,36074,,,1,30,,36091,,,1,70,,36075,,,1,30,,36092,,,1,70,,36076,,,1,30,,36093,,,1,70,,36077,,,1,30,,36094,,,1,70,,36078,,,1,30,,36095,,,1,70,,36079,,,1,30,,36096,,,1,70,,36080,,,1,30,,36097,,,1
901,'20260419',744,,36114,,,1,70,,36098,,,1,30,,36115,,,1,70,,36099,,,1,30,,36116,,,1,70,,36100,,,1,30,,36117,,,1,70,,36101,,,1,30,,36118,,,1,70,,36102,,,1,30,,36119,,,1,70,,36103,,,1,30,,36120,,,1,70,,36104,,,1,30,,36121,,,1,70,,36105,,,1,30,,36122,,,1,70,,36106,,,1,30,,36123,,,1,70,,36107,,,1,30,,36124,,,1,70,,36108,,,1,30,,36125,,,1,70,,36109,,,1,30,,36126,,,1,70,,36110,,,1,30,,36127,,,1,70,,36111,,,1,30,,36128,,,1,70,,36112,,,1,30,,36129,,,1,70,,36113,,,1,30,,36575,,,1
901,'20260420',508,,36130,,,1,30,,36151,,,1,75,,36131,,,1,15,,36149,,,1,10,,36152,,,1,10,,36172,,,1,10,,36169,,,1,50,,36132,,,1,10,,36171,,,1,10,,36150,,,1,10,,36153,,,1,10,,36173,,,1,10,,36170,,,1,56,,36133,,,1,30,,36154,,,1,70,,36134,,,1,30,,36155,,,1,70,,36135,,,1,30,,36156,,,1,70,,36136,,,1,30,,36157,,,1,70,,36137,,,1,30,,36158,,,1,70,,36138,,,1,30,,36159,,,1,70,,36139,,,1,30,,36160,,,1,70,,36140,,,1,30,,36161,,,1,70,,36141,,,1,30,,36162,,,1,70,,36142,,,1,30,,36163,,,1,70,,36143,,,1,30,,36164,,,1,70,,36144,,,1,30,,36165,,,1,70,,36145,,,1,30,,36166,,,1,70,,36146,,,1,30,,36167,,,1,70,,36147,,,1,30,,36168,,,1,70,,36148,,,1
901,'20260421',508,,36174,,,1,30,,36195,,,1,75,,36175,,,1,15,,36193,,,1,10,,36196,,,1,10,,36216,,,1,10,,36213,,,1,50,,36176,,,1,10,,36215,,,1,10,,36194,,,1,10,,36197,,,1,10,,36217,,,1,10,,36214,,,1,56,,36177,,,1,30,,36198,,,1,70,,36178,,,1,30,,36199,,,1,70,,36179,,,1,30,,36200,,,1,70,,36180,,,1,30,,36201,,,1,70,,36181,,,1,30,,36202,,,1,70,,36182,,,1,30,,36203,,,1,70,,36183,,,1,30,,36204,,,1,70,,36184,,,1,30,,36205,,,1,70,,36185,,,1,30,,36206,,,1,70,,36186,,,1,30,,36207,,,1,70,,36187,,,1,30,,36208,,,1,70,,36188,,,1,30,,36209,,,1,70,,36189,,,1,30,,36210,,,1,70,,36190,,,1,30,,36211,,,1,70,,36191,,,1,30,,36212,,,1,70,,36192,,,1
901,'20260422',508,,36218,,,1,30,,36239,,,1,75,,36219,,,1,15,,36237,,,1,10,,36240,,,1,10,,36260,,,1,10,,36257,,,1,50,,36220,,,1,10,,36259,,,1,10,,36238,,,1,10,,36241,,,1,10,,36261,,,1,10,,36258,,,1,56,,36221,,,1,30,,36242,,,1,70,,36222,,,1,30,,36243,,,1,70,,36223,,,1,30,,36244,,,1,70,,36224,,,1,30,,36245,,,1,70,,36225,,,1,30,,36246,,,1,70,,36226,,,1,30,,36247,,,1,70,,36227,,,1,30,,36248,,,1,70,,36228,,,1,30,,36249,,,1,70,,36229,,,1,30,,36250,,,1,70,,36230,,,1,30,,36251,,,1,70,,36231,,,1,30,,36252,,,1,70,,36232,,,1,30,,36253,,,1,70,,36233,,,1,30,,36254,,,1,70,,36234,,,1,30,,36255,,,1,70,,36235,,,1,30,,36256,,,1,70,,36236,,,1
901,'20260423',508,,36262,,,1,30,,36283,,,1,75,,36263,,,1,15,,36281,,,1,10,,36284,,,1,10,,36304,,,1,10,,36301,,,1,50,,36264,,,1,10,,36303,,,1,10,,36282,,,1,10,,36285,,,1,10,,36305,,,1,10,,36302,,,1,56,,36265,,,1,30,,36286,,,1,70,,36266,,,1,30,,36287,,,1,70,,36267,,,1,30,,36288,,,1,70,,36268,,,1,30,,36289,,,1,70,,36269,,,1,30,,36290,,,1,70,,36270,,,1,30,,36291,,,1,70,,36271,,,1,30,,36292,,,1,70,,36272,,,1,30,,36293,,,1,70,,36273,,,1,30,,36294,,,1,70,,36274,,,1,30,,36295,,,1,70,,36275,,,1,30,,36296,,,1,70,,36276,,,1,30,,36297,,,1,70,,36277,,,1,30,,36298,,,1,70,,36278,,,1,30,,36299,,,1,70,,36279,,,1,30,,36300,,,1,70,,36280,,,1
901,'20260424',508,,36306,,,1,30,,36327,,,1,75,,36307,,,1,15,,36325,,,1,10,,36328,,,1,10,,36349,,,1,10,,36346,,,1,50,,36308,,,1,10,,36348,,,1,10,,36326,,,1,10,,36329,,,1,10,,36350,,,1,10,,36347,,,1,56,,36309,,,1,30,,36330,,,1,70,,36310,,,1,30,,36331,,,1,70,,36311,,,1,30,,36332,,,1,70,,36312,,,1,30,,36333,,,1,70,,36313,,,1,30,,36334,,,1,70,,36314,,,1,30,,36335,,,1,70,,36315,,,1,30,,36336,,,1,70,,36316,,,1,30,,36337,,,1,70,,36317,,,1,30,,36338,,,1,70,,36318,,,1,30,,36339,,,1,70,,36319,,,1,30,,36340,,,1,70,,36320,,,1,30,,36341,,,1,70,,36321,,,1,30,,36342,,,1,70,,36322,,,1,30,,36343,,,1,70,,36323,,,1,30,,36344,,,1,70,,36324,,,1,30,,36345,,,1
