500,'20260506',1107,,24149,28,,,1,405,,24150,28,,,1,107,,24145,28,4,,1,93,,24151,28,,,1,45,,24148,28,,,1,70,,24146,28,,,1,15,,24147,28,,,1,70,,24152,28,,,1,404,,24153,28,,,1,93,,24154,28,,,1
500,'20260507',1107,,24166,28,,,1,405,,24167,28,,,1,107,,24162,28,4,,1,93,,24168,28,,,1,45,,24165,28,,,1,70,,24163,28,,,1,15,,24164,28,,,1,70,,24169,28,,,1,404,,24170,28,,,1,93,,24171,28,,,1
500,'20260508',1107,,24183,28,,,1,405,,24184,28,,,1,107,,24179,28,4,,1,93,,24185,28,,,1,45,,24182,28,,,1,70,,24180,28,,,1,15,,24181,28,,,1,70,,24186,28,,,1,404,,24187,28,,,1,93,,24188,28,,,1
500,'20260509',1005,,24198,28,,,1,302,,24199,28,,,1,300,,24200,28,,,1,300,,24201,28,,,1,303,,24202,28,,,1,105,,24197,28,4,,1,94,,24203,28,,,1
500,'20260510',1005,,24213,28,,,1,302,,24214,28,,,1,300,,24215,28,,,1,300,,24216,28,,,1,303,,24217,28,,,1,105,,24212,28,4,,1,94,,24218,28,,,1
500,'20260511',1107,,24230,28,,,1,405,,24231,28,,,1,107,,24226,28,4,,1,93,,24232,28,,,1,45,,24229,28,,,1,70,,24227,28,,,1,15,,24228,28,,,1,70,,24233,28,,,1,404,,24234,28,,,1,93,,24235,28,,,1
500,'20260512',1107,,24247,28,,,1,405,,24248,28,,,1,107,,24243,28,4,,1,93,,24249,28,,,1,45,,24246,28,,,1,70,,24244,28,,,1,15,,24245,28,,,1,70,,24250,28,,,1,404,,24251,28,,,1,93,,24252,28,,,1
500,'20260513',1107,,24264,28,,,1,405,,24265,28,,,1,107,,24260,28,4,,1,93,,24266,28,,,1,45,,24263,28,,,1,70,,24261,28,,,1,15,,24262,28,,,1,70,,24267,28,,,1,404,,24268,28,,,1,93,,24269,28,,,1
500,'20260514',1107,,24281,28,,,1,405,,24282,28,,,1,107,,24277,28,4,,1,93,,24283,28,,,1,45,,24280,28,,,1,70,,24278,28,,,1,15,,24279,28,,,1,70,,24284,28,,,1,404,,24285,28,,,1,93,,24286,28,,,1
500,'20260515',1107,,24298,28,,,1,407,,24299,28,,,1,103,,24294,28,4,,1,93,,24300,28,,,1,45,,24297,28,,,1,70,,24295,28,,,1,15,,24296,28,,,1,70,,24301,28,,,1,404,,24302,28,,,1,93,,24303,28,,,1
500,'20260516',1005,,24313,19,,,1,302,,24314,19,,,1,300,,24315,19,,,1,300,,24316,19,,,1,304,,24317,19,,,1,102,,24312,19,4,,1,94,,24318,19,,,1
500,'20260517',1005,,24328,19,,,1,302,,24329,19,,,1,300,,24330,19,,,1,300,,24331,19,,,1,304,,24332,19,,,1,102,,24327,19,4,,1,94,,24333,19,,,1
500,'20260518',1005,,24343,19,,,1,302,,24344,19,,,1,300,,24345,19,,,1,300,,24346,19,,,1,304,,24347,19,,,1,102,,24342,19,4,,1,94,,24348,19,,,1
500,'20260519',1108,,24360,28,,,1,405,,24361,28,,,1,105,,24356,28,4,,1,93,,24362,28,,,1,45,,24359,28,,,1,70,,24357,28,,,1,15,,24358,28,,,1,70,,24363,28,,,1,403,,24364,28,,,1,94,,24365,28,,,1
500,'20260520',1107,,24377,28,,,1,407,,24378,28,,,1,103,,24373,28,4,,1,93,,24379,28,,,1,45,,24376,28,,,1,70,,24374,28,,,1,15,,24375,28,,,1,70,,24380,28,,,1,404,,24381,28,,,1,93,,24382,28,,,1
500,'20260521',1107,,24394,28,,,1,407,,24395,28,,,1,103,,24390,28,4,,1,93,,24396,28,,,1,45,,24393,28,,,1,70,,24391,28,,,1,15,,24392,28,,,1,70,,24397,28,,,1,404,,24398,28,,,1,93,,24399,28,,,1
500,'20260522',1107,,24411,28,,,1,407,,24412,28,,,1,103,,24407,28,4,,1,93,,24413,28,,,1,45,,24410,28,,,1,70,,24408,28,,,1,15,,24409,28,,,1,70,,24414,28,,,1,404,,24415,28,,,1,93,,24416,28,,,1
500,'20260525',1107,,24458,28,,,1,408,,24459,28,,,1,103,,24454,28,4,,1,93,,24460,28,,,1,45,,24457,28,,,1,70,,24455,28,,,1,15,,24456,28,,,1,70,,24461,28,,,1,405,,24462,28,,,1,92,,24463,28,,,1
500,'20260526',1107,,24475,28,,,1,407,,24476,28,,,1,103,,24471,28,4,,1,93,,24477,28,,,1,45,,24474,28,,,1,70,,24472,28,,,1,15,,24473,28,,,1,70,,24478,28,,,1,404,,24479,28,,,1,93,,24480,28,,,1
500,'20260527',1107,,24492,28,,,1,407,,24493,28,,,1,103,,24488,28,4,,1,93,,24494,28,,,1,45,,24491,28,,,1,70,,24489,28,,,1,15,,24490,28,,,1,70,,24495,28,,,1,404,,24496,28,,,1,101,,32082,28,,,1
500,'20260528',1107,,24509,28,,,1,407,,24510,28,,,1,103,,24505,28,4,,1,93,,24511,28,,,1,45,,24508,28,,,1,70,,24506,28,,,1,15,,24507,28,,,1,70,,24512,28,,,1,404,,24513,28,,,1,101,,32083,28,,,1
500,'20260529',1107,,24526,28,,,1,407,,24527,28,,,1,103,,24522,28,4,,1,93,,24528,28,,,1,45,,24525,28,,,1,70,,24523,28,,,1,15,,24524,28,,,1,70,,24529,28,,,1,404,,24530,28,,,1,93,,24531,28,,,1
500,'20260601',1107,,24573,28,,,1,408,,24574,28,,,1,103,,24569,28,4,,1,93,,24575,28,,,1,45,,24572,28,,,1,70,,24570,28,,,1,15,,24571,28,,,1,70,,24576,28,,,1,405,,24577,28,,,1,92,,24578,28,,,1
500,'20260602',1107,,24590,28,,,1,407,,24591,28,,,1,103,,24586,28,4,,1,93,,24592,28,,,1,45,,24589,28,,,1,70,,24587,28,,,1,15,,24588,28,,,1,70,,24593,28,,,1,404,,24594,28,,,1,93,,24595,28,,,1
500,'20260603',1107,,24607,28,,,1,407,,24608,28,,,1,103,,24603,28,4,,1,93,,24609,28,,,1,45,,24606,28,,,1,70,,24604,28,,,1,15,,24605,28,,,1,70,,24610,28,,,1,404,,24611,28,,,1,101,,32084,28,,,1
500,'20260604',1107,,24624,28,,,1,407,,24625,28,,,1,103,,24620,28,4,,1,93,,24626,28,,,1,45,,24623,28,,,1,70,,24621,28,,,1,15,,24622,28,,,1,70,,24627,28,,,1,404,,24628,28,,,1,101,,32085,28,,,1
500,'20260605',1107,,24641,28,,,1,407,,24642,28,,,1,103,,24637,28,4,,1,93,,24643,28,,,1,45,,24640,28,,,1,70,,24638,28,,,1,15,,24639,28,,,1,70,,24644,28,,,1,404,,24645,28,,,1,93,,24646,28,,,1
500,'20260608',1107,,24688,28,,,1,408,,24689,28,,,1,103,,24684,28,4,,1,93,,24690,28,,,1,45,,24687,28,,,1,70,,24685,28,,,1,15,,24686,28,,,1,70,,24691,28,,,1,405,,24692,28,,,1,92,,24693,28,,,1
500,'20260609',1107,,24705,28,,,1,407,,24706,28,,,1,103,,24701,28,4,,1,93,,24707,28,,,1,45,,24704,28,,,1,70,,24702,28,,,1,15,,24703,28,,,1,70,,24708,28,,,1,404,,24709,28,,,1,93,,24710,28,,,1
500,'20260610',1107,,24722,28,,,1,407,,24723,28,,,1,103,,24718,28,4,,1,93,,24724,28,,,1,45,,24721,28,,,1,70,,24719,28,,,1,15,,24720,28,,,1,70,,24725,28,,,1,404,,24726,28,,,1,101,,32086,28,,,1
500,'20260611',1107,,24739,28,,,1,407,,24740,28,,,1,103,,24735,28,4,,1,93,,24741,28,,,1,45,,24738,28,,,1,70,,24736,28,,,1,15,,24737,28,,,1,70,,24742,28,,,1,404,,24743,28,,,1,101,,32087,28,,,1
500,'20260612',1107,,24756,28,,,1,407,,24757,28,,,1,103,,24752,28,4,,1,93,,24758,28,,,1,45,,24755,28,,,1,70,,24753,28,,,1,15,,24754,28,,,1,70,,24759,28,,,1,404,,24760,28,,,1,93,,24761,28,,,1
501,'20260506',514,,24918,1,,,1,28,,24919,8,,,1,68,,24921,8,,,1,30,,24920,8,,,1,82,,24922,8,,,1,15,,24923,8,,,1,94,,24924,8,,,1,100,,24925,8,,,1,405,,24926,8,,,1,803,,24927,8,,,1
501,'20260507',514,,24935,1,,,1,28,,24936,8,,,1,68,,24938,8,,,1,30,,24937,8,,,1,82,,24939,8,,,1,15,,24940,8,,,1,94,,24941,8,,,1,100,,24942,8,,,1,405,,24943,8,,,1,803,,24944,8,,,1
501,'20260508',514,,24952,1,,,1,28,,24953,8,,,1,68,,24955,8,,,1,30,,24954,8,,,1,82,,24956,8,,,1,15,,24957,8,,,1,94,,24958,8,,,1,100,,24959,8,,,1,405,,24960,8,,,1,803,,24961,8,,,1
501,'20260509',730,,24971,8,,,1,100,,24972,8,,,1,304,,24973,8,,,1,300,,24974,8,,,1,296,,24975,8,,,1,307,,24976,8,,,1
501,'20260510',730,,24986,8,,,1,100,,24987,8,,,1,304,,24988,8,,,1,300,,24989,8,,,1,296,,24990,8,,,1,307,,24991,8,,,1
501,'20260511',514,,24999,1,,,1,28,,25000,8,,,1,68,,25002,8,,,1,30,,25001,8,,,1,82,,25003,8,,,1,15,,25004,8,,,1,94,,25005,8,,,1,100,,25006,8,,,1,405,,25007,8,,,1,803,,25008,8,,,1
501,'20260512',514,,25016,1,,,1,28,,25017,8,,,1,68,,25019,8,,,1,30,,25018,8,,,1,82,,25020,8,,,1,15,,25021,8,,,1,94,,25022,8,,,1,100,,25023,8,,,1,405,,25024,8,,,1,803,,25025,8,,,1
501,'20260513',514,,25033,1,,,1,28,,25034,8,,,1,68,,25036,8,,,1,30,,25035,8,,,1,82,,25037,8,,,1,15,,25038,8,,,1,94,,25039,8,,,1,100,,25040,8,,,1,405,,25041,8,,,1,803,,25042,8,,,1
501,'20260514',514,,25050,1,,,1,28,,25051,8,,,1,68,,25053,8,,,1,30,,25052,8,,,1,82,,25054,8,,,1,15,,25055,8,,,1,94,,25056,8,,,1,100,,25057,8,,,1,405,,25058,8,,,1,803,,25059,8,,,1
501,'20260515',514,,25067,1,,,1,28,,25068,8,,,1,70,,25070,8,,,1,30,,25069,8,,,1,80,,25071,8,,,1,15,,25072,8,,,1,94,,25073,8,,,1,100,,25074,8,,,1,407,,25075,8,,,1,801,,25076,8,,,1
501,'20260516',730,,25086,8,0,39 40,1,100,,25087,8,0,39 40,1,304,,25088,8,0,39 40,1,300,,25089,8,0,39 40,1,300,,25090,8,0,39 40,1,303,,25091,8,0,39 40,1
501,'20260517',730,,25101,8,0,39 40,1,100,,25102,8,0,39 40,1,304,,25103,8,0,39 40,1,300,,25104,8,0,39 40,1,300,,25105,8,0,39 40,1,303,,25106,8,0,39 40,1
501,'20260518',730,,25116,8,0,39 40,1,100,,25117,8,0,39 40,1,304,,25118,8,0,39 40,1,300,,25119,8,0,39 40,1,300,,25120,8,0,39 40,1,303,,25121,8,0,39 40,1
501,'20260519',514,,25129,1,,,1,28,,25130,8,,,1,70,,25132,8,,,1,30,,25131,8,,,1,80,,25133,8,,,1,15,,25134,8,,,1,94,,25135,8,,,1,100,,25136,8,,,1,406,,25137,8,,,1,801,,25138,8,,,1
501,'20260520',514,,25146,1,,,1,28,,25147,8,,,1,70,,25149,8,,,1,30,,25148,8,,,1,80,,25150,8,,,1,15,,25151,8,,,1,94,,25152,8,,,1,100,,25153,8,,,1,407,,25154,8,,,1,801,,25155,8,,,1
501,'20260521',514,,25163,1,,,1,28,,25164,8,,,1,70,,25166,8,,,1,30,,25165,8,,,1,80,,25167,8,,,1,15,,25168,8,,,1,94,,25169,8,,,1,100,,25170,8,,,1,407,,25171,8,,,1,801,,25172,8,,,1
501,'20260522',514,,25180,1,,,1,28,,25181,8,,,1,70,,25183,8,,,1,30,,25182,8,,,1,80,,25184,8,,,1,15,,25185,8,,,1,94,,25186,8,,,1,100,,25187,8,,,1,407,,25188,8,,,1,801,,25189,8,,,1
501,'20260525',514,,25227,1,,,1,28,,25228,8,,,1,70,,25230,8,,,1,30,,25229,8,,,1,80,,25231,8,,,1,15,,25232,8,,,1,94,,25233,8,,,1,98,,25234,8,,,1,408,,25235,8,,,1,802,,25236,8,,,1
501,'20260526',514,,25244,1,,,1,28,,25245,8,,,1,70,,25247,8,,,1,30,,25246,8,,,1,80,,25248,8,,,1,15,,25249,8,,,1,94,,25250,8,,,1,100,,25251,8,,,1,407,,25252,8,,,1,801,,25253,8,,,1
501,'20260527',514,,25261,1,,,1,28,,25262,8,,,1,70,,25264,8,,,1,30,,25263,8,,,1,80,,25265,8,,,1,15,,25266,8,,,1,94,,25267,8,,,1,100,,25268,8,,,1,407,,25269,8,,,1,801,,25270,8,,,1
501,'20260528',514,,25278,1,,,1,28,,25279,8,,,1,70,,25281,8,,,1,30,,25280,8,,,1,80,,25282,8,,,1,15,,25283,8,,,1,94,,25284,8,,,1,100,,25285,8,,,1,407,,25286,8,,,1,801,,25287,8,,,1
501,'20260529',514,,25295,1,,,1,28,,25296,8,,,1,70,,25298,8,,,1,30,,25297,8,,,1,80,,25299,8,,,1,15,,25300,8,,,1,94,,25301,8,,,1,100,,25302,8,,,1,407,,25303,8,,,1,801,,25304,8,,,1
501,'20260601',514,,25342,1,,,1,28,,25343,8,,,1,70,,25345,8,,,1,30,,25344,8,,,1,80,,25346,8,,,1,15,,25347,8,,,1,94,,25348,8,,,1,98,,25349,8,,,1,408,,25350,8,,,1,802,,25351,8,,,1
501,'20260602',514,,25359,1,,,1,28,,25360,8,,,1,70,,25362,8,,,1,30,,25361,8,,,1,80,,25363,8,,,1,15,,25364,8,,,1,94,,25365,8,,,1,100,,25366,8,,,1,407,,25367,8,,,1,801,,25368,8,,,1
501,'20260603',514,,25376,1,,,1,28,,25377,8,,,1,70,,25379,8,,,1,30,,25378,8,,,1,80,,25380,8,,,1,15,,25381,8,,,1,94,,25382,8,,,1,100,,25383,8,,,1,407,,25384,8,,,1,801,,25385,8,,,1
501,'20260604',514,,25393,1,,,1,28,,25394,8,,,1,70,,25396,8,,,1,30,,25395,8,,,1,80,,25397,8,,,1,15,,25398,8,,,1,94,,25399,8,,,1,100,,25400,8,,,1,407,,25401,8,,,1,801,,25402,8,,,1
501,'20260605',514,,25410,1,,,1,28,,25411,8,,,1,70,,25413,8,,,1,30,,25412,8,,,1,80,,25414,8,,,1,15,,25415,8,,,1,94,,25416,8,,,1,100,,25417,8,,,1,407,,25418,8,,,1,801,,25419,8,,,1
501,'20260608',514,,25457,1,,,1,28,,25458,8,,,1,70,,25460,8,,,1,30,,25459,8,,,1,80,,25461,8,,,1,15,,25462,8,,,1,94,,25463,8,,,1,98,,25464,8,,,1,408,,25465,8,,,1,802,,25466,8,,,1
501,'20260609',514,,25474,1,,,1,28,,25475,8,,,1,70,,25477,8,,,1,30,,25476,8,,,1,80,,25478,8,,,1,15,,25479,8,,,1,94,,25480,8,,,1,100,,25481,8,,,1,407,,25482,8,,,1,801,,25483,8,,,1
501,'20260610',514,,25491,1,,,1,28,,25492,8,,,1,70,,25494,8,,,1,30,,25493,8,,,1,80,,25495,8,,,1,15,,25496,8,,,1,94,,25497,8,,,1,100,,25498,8,,,1,407,,25499,8,,,1,801,,25500,8,,,1
501,'20260611',514,,25508,1,,,1,28,,25509,8,,,1,70,,25511,8,,,1,30,,25510,8,,,1,80,,25512,8,,,1,15,,25513,8,,,1,94,,25514,8,,,1,100,,25515,8,,,1,407,,25516,8,,,1,801,,25517,8,,,1
501,'20260612',514,,25525,1,,,1,28,,25526,8,,,1,70,,25528,8,,,1,30,,25527,8,,,1,80,,25529,8,,,1,15,,25530,8,,,1,94,,25531,8,,,1,100,,25532,8,,,1,407,,25533,8,,,1,801,,25534,8,,,1
