500,'20260514',1137,,24281,35,4,,1,405,,24282,35,4,,1,201,,24283,35,4,,1,85,,24280,35,4,,1,30,,24278,35,4,,1,55,,24279,35,4,,1,30,,24284,35,4,,1,403,,24285,35,4,,1,93,,24286,35,4,,1
500,'20260515',1137,,24298,35,4,,1,407,,24299,35,4,,1,197,,24300,35,4,,1,85,,24297,35,4,,1,30,,24295,35,4,,1,55,,24296,35,4,,1,30,,24301,35,4,,1,403,,24302,35,4,,1,93,,24303,35,4,,1
500,'20260516',1035,,24313,26,4,,1,302,,24314,26,4,,1,300,,24315,26,4,,1,300,,24316,26,4,,1,304,,24317,26,4,,1,196,,24318,26,4,,1
500,'20260517',1035,,24328,26,4,,1,302,,24329,26,4,,1,300,,24330,26,4,,1,300,,24331,26,4,,1,304,,24332,26,4,,1,196,,24333,26,4,,1
500,'20260518',1035,,24343,26,4,,1,302,,24344,26,4,,1,300,,24345,26,4,,1,300,,24346,26,4,,1,304,,24347,26,4,,1,196,,24348,26,4,,1
500,'20260519',1138,,24360,35,4,,1,405,,24361,35,4,,1,199,,24362,35,4,,1,85,,24359,35,4,,1,30,,24357,35,4,,1,55,,24358,35,4,,1,30,,24363,35,4,,1,402,,24364,35,4,,1,94,,24365,35,4,,1
500,'20260520',1137,,24377,35,4,,1,407,,24378,35,4,,1,197,,24379,35,4,,1,85,,24376,35,4,,1,30,,24374,35,4,,1,55,,24375,35,4,,1,30,,24380,35,4,,1,403,,24381,35,4,,1,93,,24382,35,4,,1
500,'20260521',1137,,24394,35,4,,1,407,,24395,35,4,,1,197,,24396,35,4,,1,85,,24393,35,4,,1,30,,24391,35,4,,1,55,,24392,35,4,,1,30,,24397,35,4,,1,403,,24398,35,4,,1,93,,24399,35,4,,1
500,'20260522',1137,,24411,35,4,,1,407,,24412,35,4,,1,197,,24413,35,4,,1,85,,24410,35,4,,1,30,,24408,35,4,,1,55,,24409,35,4,,1,30,,24414,35,4,,1,403,,24415,35,4,,1,93,,24416,35,4,,1
500,'20260525',1137,,24458,35,4,,1,408,,24459,35,4,,1,197,,24460,35,4,,1,85,,24457,35,4,,1,30,,24455,35,4,,1,55,,24456,35,4,,1,30,,24461,35,4,,1,404,,24462,35,4,,1,92,,24463,35,4,,1
500,'20260526',1137,,24475,35,4,,1,407,,24476,35,4,,1,197,,24477,35,4,,1,85,,24474,35,4,,1,30,,24472,35,4,,1,55,,24473,35,4,,1,30,,24478,35,4,,1,403,,24479,35,4,,1,93,,24480,35,4,,1
500,'20260527',1137,,24492,35,4,,1,407,,24493,35,4,,1,197,,24494,35,4,,1,85,,24491,35,4,,1,30,,24489,35,4,,1,55,,24490,35,4,,1,30,,24495,35,4,,1,403,,24496,35,4,,1,101,,32082,35,4,,1
500,'20260528',1137,,24509,35,4,,1,407,,24510,35,4,,1,197,,24511,35,4,,1,85,,24508,35,4,,1,30,,24506,35,4,,1,55,,24507,35,4,,1,30,,24512,35,4,,1,403,,24513,35,4,,1,101,,32083,35,4,,1
500,'20260529',1137,,24526,35,4,,1,407,,24527,35,4,,1,197,,24528,35,4,,1,85,,24525,35,4,,1,30,,24523,35,4,,1,55,,24524,35,4,,1,30,,24529,35,4,,1,403,,24530,35,4,,1,93,,24531,35,4,,1
500,'20260601',1138,,24573,35,4,,1,407,,24574,35,4,,1,197,,24575,35,4,,1,85,,24572,35,4,,1,30,,24570,35,4,,1,55,,24571,35,4,,1,30,,24576,35,4,,1,403,,24577,35,4,,1,93,,24578,35,4,,1
500,'20260602',1137,,24590,35,4,,1,407,,24591,35,4,,1,197,,24592,35,4,,1,85,,24589,35,4,,1,30,,24587,35,4,,1,55,,24588,35,4,,1,30,,24593,35,4,,1,403,,24594,35,4,,1,93,,24595,35,4,,1
500,'20260603',1137,,24607,35,4,,1,407,,24608,35,4,,1,197,,24609,35,4,,1,85,,24606,35,4,,1,30,,24604,35,4,,1,55,,24605,35,4,,1,30,,24610,35,4,,1,403,,24611,35,4,,1,93,,48831,35,4,,1
500,'20260604',1137,,24624,35,4,,1,407,,24625,35,4,,1,197,,24626,35,4,,1,85,,24623,35,4,,1,30,,24621,35,4,,1,55,,24622,35,4,,1,30,,24627,35,4,,1,403,,24628,35,4,,1,93,,48832,35,4,,1
500,'20260605',1137,,24641,35,4,,1,407,,24642,35,4,,1,197,,24643,35,4,,1,85,,24640,35,4,,1,30,,24638,35,4,,1,55,,24639,35,4,,1,30,,24644,35,4,,1,403,,24645,35,4,,1,101,,48833,35,4,,1
500,'20260606',1035,,48843,35,4,,1,302,,48844,35,4,,1,300,,48845,35,4,,1,300,,48846,35,4,,1,304,,48847,35,4,,1,204,,48848,35,4,,1
500,'20260607',1035,,48858,35,4,,1,302,,48859,35,4,,1,300,,48860,35,4,,1,300,,48861,35,4,,1,304,,48862,35,4,,1,196,,48863,35,4,,1
500,'20260608',1137,,24688,35,4,,1,407,,24689,35,4,,1,197,,24690,35,4,,1,85,,24687,35,4,,1,30,,24685,35,4,,1,55,,24686,35,4,,1,30,,24691,35,4,,1,403,,24692,35,4,,1,93,,24693,35,4,,1
500,'20260609',1137,,24705,35,4,,1,407,,24706,35,4,,1,197,,24707,35,4,,1,85,,24704,35,4,,1,30,,24702,35,4,,1,55,,24703,35,4,,1,30,,24708,35,4,,1,403,,24709,35,4,,1,93,,24710,35,4,,1
500,'20260610',1137,,24722,35,4,,1,407,,24723,35,4,,1,197,,24724,35,4,,1,85,,24721,35,4,,1,30,,24719,35,4,,1,55,,24720,35,4,,1,30,,24725,35,4,,1,403,,24726,35,4,,1,93,,48864,35,4,,1
500,'20260611',1137,,24739,35,4,,1,407,,24740,35,4,,1,197,,24741,35,4,,1,85,,24738,35,4,,1,30,,24736,35,4,,1,55,,24737,35,4,,1,30,,24742,35,4,,1,403,,24743,35,4,,1,93,,48865,35,4,,1
500,'20260612',1137,,24756,35,4,,1,407,,24757,35,4,,1,197,,24758,35,4,,1,85,,24755,35,4,,1,30,,24753,35,4,,1,55,,24754,35,4,,1,30,,24759,35,4,,1,403,,24760,35,4,,1,93,,24761,35,4,,1
500,'20260613',1035,,48875,35,4,,1,302,,48876,35,4,,1,300,,48877,35,4,,1,300,,48878,35,4,,1,304,,48879,35,4,,1,196,,48880,35,4,,1
500,'20260614',1035,,48890,35,4,,1,302,,48891,35,4,,1,300,,48892,35,4,,1,300,,48893,35,4,,1,304,,48894,35,4,,1,196,,48895,35,4,,1
500,'20260615',1137,,48907,35,4,,1,407,,48908,35,4,,1,197,,48909,35,4,,1,85,,48906,35,4,,1,30,,48904,35,4,,1,55,,48905,35,4,,1,30,,48910,35,4,,1,403,,48911,35,4,,1,93,,48912,35,4,,1
500,'20260616',1137,,48924,35,4,,1,407,,48925,35,4,,1,197,,48926,35,4,,1,85,,48923,35,4,,1,30,,48921,35,4,,1,55,,48922,35,4,,1,30,,48927,35,4,,1,403,,48928,35,4,,1,93,,48929,35,4,,1
500,'20260617',1137,,48941,35,4,,1,407,,48942,35,4,,1,197,,48943,35,4,,1,85,,48940,35,4,,1,30,,48938,35,4,,1,55,,48939,35,4,,1,30,,48944,35,4,,1,403,,48945,35,4,,1,93,,48946,35,4,,1
500,'20260618',1137,,48958,35,4,,1,407,,48959,35,4,,1,197,,48960,35,4,,1,85,,48957,35,4,,1,30,,48955,35,4,,1,55,,48956,35,4,,1,30,,48961,35,4,,1,403,,48962,35,4,,1,93,,48963,35,4,,1
500,'20260619',1137,,48975,35,4,,1,407,,48976,35,4,,1,197,,48977,35,4,,1,85,,48974,35,4,,1,30,,48972,35,4,,1,55,,48973,35,4,,1,30,,48978,35,4,,1,403,,48979,35,4,,1,93,,48980,35,4,,1
500,'20260620',1035,,48990,35,4,,1,302,,48991,35,4,,1,300,,48992,35,4,,1,300,,48993,35,4,,1,304,,48994,35,4,,1,196,,48995,35,4,,1
500,'20260621',1035,,49005,35,4,,1,302,,49006,35,4,,1,300,,49007,35,4,,1,300,,49008,35,4,,1,304,,49009,35,4,,1,196,,49010,35,4,,1
500,'20260622',1137,,49022,35,4,,1,407,,49023,35,4,,1,197,,49024,35,4,,1,85,,49021,35,4,,1,30,,49019,35,4,,1,55,,49020,35,4,,1,30,,49025,35,4,,1,403,,49026,35,4,,1,93,,49027,35,4,,1
500,'20260623',1137,,49039,35,4,,1,407,,49040,35,4,,1,197,,49041,35,4,,1,85,,49038,35,4,,1,30,,49036,35,4,,1,55,,49037,35,4,,1,30,,49042,35,4,,1,403,,49043,35,4,,1,93,,49044,35,4,,1
500,'20260624',1137,,49056,35,4,,1,407,,49057,35,4,,1,197,,49058,35,4,,1,85,,49055,35,4,,1,30,,49053,35,4,,1,55,,49054,35,4,,1,30,,49059,35,4,,1,403,,49060,35,4,,1,93,,49061,35,4,,1
500,'20260625',1137,,49073,35,4,,1,407,,49074,35,4,,1,197,,49075,35,4,,1,85,,49072,35,4,,1,30,,49070,35,4,,1,55,,49071,35,4,,1,30,,49076,35,4,,1,403,,49077,35,4,,1,93,,49078,35,4,,1
500,'20260626',1137,,49090,35,4,,1,407,,49091,35,4,,1,197,,49092,35,4,,1,85,,49089,35,4,,1,30,,49087,35,4,,1,55,,49088,35,4,,1,30,,49093,35,4,,1,403,,49094,35,4,,1,93,,49095,35,4,,1
500,'20260627',1035,,49105,35,4,,1,302,,49106,35,4,,1,300,,49107,35,4,,1,300,,49108,35,4,,1,304,,49109,35,4,,1,196,,49110,35,4,,1
500,'20260628',1035,,49120,35,4,,1,302,,49121,35,4,,1,300,,49122,35,4,,1,300,,49123,35,4,,1,304,,49124,35,4,,1,196,,49125,35,4,,1
500,'20260629',1137,,49137,35,4,,1,407,,49138,35,4,,1,197,,49139,35,4,,1,85,,49136,35,4,,1,30,,49134,35,4,,1,55,,49135,35,4,,1,30,,49140,35,4,,1,403,,49141,35,4,,1,93,,49142,35,4,,1
500,'20260630',1137,,49154,35,4,,1,407,,49155,35,4,,1,197,,49156,35,4,,1,85,,49153,35,4,,1,30,,49151,35,4,,1,55,,49152,35,4,,1,30,,49157,35,4,,1,403,,49158,35,4,,1,93,,49159,35,4,,1
500,'20260701',1035,,49169,35,4,,1,302,,49170,35,4,,1,300,,49171,35,4,,1,300,,49172,35,4,,1,304,,49173,35,4,,1,196,,49174,35,4,,1
500,'20260702',1137,,49186,35,4,,1,407,,49187,35,4,,1,197,,49188,35,4,,1,85,,49185,35,4,,1,30,,49183,35,4,,1,55,,49184,35,4,,1,30,,49189,35,4,,1,403,,49190,35,4,,1,93,,49191,35,4,,1
500,'20260703',1137,,49203,35,4,,1,407,,49204,35,4,,1,197,,49205,35,4,,1,85,,49202,35,4,,1,30,,49200,35,4,,1,55,,49201,35,4,,1,30,,49206,35,4,,1,403,,49207,35,4,,1,93,,49208,35,4,,1
500,'20260704',1035,,49218,35,4,,1,302,,49219,35,4,,1,300,,49220,35,4,,1,300,,49221,35,4,,1,304,,49222,35,4,,1,196,,49223,35,4,,1
500,'20260705',1035,,49233,35,4,,1,302,,49234,35,4,,1,300,,49235,35,4,,1,300,,49236,35,4,,1,304,,49237,35,4,,1,196,,49238,35,4,,1
500,'20260706',1137,,49250,35,4,,1,407,,49251,35,4,,1,197,,49252,35,4,,1,85,,49249,35,4,,1,30,,49247,35,4,,1,55,,49248,35,4,,1,30,,49253,35,4,,1,403,,49254,35,4,,1,93,,49255,35,4,,1
500,'20260707',1137,,49267,35,4,,1,407,,49268,35,4,,1,197,,49269,35,4,,1,85,,49266,35,4,,1,30,,49264,35,4,,1,55,,49265,35,4,,1,30,,49270,35,4,,1,403,,49271,35,4,,1,93,,49272,35,4,,1
500,'20260708',1137,,49284,35,4,,1,407,,49285,35,4,,1,197,,49286,35,4,,1,85,,49283,35,4,,1,30,,49281,35,4,,1,55,,49282,35,4,,1,30,,49287,35,4,,1,403,,49288,35,4,,1,93,,49289,35,4,,1
500,'20260709',1137,,49301,35,4,,1,407,,49302,35,4,,1,197,,49303,35,4,,1,85,,49300,35,4,,1,30,,49298,35,4,,1,55,,49299,35,4,,1,30,,49304,35,4,,1,403,,49305,35,4,,1,93,,49306,35,4,,1
500,'20260710',1137,,49318,35,4,,1,407,,49319,35,4,,1,197,,49320,35,4,,1,85,,49317,35,4,,1,30,,49315,35,4,,1,55,,49316,35,4,,1,30,,49321,35,4,,1,403,,49322,35,4,,1,93,,49323,35,4,,1
500,'20260711',1035,,49333,35,4,,1,302,,49334,35,4,,1,300,,49335,35,4,,1,300,,49336,35,4,,1,304,,49337,35,4,,1,196,,49338,35,4,,1
500,'20260712',1035,,49348,35,4,,1,302,,49349,35,4,,1,300,,49350,35,4,,1,300,,49351,35,4,,1,304,,49352,35,4,,1,196,,49353,35,4,,1
500,'20260713',1137,,49365,35,4,,1,407,,49366,35,4,,1,197,,49367,35,4,,1,85,,49364,35,4,,1,30,,49362,35,4,,1,55,,49363,35,4,,1,30,,49368,35,4,,1,403,,49369,35,4,,1,93,,49370,35,4,,1
500,'20260714',1137,,49382,35,4,,1,407,,49383,35,4,,1,197,,49384,35,4,,1,85,,49381,35,4,,1,30,,49379,35,4,,1,55,,49380,35,4,,1,30,,49385,35,4,,1,403,,49386,35,4,,1,93,,49387,35,4,,1
500,'20260715',1137,,49399,35,4,,1,407,,49400,35,4,,1,197,,49401,35,4,,1,85,,49398,35,4,,1,30,,49396,35,4,,1,55,,49397,35,4,,1,30,,49402,35,4,,1,403,,49403,35,4,,1,93,,49404,35,4,,1
500,'20260716',1137,,49416,35,4,,1,407,,49417,35,4,,1,197,,49418,35,4,,1,85,,49415,35,4,,1,30,,49413,35,4,,1,55,,49414,35,4,,1,30,,49419,35,4,,1,403,,49420,35,4,,1,93,,49421,35,4,,1
500,'20260717',1137,,49433,35,4,,1,407,,49434,35,4,,1,197,,49435,35,4,,1,85,,49432,35,4,,1,30,,49430,35,4,,1,55,,49431,35,4,,1,30,,49436,35,4,,1,403,,49437,35,4,,1,93,,49438,35,4,,1
500,'20260718',1035,,49448,35,4,,1,302,,49449,35,4,,1,300,,49450,35,4,,1,300,,49451,35,4,,1,304,,49452,35,4,,1,196,,49453,35,4,,1
500,'20260719',1035,,49463,35,4,,1,302,,49464,35,4,,1,300,,49465,35,4,,1,300,,49466,35,4,,1,304,,49467,35,4,,1,196,,49468,35,4,,1
500,'20260720',1137,,49480,35,4,,1,407,,49481,35,4,,1,197,,49482,35,4,,1,85,,49479,35,4,,1,30,,49477,35,4,,1,55,,49478,35,4,,1,30,,49483,35,4,,1,403,,49484,35,4,,1,93,,49485,35,4,,1
500,'20260721',1137,,49497,35,4,,1,407,,49498,35,4,,1,197,,49499,35,4,,1,85,,49496,35,4,,1,30,,49494,35,4,,1,55,,49495,35,4,,1,30,,49500,35,4,,1,403,,49501,35,4,,1,93,,49502,35,4,,1
500,'20260722',1137,,49514,35,4,,1,407,,49515,35,4,,1,197,,49516,35,4,,1,85,,49513,35,4,,1,30,,49511,35,4,,1,55,,49512,35,4,,1,30,,49517,35,4,,1,403,,49518,35,4,,1,93,,49519,35,4,,1
500,'20260723',1137,,49531,35,4,,1,407,,49532,35,4,,1,197,,49533,35,4,,1,85,,49530,35,4,,1,30,,49528,35,4,,1,55,,49529,35,4,,1,30,,49534,35,4,,1,403,,49535,35,4,,1,93,,49536,35,4,,1
500,'20260724',1137,,49548,35,4,,1,407,,49549,35,4,,1,197,,49550,35,4,,1,85,,49547,35,4,,1,30,,49545,35,4,,1,55,,49546,35,4,,1,30,,49551,35,4,,1,403,,49552,35,4,,1,93,,49553,35,4,,1
500,'20260725',1035,,49563,35,4,,1,302,,49564,35,4,,1,300,,49565,35,4,,1,300,,49566,35,4,,1,304,,49567,35,4,,1,196,,49568,35,4,,1
500,'20260726',1035,,49578,35,4,,1,302,,49579,35,4,,1,300,,49580,35,4,,1,300,,49581,35,4,,1,304,,49582,35,4,,1,196,,49583,35,4,,1
500,'20260727',1137,,49595,35,4,,1,407,,49596,35,4,,1,197,,49597,35,4,,1,85,,49594,35,4,,1,30,,49592,35,4,,1,55,,49593,35,4,,1,30,,49598,35,4,,1,403,,49599,35,4,,1,93,,49600,35,4,,1
500,'20260728',1137,,49612,35,4,,1,407,,49613,35,4,,1,197,,49614,35,4,,1,85,,49611,35,4,,1,30,,49609,35,4,,1,55,,49610,35,4,,1,30,,49615,35,4,,1,403,,49616,35,4,,1,93,,49617,35,4,,1
500,'20260729',1137,,49629,35,4,,1,407,,49630,35,4,,1,197,,49631,35,4,,1,85,,49628,35,4,,1,30,,49626,35,4,,1,55,,49627,35,4,,1,30,,49632,35,4,,1,403,,49633,35,4,,1,93,,49634,35,4,,1
500,'20260730',1137,,49646,35,4,,1,407,,49647,35,4,,1,197,,49648,35,4,,1,85,,49645,35,4,,1,30,,49643,35,4,,1,55,,49644,35,4,,1,30,,49649,35,4,,1,403,,49650,35,4,,1,93,,49651,35,4,,1
500,'20260731',1137,,49663,35,4,,1,407,,49664,35,4,,1,197,,49665,35,4,,1,85,,49662,35,4,,1,30,,49660,35,4,,1,55,,49661,35,4,,1,30,,49666,35,4,,1,403,,49667,35,4,,1,93,,49668,35,4,,1
500,'20260801',1035,,49678,35,4,,1,302,,49679,35,4,,1,300,,49680,35,4,,1,300,,49681,35,4,,1,304,,49682,35,4,,1,196,,49683,35,4,,1
500,'20260802',1035,,49693,35,4,,1,302,,49694,35,4,,1,300,,49695,35,4,,1,300,,49696,35,4,,1,304,,49697,35,4,,1,196,,49698,35,4,,1
500,'20260803',1137,,49710,35,4,,1,407,,49711,35,4,,1,197,,49712,35,4,,1,85,,49709,35,4,,1,30,,49707,35,4,,1,55,,49708,35,4,,1,30,,49713,35,4,,1,403,,49714,35,4,,1,93,,49715,35,4,,1
500,'20260804',1137,,49727,35,4,,1,407,,49728,35,4,,1,197,,49729,35,4,,1,85,,49726,35,4,,1,30,,49724,35,4,,1,55,,49725,35,4,,1,30,,49730,35,4,,1,403,,49731,35,4,,1,93,,49732,35,4,,1
500,'20260805',1137,,49744,35,4,,1,407,,49745,35,4,,1,197,,49746,35,4,,1,85,,49743,35,4,,1,30,,49741,35,4,,1,55,,49742,35,4,,1,30,,49747,35,4,,1,403,,49748,35,4,,1,93,,49749,35,4,,1
500,'20260806',1137,,49761,35,4,,1,407,,49762,35,4,,1,197,,49763,35,4,,1,85,,49760,35,4,,1,30,,49758,35,4,,1,55,,49759,35,4,,1,30,,49764,35,4,,1,403,,49765,35,4,,1,93,,49766,35,4,,1
500,'20260807',1137,,49778,35,4,,1,407,,49779,35,4,,1,197,,49780,35,4,,1,85,,49777,35,4,,1,30,,49775,35,4,,1,55,,49776,35,4,,1,30,,49781,35,4,,1,403,,49782,35,4,,1,93,,49783,35,4,,1
500,'20260808',1035,,49793,35,4,,1,302,,49794,35,4,,1,300,,49795,35,4,,1,300,,49796,35,4,,1,304,,49797,35,4,,1,196,,49798,35,4,,1
500,'20260809',1035,,49808,35,4,,1,302,,49809,35,4,,1,300,,49810,35,4,,1,300,,49811,35,4,,1,304,,49812,35,4,,1,196,,49813,35,4,,1
500,'20260810',1137,,49825,35,4,,1,407,,49826,35,4,,1,197,,49827,35,4,,1,85,,49824,35,4,,1,30,,49822,35,4,,1,55,,49823,35,4,,1,30,,49828,35,4,,1,403,,49829,35,4,,1,93,,49830,35,4,,1
500,'20260811',1137,,49842,35,4,,1,407,,49843,35,4,,1,197,,49844,35,4,,1,85,,49841,35,4,,1,30,,49839,35,4,,1,55,,49840,35,4,,1,30,,49845,35,4,,1,403,,49846,35,4,,1,93,,49847,35,4,,1
500,'20260812',1137,,49859,35,4,,1,407,,49860,35,4,,1,197,,49861,35,4,,1,85,,49858,35,4,,1,30,,49856,35,4,,1,55,,49857,35,4,,1,30,,49862,35,4,,1,403,,49863,35,4,,1,93,,49864,35,4,,1
500,'20260813',1137,,49876,35,4,,1,407,,49877,35,4,,1,197,,49878,35,4,,1,85,,49875,35,4,,1,30,,49873,35,4,,1,55,,49874,35,4,,1,30,,49879,35,4,,1,403,,49880,35,4,,1,93,,49881,35,4,,1
500,'20260814',1137,,49893,35,4,,1,407,,49894,35,4,,1,197,,49895,35,4,,1,85,,49892,35,4,,1,30,,49890,35,4,,1,55,,49891,35,4,,1,30,,49896,35,4,,1,403,,49897,35,4,,1,93,,49898,35,4,,1
500,'20260815',1035,,49908,35,4,,1,302,,49909,35,4,,1,300,,49910,35,4,,1,300,,49911,35,4,,1,304,,49912,35,4,,1,196,,49913,35,4,,1
500,'20260816',1035,,49923,35,4,,1,302,,49924,35,4,,1,300,,49925,35,4,,1,300,,49926,35,4,,1,304,,49927,35,4,,1,196,,49928,35,4,,1
500,'20260817',1137,,49940,35,4,,1,407,,49941,35,4,,1,197,,49942,35,4,,1,85,,49939,35,4,,1,30,,49937,35,4,,1,55,,49938,35,4,,1,30,,49943,35,4,,1,403,,49944,35,4,,1,93,,49945,35,4,,1
500,'20260818',1137,,49957,35,4,,1,407,,49958,35,4,,1,197,,49959,35,4,,1,85,,49956,35,4,,1,30,,49954,35,4,,1,55,,49955,35,4,,1,30,,49960,35,4,,1,403,,49961,35,4,,1,93,,49962,35,4,,1
500,'20260819',1137,,49974,35,4,,1,407,,49975,35,4,,1,197,,49976,35,4,,1,85,,49973,35,4,,1,30,,49971,35,4,,1,55,,49972,35,4,,1,30,,49977,35,4,,1,403,,49978,35,4,,1,93,,49979,35,4,,1
500,'20260820',1137,,49991,35,4,,1,407,,49992,35,4,,1,197,,49993,35,4,,1,85,,49990,35,4,,1,30,,49988,35,4,,1,55,,49989,35,4,,1,30,,49994,35,4,,1,403,,49995,35,4,,1,93,,49996,35,4,,1
500,'20260821',1137,,50008,35,4,,1,407,,50009,35,4,,1,197,,50010,35,4,,1,85,,50007,35,4,,1,30,,50005,35,4,,1,55,,50006,35,4,,1,30,,50011,35,4,,1,403,,50012,35,4,,1,93,,50013,35,4,,1
500,'20260822',1035,,50023,35,4,,1,302,,50024,35,4,,1,300,,50025,35,4,,1,300,,50026,35,4,,1,304,,50027,35,4,,1,196,,50028,35,4,,1
500,'20260823',1035,,50038,35,4,,1,302,,50039,35,4,,1,300,,50040,35,4,,1,300,,50041,35,4,,1,304,,50042,35,4,,1,196,,50043,35,4,,1
500,'20260824',1137,,50055,35,4,,1,407,,50056,35,4,,1,197,,50057,35,4,,1,85,,50054,35,4,,1,30,,50052,35,4,,1,55,,50053,35,4,,1,30,,50058,35,4,,1,403,,50059,35,4,,1,93,,50060,35,4,,1
500,'20260825',1137,,50072,35,4,,1,407,,50073,35,4,,1,197,,50074,35,4,,1,85,,50071,35,4,,1,30,,50069,35,4,,1,55,,50070,35,4,,1,30,,50075,35,4,,1,403,,50076,35,4,,1,93,,50077,35,4,,1
500,'20260826',1137,,50089,35,4,,1,407,,50090,35,4,,1,197,,50091,35,4,,1,85,,50088,35,4,,1,30,,50086,35,4,,1,55,,50087,35,4,,1,30,,50092,35,4,,1,403,,50093,35,4,,1,93,,50094,35,4,,1
500,'20260827',1137,,50106,35,4,,1,407,,50107,35,4,,1,197,,50108,35,4,,1,85,,50105,35,4,,1,30,,50103,35,4,,1,55,,50104,35,4,,1,30,,50109,35,4,,1,403,,50110,35,4,,1,93,,50111,35,4,,1
500,'20260828',1137,,50123,35,4,,1,407,,50124,35,4,,1,197,,50125,35,4,,1,85,,50122,35,4,,1,30,,50120,35,4,,1,55,,50121,35,4,,1,30,,50126,35,4,,1,403,,50127,35,4,,1,93,,50128,35,4,,1
500,'20260829',1035,,50138,35,4,,1,302,,50139,35,4,,1,300,,50140,35,4,,1,300,,50141,35,4,,1,304,,50142,35,4,,1,196,,50143,35,4,,1
500,'20260830',1035,,50153,35,4,,1,302,,50154,35,4,,1,300,,50155,35,4,,1,300,,50156,35,4,,1,304,,50157,35,4,,1,196,,50158,35,4,,1
500,'20260831',1137,,50170,35,4,,1,407,,50171,35,4,,1,197,,50172,35,4,,1,85,,50169,35,4,,1,30,,50167,35,4,,1,55,,50168,35,4,,1,30,,50173,35,4,,1,403,,50174,35,4,,1,93,,50175,35,4,,1
500,'20260901',1137,,50187,35,4,,1,407,,50188,35,4,,1,197,,50189,35,4,,1,85,,50186,35,4,,1,30,,50184,35,4,,1,55,,50185,35,4,,1,30,,50190,35,4,,1,403,,50191,35,4,,1,93,,50192,35,4,,1
500,'20260902',1137,,50204,35,4,,1,407,,50205,35,4,,1,197,,50206,35,4,,1,85,,50203,35,4,,1,30,,50201,35,4,,1,55,,50202,35,4,,1,30,,50207,35,4,,1,403,,50208,35,4,,1,93,,50209,35,4,,1
500,'20260903',1137,,50221,35,4,,1,407,,50222,35,4,,1,197,,50223,35,4,,1,85,,50220,35,4,,1,30,,50218,35,4,,1,55,,50219,35,4,,1,30,,50224,35,4,,1,403,,50225,35,4,,1,93,,50226,35,4,,1
500,'20260904',1137,,50238,35,4,,1,407,,50239,35,4,,1,197,,50240,35,4,,1,85,,50237,35,4,,1,30,,50235,35,4,,1,55,,50236,35,4,,1,30,,50241,35,4,,1,403,,50242,35,4,,1,93,,50243,35,4,,1
501,'20260514',513,,25051,1,,,1,28,,25053,1,,,1,70,,25052,1,,,1,42,,25054,1,,,1,55,,25055,1,,,1,94,,25056,1,,,1,100,,25057,1,,,1,405,,25058,1,,,1,803,,25059,1,,,1
501,'20260515',513,,25068,1,,,1,30,,25070,1,,,1,70,,25069,1,,,1,40,,25071,1,,,1,55,,25072,1,,,1,94,,25073,1,,,1,100,,25074,1,,,1,407,,25075,1,,,1,801,,25076,1,,,1
501,'20260516',701,,25086,1,0,39 40,1,100,,25087,1,0,39 40,1,304,,25088,1,0,39 40,1,300,,25089,1,0,39 40,1,300,,25090,1,0,39 40,1,303,,25091,1,0,39 40,1
501,'20260517',701,,25101,1,0,39 40,1,100,,25102,1,0,39 40,1,304,,25103,1,0,39 40,1,300,,25104,1,0,39 40,1,300,,25105,1,0,39 40,1,303,,25106,1,0,39 40,1
501,'20260518',701,,25116,1,0,39 40,1,100,,25117,1,0,39 40,1,304,,25118,1,0,39 40,1,300,,25119,1,0,39 40,1,300,,25120,1,0,39 40,1,303,,25121,1,0,39 40,1
501,'20260519',513,,25130,1,,,1,30,,25132,1,,,1,70,,25131,1,,,1,40,,25133,1,,,1,55,,25134,1,,,1,94,,25135,1,,,1,100,,25136,1,,,1,406,,25137,1,,,1,801,,25138,1,,,1
501,'20260520',513,,25147,1,,,1,30,,25149,1,,,1,70,,25148,1,,,1,40,,25150,1,,,1,55,,25151,1,,,1,94,,25152,1,,,1,100,,25153,1,,,1,407,,25154,1,,,1,801,,25155,1,,,1
501,'20260521',513,,25164,1,,,1,30,,25166,1,,,1,70,,25165,1,,,1,40,,25167,1,,,1,55,,25168,1,,,1,94,,25169,1,,,1,100,,25170,1,,,1,407,,25171,1,,,1,801,,25172,1,,,1
501,'20260522',513,,25181,1,,,1,30,,25183,1,,,1,70,,25182,1,,,1,40,,25184,1,,,1,55,,25185,1,,,1,94,,25186,1,,,1,100,,25187,1,,,1,407,,25188,1,,,1,801,,25189,1,,,1
501,'20260525',513,,25228,1,,,1,30,,25230,1,,,1,70,,25229,1,,,1,40,,25231,1,,,1,55,,25232,1,,,1,94,,25233,1,,,1,98,,25234,1,,,1,408,,25235,1,,,1,802,,25236,1,,,1
501,'20260526',513,,25245,1,,,1,30,,25247,1,,,1,70,,25246,1,,,1,40,,25248,1,,,1,55,,25249,1,,,1,94,,25250,1,,,1,100,,25251,1,,,1,407,,25252,1,,,1,801,,25253,1,,,1
501,'20260527',513,,25262,1,,,1,30,,25264,1,,,1,70,,25263,1,,,1,40,,25265,1,,,1,55,,25266,1,,,1,94,,25267,1,,,1,100,,25268,1,,,1,407,,25269,1,,,1,801,,25270,1,,,1
501,'20260528',513,,25279,1,,,1,30,,25281,1,,,1,70,,25280,1,,,1,40,,25282,1,,,1,55,,25283,1,,,1,94,,25284,1,,,1,100,,25285,1,,,1,407,,25286,1,,,1,801,,25287,1,,,1
501,'20260529',513,,25296,1,,,1,30,,25298,1,,,1,70,,25297,1,,,1,40,,25299,1,,,1,55,,25300,1,,,1,94,,25301,1,,,1,100,,25302,1,,,1,407,,25303,1,,,1,801,,25304,1,,,1
501,'20260601',511,,25343,1,,,1,30,,25345,1,,,1,70,,25344,1,,,1,40,,25346,1,,,1,55,,25347,1,,,1,94,,25348,1,,,1,100,,25349,1,,,1,407,,25350,1,,,1,801,,25351,1,,,1
501,'20260602',513,,25360,1,,,1,30,,25362,1,,,1,70,,25361,1,,,1,40,,25363,1,,,1,55,,25364,1,,,1,94,,25365,1,,,1,100,,25366,1,,,1,407,,25367,1,,,1,801,,25368,1,,,1
501,'20260603',513,,25377,1,,,1,30,,25379,1,,,1,70,,25378,1,,,1,40,,25380,1,,,1,55,,25381,1,,,1,94,,25382,1,,,1,100,,25383,1,,,1,407,,25384,1,,,1,801,,25385,1,,,1
501,'20260604',513,,25394,1,,,1,30,,25396,1,,,1,70,,25395,1,,,1,40,,25397,1,,,1,55,,25398,1,,,1,94,,25399,1,,,1,100,,25400,1,,,1,407,,25401,1,,,1,801,,25402,1,,,1
501,'20260605',513,,25411,1,,,1,30,,25413,1,,,1,70,,25412,1,,,1,40,,25414,1,,,1,55,,25415,1,,,1,94,,25416,1,,,1,100,,25417,1,,,1,407,,25418,1,,,1,801,,25419,1,,,1
501,'20260606',701,,50255,1,,,1,100,,50256,1,,,1,304,,50257,1,,,1,300,,50258,1,,,1,300,,50259,1,,,1,303,,50260,1,,,1
501,'20260607',701,,50272,1,,,1,100,,50273,1,,,1,304,,50274,1,,,1,300,,50275,1,,,1,300,,50276,1,,,1,303,,50277,1,,,1
501,'20260608',513,,25458,1,,,1,30,,25460,1,,,1,70,,25459,1,,,1,40,,25461,1,,,1,55,,25462,1,,,1,94,,25463,1,,,1,100,,25464,1,,,1,407,,25465,1,,,1,801,,25466,1,,,1
501,'20260609',513,,25475,1,,,1,30,,25477,1,,,1,70,,25476,1,,,1,40,,25478,1,,,1,55,,25479,1,,,1,94,,25480,1,,,1,100,,25481,1,,,1,407,,25482,1,,,1,801,,25483,1,,,1
501,'20260610',513,,25492,1,,,1,30,,25494,1,,,1,70,,25493,1,,,1,40,,25495,1,,,1,55,,25496,1,,,1,94,,25497,1,,,1,100,,25498,1,,,1,407,,25499,1,,,1,801,,25500,1,,,1
501,'20260611',513,,25509,1,,,1,30,,25511,1,,,1,70,,25510,1,,,1,40,,25512,1,,,1,55,,25513,1,,,1,94,,25514,1,,,1,100,,25515,1,,,1,407,,25516,1,,,1,801,,25517,1,,,1
501,'20260612',513,,25526,1,,,1,30,,25528,1,,,1,70,,25527,1,,,1,40,,25529,1,,,1,55,,25530,1,,,1,94,,25531,1,,,1,100,,25532,1,,,1,407,,25533,1,,,1,801,,25534,1,,,1
501,'20260613',701,,50287,1,,,1,100,,50288,1,,,1,304,,50289,1,,,1,300,,50290,1,,,1,300,,50291,1,,,1,303,,50292,1,,,1
501,'20260614',701,,50302,1,,,1,100,,50303,1,,,1,304,,50304,1,,,1,300,,50305,1,,,1,300,,50306,1,,,1,303,,50307,1,,,1
501,'20260615',513,,50316,1,,,1,30,,50318,1,,,1,70,,50317,1,,,1,40,,50319,1,,,1,55,,50320,1,,,1,94,,50321,1,,,1,100,,50322,1,,,1,407,,50323,1,,,1,801,,50324,1,,,1
501,'20260616',513,,50333,1,,,1,30,,50335,1,,,1,70,,50334,1,,,1,40,,50336,1,,,1,55,,50337,1,,,1,94,,50338,1,,,1,100,,50339,1,,,1,407,,50340,1,,,1,801,,50341,1,,,1
501,'20260617',513,,50350,1,,,1,30,,50352,1,,,1,70,,50351,1,,,1,40,,50353,1,,,1,55,,50354,1,,,1,94,,50355,1,,,1,100,,50356,1,,,1,407,,50357,1,,,1,801,,50358,1,,,1
501,'20260618',513,,50367,1,,,1,30,,50369,1,,,1,70,,50368,1,,,1,40,,50370,1,,,1,55,,50371,1,,,1,94,,50372,1,,,1,100,,50373,1,,,1,407,,50374,1,,,1,801,,50375,1,,,1
501,'20260619',513,,50384,1,,,1,30,,50386,1,,,1,70,,50385,1,,,1,40,,50387,1,,,1,55,,50388,1,,,1,94,,50389,1,,,1,100,,50390,1,,,1,407,,50391,1,,,1,801,,50392,1,,,1
501,'20260620',701,,50402,1,,,1,100,,50403,1,,,1,304,,50404,1,,,1,300,,50405,1,,,1,300,,50406,1,,,1,303,,50407,1,,,1
501,'20260621',701,,50417,1,,,1,100,,50418,1,,,1,304,,50419,1,,,1,300,,50420,1,,,1,300,,50421,1,,,1,303,,50422,1,,,1
501,'20260622',513,,50431,1,,,1,30,,50433,1,,,1,70,,50432,1,,,1,40,,50434,1,,,1,55,,50435,1,,,1,94,,50436,1,,,1,100,,50437,1,,,1,407,,50438,1,,,1,801,,50439,1,,,1
501,'20260623',513,,50448,1,,,1,30,,50450,1,,,1,70,,50449,1,,,1,40,,50451,1,,,1,55,,50452,1,,,1,94,,50453,1,,,1,100,,50454,1,,,1,407,,50455,1,,,1,801,,50456,1,,,1
501,'20260624',513,,50465,1,,,1,30,,50467,1,,,1,70,,50466,1,,,1,40,,50468,1,,,1,55,,50469,1,,,1,94,,50470,1,,,1,100,,50471,1,,,1,407,,50472,1,,,1,801,,50473,1,,,1
501,'20260625',513,,50482,1,,,1,30,,50484,1,,,1,70,,50483,1,,,1,40,,50485,1,,,1,55,,50486,1,,,1,94,,50487,1,,,1,100,,50488,1,,,1,407,,50489,1,,,1,801,,50490,1,,,1
501,'20260626',513,,50499,1,,,1,30,,50501,1,,,1,70,,50500,1,,,1,40,,50502,1,,,1,55,,50503,1,,,1,94,,50504,1,,,1,100,,50505,1,,,1,407,,50506,1,,,1,801,,50507,1,,,1
501,'20260627',701,,50517,1,,,1,100,,50518,1,,,1,304,,50519,1,,,1,300,,50520,1,,,1,300,,50521,1,,,1,303,,50522,1,,,1
501,'20260628',701,,50532,1,,,1,100,,50533,1,,,1,304,,50534,1,,,1,300,,50535,1,,,1,300,,50536,1,,,1,303,,50537,1,,,1
501,'20260629',513,,50546,1,,,1,30,,50548,1,,,1,70,,50547,1,,,1,40,,50549,1,,,1,55,,50550,1,,,1,94,,50551,1,,,1,100,,50552,1,,,1,407,,50553,1,,,1,801,,50554,1,,,1
501,'20260630',513,,50563,1,,,1,30,,50565,1,,,1,70,,50564,1,,,1,40,,50566,1,,,1,55,,50567,1,,,1,94,,50568,1,,,1,100,,50569,1,,,1,407,,50570,1,,,1,801,,50571,1,,,1
501,'20260701',701,,50581,1,,,1,100,,50582,1,,,1,304,,50583,1,,,1,300,,50584,1,,,1,300,,50585,1,,,1,303,,50586,1,,,1
501,'20260702',513,,50595,1,,,1,30,,50597,1,,,1,70,,50596,1,,,1,40,,50598,1,,,1,55,,50599,1,,,1,94,,50600,1,,,1,100,,50601,1,,,1,407,,50602,1,,,1,801,,50603,1,,,1
501,'20260703',513,,50612,1,,,1,30,,50614,1,,,1,70,,50613,1,,,1,40,,50615,1,,,1,55,,50616,1,,,1,94,,50617,1,,,1,100,,50618,1,,,1,407,,50619,1,,,1,801,,50620,1,,,1
501,'20260704',701,,50630,1,,,1,100,,50631,1,,,1,304,,50632,1,,,1,300,,50633,1,,,1,300,,50634,1,,,1,303,,50635,1,,,1
501,'20260705',701,,50645,1,,,1,100,,50646,1,,,1,304,,50647,1,,,1,300,,50648,1,,,1,300,,50649,1,,,1,303,,50650,1,,,1
501,'20260706',513,,50659,1,,,1,30,,50661,1,,,1,70,,50660,1,,,1,40,,50662,1,,,1,55,,50663,1,,,1,94,,50664,1,,,1,100,,50665,1,,,1,407,,50666,1,,,1,801,,50667,1,,,1
501,'20260707',513,,50676,1,,,1,30,,50678,1,,,1,70,,50677,1,,,1,40,,50679,1,,,1,55,,50680,1,,,1,94,,50681,1,,,1,100,,50682,1,,,1,407,,50683,1,,,1,801,,50684,1,,,1
501,'20260708',513,,50693,1,,,1,30,,50695,1,,,1,70,,50694,1,,,1,40,,50696,1,,,1,55,,50697,1,,,1,94,,50698,1,,,1,100,,50699,1,,,1,407,,50700,1,,,1,801,,50701,1,,,1
501,'20260709',513,,50710,1,,,1,30,,50712,1,,,1,70,,50711,1,,,1,40,,50713,1,,,1,55,,50714,1,,,1,94,,50715,1,,,1,100,,50716,1,,,1,407,,50717,1,,,1,801,,50718,1,,,1
501,'20260710',513,,50727,1,,,1,30,,50729,1,,,1,70,,50728,1,,,1,40,,50730,1,,,1,55,,50731,1,,,1,94,,50732,1,,,1,100,,50733,1,,,1,407,,50734,1,,,1,801,,50735,1,,,1
501,'20260711',701,,50745,1,,,1,100,,50746,1,,,1,304,,50747,1,,,1,300,,50748,1,,,1,300,,50749,1,,,1,303,,50750,1,,,1
501,'20260712',701,,50760,1,,,1,100,,50761,1,,,1,304,,50762,1,,,1,300,,50763,1,,,1,300,,50764,1,,,1,303,,50765,1,,,1
501,'20260713',513,,50774,1,,,1,30,,50776,1,,,1,70,,50775,1,,,1,40,,50777,1,,,1,55,,50778,1,,,1,94,,50779,1,,,1,100,,50780,1,,,1,407,,50781,1,,,1,801,,50782,1,,,1
501,'20260714',513,,50791,1,,,1,30,,50793,1,,,1,70,,50792,1,,,1,40,,50794,1,,,1,55,,50795,1,,,1,94,,50796,1,,,1,100,,50797,1,,,1,407,,50798,1,,,1,801,,50799,1,,,1
501,'20260715',513,,50808,1,,,1,30,,50810,1,,,1,70,,50809,1,,,1,40,,50811,1,,,1,55,,50812,1,,,1,94,,50813,1,,,1,100,,50814,1,,,1,407,,50815,1,,,1,801,,50816,1,,,1
501,'20260716',513,,50825,1,,,1,30,,50827,1,,,1,70,,50826,1,,,1,40,,50828,1,,,1,55,,50829,1,,,1,94,,50830,1,,,1,100,,50831,1,,,1,407,,50832,1,,,1,801,,50833,1,,,1
501,'20260717',513,,50842,1,,,1,30,,50844,1,,,1,70,,50843,1,,,1,40,,50845,1,,,1,55,,50846,1,,,1,94,,50847,1,,,1,100,,50848,1,,,1,407,,50849,1,,,1,801,,50850,1,,,1
501,'20260718',701,,50860,1,,,1,100,,50861,1,,,1,304,,50862,1,,,1,300,,50863,1,,,1,300,,50864,1,,,1,303,,50865,1,,,1
501,'20260719',701,,50875,1,,,1,100,,50876,1,,,1,304,,50877,1,,,1,300,,50878,1,,,1,300,,50879,1,,,1,303,,50880,1,,,1
501,'20260720',513,,50889,1,,,1,30,,50891,1,,,1,70,,50890,1,,,1,40,,50892,1,,,1,55,,50893,1,,,1,94,,50894,1,,,1,100,,50895,1,,,1,407,,50896,1,,,1,801,,50897,1,,,1
501,'20260721',513,,50906,1,,,1,30,,50908,1,,,1,70,,50907,1,,,1,40,,50909,1,,,1,55,,50910,1,,,1,94,,50911,1,,,1,100,,50912,1,,,1,407,,50913,1,,,1,801,,50914,1,,,1
501,'20260722',513,,50923,1,,,1,30,,50925,1,,,1,70,,50924,1,,,1,40,,50926,1,,,1,55,,50927,1,,,1,94,,50928,1,,,1,100,,50929,1,,,1,407,,50930,1,,,1,801,,50931,1,,,1
501,'20260723',513,,50940,1,,,1,30,,50942,1,,,1,70,,50941,1,,,1,40,,50943,1,,,1,55,,50944,1,,,1,94,,50945,1,,,1,100,,50946,1,,,1,407,,50947,1,,,1,801,,50948,1,,,1
501,'20260724',513,,50957,1,,,1,30,,50959,1,,,1,70,,50958,1,,,1,40,,50960,1,,,1,55,,50961,1,,,1,94,,50962,1,,,1,100,,50963,1,,,1,407,,50964,1,,,1,801,,50965,1,,,1
501,'20260725',701,,50975,1,,,1,100,,50976,1,,,1,304,,50977,1,,,1,300,,50978,1,,,1,300,,50979,1,,,1,303,,50980,1,,,1
501,'20260726',701,,50990,1,,,1,100,,50991,1,,,1,304,,50992,1,,,1,300,,50993,1,,,1,300,,50994,1,,,1,303,,50995,1,,,1
501,'20260727',513,,51004,1,,,1,30,,51006,1,,,1,70,,51005,1,,,1,40,,51007,1,,,1,55,,51008,1,,,1,94,,51009,1,,,1,100,,51010,1,,,1,407,,51011,1,,,1,801,,51012,1,,,1
501,'20260728',513,,51021,1,,,1,30,,51023,1,,,1,70,,51022,1,,,1,40,,51024,1,,,1,55,,51025,1,,,1,94,,51026,1,,,1,100,,51027,1,,,1,407,,51028,1,,,1,801,,51029,1,,,1
501,'20260729',513,,51038,1,,,1,30,,51040,1,,,1,70,,51039,1,,,1,40,,51041,1,,,1,55,,51042,1,,,1,94,,51043,1,,,1,100,,51044,1,,,1,407,,51045,1,,,1,801,,51046,1,,,1
501,'20260730',513,,51055,1,,,1,30,,51057,1,,,1,70,,51056,1,,,1,40,,51058,1,,,1,55,,51059,1,,,1,94,,51060,1,,,1,100,,51061,1,,,1,407,,51062,1,,,1,801,,51063,1,,,1
501,'20260731',513,,51072,1,,,1,30,,51074,1,,,1,70,,51073,1,,,1,40,,51075,1,,,1,55,,51076,1,,,1,94,,51077,1,,,1,100,,51078,1,,,1,407,,51079,1,,,1,801,,51080,1,,,1
501,'20260801',701,,51090,1,,,1,100,,51091,1,,,1,304,,51092,1,,,1,300,,51093,1,,,1,300,,51094,1,,,1,303,,51095,1,,,1
501,'20260802',701,,51105,1,,,1,100,,51106,1,,,1,304,,51107,1,,,1,300,,51108,1,,,1,300,,51109,1,,,1,303,,51110,1,,,1
501,'20260803',513,,51119,1,,,1,30,,51121,1,,,1,70,,51120,1,,,1,40,,51122,1,,,1,55,,51123,1,,,1,94,,51124,1,,,1,100,,51125,1,,,1,407,,51126,1,,,1,801,,51127,1,,,1
501,'20260804',513,,51136,1,,,1,30,,51138,1,,,1,70,,51137,1,,,1,40,,51139,1,,,1,55,,51140,1,,,1,94,,51141,1,,,1,100,,51142,1,,,1,407,,51143,1,,,1,801,,51144,1,,,1
501,'20260805',513,,51153,1,,,1,30,,51155,1,,,1,70,,51154,1,,,1,40,,51156,1,,,1,55,,51157,1,,,1,94,,51158,1,,,1,100,,51159,1,,,1,407,,51160,1,,,1,801,,51161,1,,,1
501,'20260806',513,,51170,1,,,1,30,,51172,1,,,1,70,,51171,1,,,1,40,,51173,1,,,1,55,,51174,1,,,1,94,,51175,1,,,1,100,,51176,1,,,1,407,,51177,1,,,1,801,,51178,1,,,1
501,'20260807',513,,51187,1,,,1,30,,51189,1,,,1,70,,51188,1,,,1,40,,51190,1,,,1,55,,51191,1,,,1,94,,51192,1,,,1,100,,51193,1,,,1,407,,51194,1,,,1,801,,51195,1,,,1
501,'20260808',701,,51205,1,,,1,100,,51206,1,,,1,304,,51207,1,,,1,300,,51208,1,,,1,300,,51209,1,,,1,303,,51210,1,,,1
501,'20260809',701,,51220,1,,,1,100,,51221,1,,,1,304,,51222,1,,,1,300,,51223,1,,,1,300,,51224,1,,,1,303,,51225,1,,,1
501,'20260810',513,,51234,1,,,1,30,,51236,1,,,1,70,,51235,1,,,1,40,,51237,1,,,1,55,,51238,1,,,1,94,,51239,1,,,1,100,,51240,1,,,1,407,,51241,1,,,1,801,,51242,1,,,1
501,'20260811',513,,51251,1,,,1,30,,51253,1,,,1,70,,51252,1,,,1,40,,51254,1,,,1,55,,51255,1,,,1,94,,51256,1,,,1,100,,51257,1,,,1,407,,51258,1,,,1,801,,51259,1,,,1
501,'20260812',513,,51268,1,,,1,30,,51270,1,,,1,70,,51269,1,,,1,40,,51271,1,,,1,55,,51272,1,,,1,94,,51273,1,,,1,100,,51274,1,,,1,407,,51275,1,,,1,801,,51276,1,,,1
501,'20260813',513,,51285,1,,,1,30,,51287,1,,,1,70,,51286,1,,,1,40,,51288,1,,,1,55,,51289,1,,,1,94,,51290,1,,,1,100,,51291,1,,,1,407,,51292,1,,,1,801,,51293,1,,,1
501,'20260814',513,,51302,1,,,1,30,,51304,1,,,1,70,,51303,1,,,1,40,,51305,1,,,1,55,,51306,1,,,1,94,,51307,1,,,1,100,,51308,1,,,1,407,,51309,1,,,1,801,,51310,1,,,1
501,'20260815',701,,51320,1,,,1,100,,51321,1,,,1,304,,51322,1,,,1,300,,51323,1,,,1,300,,51324,1,,,1,303,,51325,1,,,1
501,'20260816',701,,51335,1,,,1,100,,51336,1,,,1,304,,51337,1,,,1,300,,51338,1,,,1,300,,51339,1,,,1,303,,51340,1,,,1
501,'20260817',513,,51349,1,,,1,30,,51351,1,,,1,70,,51350,1,,,1,40,,51352,1,,,1,55,,51353,1,,,1,94,,51354,1,,,1,100,,51355,1,,,1,407,,51356,1,,,1,801,,51357,1,,,1
501,'20260818',513,,51366,1,,,1,30,,51368,1,,,1,70,,51367,1,,,1,40,,51369,1,,,1,55,,51370,1,,,1,94,,51371,1,,,1,100,,51372,1,,,1,407,,51373,1,,,1,801,,51374,1,,,1
501,'20260819',513,,51383,1,,,1,30,,51385,1,,,1,70,,51384,1,,,1,40,,51386,1,,,1,55,,51387,1,,,1,94,,51388,1,,,1,100,,51389,1,,,1,407,,51390,1,,,1,801,,51391,1,,,1
501,'20260820',513,,51400,1,,,1,30,,51402,1,,,1,70,,51401,1,,,1,40,,51403,1,,,1,55,,51404,1,,,1,94,,51405,1,,,1,100,,51406,1,,,1,407,,51407,1,,,1,801,,51408,1,,,1
501,'20260821',513,,51417,1,,,1,30,,51419,1,,,1,70,,51418,1,,,1,40,,51420,1,,,1,55,,51421,1,,,1,94,,51422,1,,,1,100,,51423,1,,,1,407,,51424,1,,,1,801,,51425,1,,,1
501,'20260822',701,,51435,1,,,1,100,,51436,1,,,1,304,,51437,1,,,1,300,,51438,1,,,1,300,,51439,1,,,1,303,,51440,1,,,1
501,'20260823',701,,51450,1,,,1,100,,51451,1,,,1,304,,51452,1,,,1,300,,51453,1,,,1,300,,51454,1,,,1,303,,51455,1,,,1
501,'20260824',513,,51464,1,,,1,30,,51466,1,,,1,70,,51465,1,,,1,40,,51467,1,,,1,55,,51468,1,,,1,94,,51469,1,,,1,100,,51470,1,,,1,407,,51471,1,,,1,801,,51472,1,,,1
501,'20260825',513,,51481,1,,,1,30,,51483,1,,,1,70,,51482,1,,,1,40,,51484,1,,,1,55,,51485,1,,,1,94,,51486,1,,,1,100,,51487,1,,,1,407,,51488,1,,,1,801,,51489,1,,,1
501,'20260826',513,,51498,1,,,1,30,,51500,1,,,1,70,,51499,1,,,1,40,,51501,1,,,1,55,,51502,1,,,1,94,,51503,1,,,1,100,,51504,1,,,1,407,,51505,1,,,1,801,,51506,1,,,1
501,'20260827',513,,51515,1,,,1,30,,51517,1,,,1,70,,51516,1,,,1,40,,51518,1,,,1,55,,51519,1,,,1,94,,51520,1,,,1,100,,51521,1,,,1,407,,51522,1,,,1,801,,51523,1,,,1
501,'20260828',513,,51532,1,,,1,30,,51534,1,,,1,70,,51533,1,,,1,40,,51535,1,,,1,55,,51536,1,,,1,94,,51537,1,,,1,100,,51538,1,,,1,407,,51539,1,,,1,801,,51540,1,,,1
501,'20260829',701,,51550,1,,,1,100,,51551,1,,,1,304,,51552,1,,,1,300,,51553,1,,,1,300,,51554,1,,,1,303,,51555,1,,,1
501,'20260830',701,,51565,1,,,1,100,,51566,1,,,1,304,,51567,1,,,1,300,,51568,1,,,1,300,,51569,1,,,1,303,,51570,1,,,1
501,'20260831',513,,51579,1,,,1,30,,51581,1,,,1,70,,51580,1,,,1,40,,51582,1,,,1,55,,51583,1,,,1,94,,51584,1,,,1,100,,51585,1,,,1,407,,51586,1,,,1,801,,51587,1,,,1
501,'20260901',513,,51596,1,,,1,30,,51598,1,,,1,70,,51597,1,,,1,40,,51599,1,,,1,55,,51600,1,,,1,94,,51601,1,,,1,100,,51602,1,,,1,407,,51603,1,,,1,801,,51604,1,,,1
501,'20260902',513,,51613,1,,,1,30,,51615,1,,,1,70,,51614,1,,,1,40,,51616,1,,,1,55,,51617,1,,,1,94,,51618,1,,,1,100,,51619,1,,,1,407,,51620,1,,,1,801,,51621,1,,,1
501,'20260903',513,,51630,1,,,1,30,,51632,1,,,1,70,,51631,1,,,1,40,,51633,1,,,1,55,,51634,1,,,1,94,,51635,1,,,1,100,,51636,1,,,1,407,,51637,1,,,1,801,,51638,1,,,1
501,'20260904',513,,51647,1,,,1,30,,51649,1,,,1,70,,51648,1,,,1,40,,51650,1,,,1,55,,51651,1,,,1,94,,51652,1,,,1,100,,51653,1,,,1,407,,51654,1,,,1,801,,51655,1,,,1
