300,'20260514',928,,21376,21,,,1,91,,21371,21,,,1,100,,21358,21,0,23 26,1,100,,21359,21,0,23 26,1,100,,21372,21,,,1,100,,21360,21,0,23 26,1,100,,21361,21,0,23 26,1,100,,21373,21,,,1,38,,21368,21,,,1,62,,21366,21,0,27,1,9,,21377,21,,,1,21,,21367,21,0,27,1,9,,21369,21,,,1,71,,21378,21,,,1,27,,21370,21,,,1,63,,21362,21,0,23 26,1,100,,21363,21,0,23 26,1,100,,21364,21,0,23 26,1,100,,21374,21,,,1,100,,21375,21,,,1,100,,21365,21,0,23 26,1
300,'20260515',928,,21415,21,,,1,91,,21410,21,,,1,100,,21398,21,0,23 26,1,100,,21399,21,0,23 26,1,100,,21411,21,,,1,100,,21400,21,0,23 26,1,100,,21401,21,0,23 26,1,100,,21412,21,,,1,38,,21407,21,,,1,62,,21405,21,0,27,1,9,,21416,21,,,1,21,,21406,21,0,27,1,9,,21408,21,,,1,71,,21417,21,,,1,27,,21409,21,,,1,63,,21402,21,0,23 26,1,100,,21403,21,0,23 26,1,100,,21404,21,0,23 26,1,100,,21413,21,,,1,100,,21414,21,,,1
300,'20260519',933,,21455,21,,,1,86,,21450,21,,,1,101,,21437,21,0,23 26,1,100,,21438,21,0,23 26,1,100,,21451,21,,,1,100,,21439,21,0,23 26,1,100,,21440,21,0,23 26,1,100,,21452,21,,,1,80,,21447,21,,,1,22,,21445,21,0,27,1,8,,21456,21,,,1,20,,21446,21,0,27,1,50,,21448,21,,,1,31,,21457,21,,,1,27,,21449,21,,,1,62,,21441,21,0,23 26,1,100,,21442,21,0,23 26,1,100,,21443,21,0,23 26,1,100,,21453,21,,,1,100,,21454,21,,,1,100,,21444,21,0,23 26,1
300,'20260520',928,,21495,21,,,1,91,,21490,21,,,1,100,,21477,21,0,23 26,1,100,,21478,21,0,23 26,1,100,,21491,21,,,1,100,,21479,21,0,23 26,1,100,,21480,21,0,23 26,1,100,,21492,21,,,1,38,,21487,21,,,1,62,,21485,21,0,27,1,9,,21496,21,,,1,21,,21486,21,0,27,1,9,,21488,21,,,1,71,,21497,21,,,1,27,,21489,21,,,1,63,,21481,21,0,23 26,1,100,,21482,21,0,23 26,1,100,,21483,21,0,23 26,1,100,,21493,21,,,1,100,,21494,21,,,1,100,,21484,21,0,23 26,1
300,'20260521',928,,21535,21,,,1,91,,21530,21,,,1,100,,21517,21,0,23 26,1,100,,21518,21,0,23 26,1,100,,21531,21,,,1,100,,21519,21,0,23 26,1,100,,21520,21,0,23 26,1,100,,21532,21,,,1,38,,21527,21,,,1,62,,21525,21,0,27,1,9,,21536,21,,,1,21,,21526,21,0,27,1,9,,21528,21,,,1,71,,21537,21,,,1,27,,21529,21,,,1,63,,21521,21,0,23 26,1,100,,21522,21,0,23 26,1,100,,21523,21,0,23 26,1,100,,21533,21,,,1,100,,21534,21,,,1,100,,21524,21,0,23 26,1
300,'20260522',928,,21575,21,,,1,91,,21570,21,,,1,100,,21557,21,0,23 26,1,100,,21558,21,0,23 26,1,100,,21571,21,,,1,100,,21559,21,0,23 26,1,100,,21560,21,0,23 26,1,100,,21572,21,,,1,38,,21567,21,,,1,62,,21565,21,0,27,1,9,,21576,21,,,1,21,,21566,21,0,27,1,9,,21568,21,,,1,71,,21577,21,,,1,27,,21569,21,,,1,63,,21561,21,0,23 26,1,100,,21562,21,0,23 26,1,100,,21563,21,0,23 26,1,100,,21573,21,,,1,100,,21574,21,,,1,100,,21564,21,0,23 26,1
300,'20260523',931,,21587,21,0,23 26,1,100,,21588,21,0,23 26,1,100,,21589,21,0,23 26,1,100,,21590,21,0,23 26,1,100,,21591,21,0,23 26,1,100,,21592,21,0,23 26,1,100,,21593,21,0,23 26,1,100,,21594,21,0,23 26,1,100,,21601,21,,,1,100,,21595,21,0,23 26,1,100,,21596,21,0,23 26,1,100,,21597,21,0,23 26,1,100,,21598,21,0,23 26,1,100,,21599,21,0,23 26,1,100,,21602,21,,,1,100,,21600,21,0,23 26,1
300,'20260524',931,,21612,21,0,23 26,1,100,,21613,21,0,23 26,1,100,,21614,21,0,23 26,1,100,,21615,21,0,23 26,1,100,,21616,21,0,23 26,1,100,,21617,21,0,23 26,1,100,,21618,21,0,23 26,1,100,,21619,21,0,23 26,1,100,,21626,21,,,1,100,,21620,21,0,23 26,1,100,,21621,21,0,23 26,1,100,,21622,21,0,23 26,1,100,,21623,21,0,23 26,1,100,,21624,21,0,23 26,1,100,,21627,21,,,1,100,,21625,21,0,23 26,1
300,'20260525',928,,21665,21,,,1,91,,21660,21,,,1,100,,21647,21,0,23 26,1,100,,21648,21,0,23 26,1,100,,21661,21,,,1,100,,21649,21,0,23 26,1,100,,21650,21,0,23 26,1,100,,21662,21,,,1,38,,21657,21,,,1,62,,21655,21,0,27,1,9,,21666,21,,,1,21,,21656,21,0,27,1,9,,21658,21,,,1,71,,21667,21,,,1,27,,21659,21,,,1,63,,21651,21,0,23 26,1,100,,21652,21,0,23 26,1,100,,21653,21,0,23 26,1,100,,21663,21,,,1,100,,21664,21,,,1,100,,21654,21,0,23 26,1
300,'20260526',928,,21705,21,,,1,91,,21700,21,,,1,100,,21687,21,0,23 26,1,100,,21688,21,0,23 26,1,100,,21701,21,,,1,100,,21689,21,0,23 26,1,100,,21690,21,0,23 26,1,100,,21702,21,,,1,38,,21697,21,,,1,62,,21695,21,0,27,1,9,,21706,21,,,1,21,,21696,21,0,27,1,9,,21698,21,,,1,71,,21707,21,,,1,27,,21699,21,,,1,63,,21691,21,0,23 26,1,100,,21692,21,0,23 26,1,100,,21693,21,0,23 26,1,100,,21703,21,,,1,100,,21704,21,,,1,100,,21694,21,0,23 26,1
300,'20260527',928,,21745,21,,,1,91,,21740,21,,,1,100,,21727,21,0,23 26,1,100,,21728,21,0,23 26,1,100,,21741,21,,,1,100,,21729,21,0,23 26,1,100,,21730,21,0,23 26,1,100,,21742,21,,,1,38,,21737,21,,,1,62,,21735,21,0,27,1,9,,21746,21,,,1,21,,21736,21,0,27,1,9,,21738,21,,,1,71,,21747,21,,,1,27,,21739,21,,,1,63,,21731,21,0,23 26,1,100,,21732,21,0,23 26,1,100,,21733,21,0,23 26,1,100,,21743,21,,,1,100,,21744,21,,,1,100,,21734,21,0,23 26,1
300,'20260528',928,,21785,21,,,1,91,,21780,21,,,1,100,,21767,21,0,23 26,1,100,,21768,21,0,23 26,1,100,,21781,21,,,1,100,,21769,21,0,23 26,1,100,,21770,21,0,23 26,1,100,,21782,21,,,1,38,,21777,21,,,1,62,,21775,21,0,27,1,9,,21786,21,,,1,21,,21776,21,0,27,1,9,,21778,21,,,1,71,,21787,21,,,1,27,,21779,21,,,1,63,,21771,21,0,23 26,1,100,,21772,21,0,23 26,1,100,,21773,21,0,23 26,1,100,,21783,21,,,1,100,,21784,21,,,1,100,,21774,21,0,23 26,1
300,'20260529',928,,21825,21,,,1,91,,21820,21,,,1,100,,21807,21,0,23 26,1,100,,21808,21,0,23 26,1,100,,21821,21,,,1,100,,21809,21,0,23 26,1,100,,21810,21,0,23 26,1,100,,21822,21,,,1,38,,21817,21,,,1,62,,21815,21,0,27,1,9,,21826,21,,,1,21,,21816,21,0,27,1,9,,21818,21,,,1,71,,21827,21,,,1,27,,21819,21,,,1,63,,21811,21,0,23 26,1,100,,21812,21,0,23 26,1,100,,21813,21,0,23 26,1,100,,21823,21,,,1,100,,21824,21,,,1,100,,21814,21,0,23 26,1
300,'20260530',931,,21837,21,0,23 26,1,100,,21838,21,0,23 26,1,100,,21839,21,0,23 26,1,100,,21840,21,0,23 26,1,100,,21841,21,0,23 26,1,100,,21842,21,0,23 26,1,100,,21843,21,0,23 26,1,100,,21844,21,0,23 26,1,100,,21851,21,,,1,100,,21845,21,0,23 26,1,100,,21846,21,0,23 26,1,100,,21847,21,0,23 26,1,100,,21848,21,0,23 26,1,100,,21849,21,0,23 26,1,100,,21852,21,,,1,100,,21850,21,0,23 26,1
300,'20260531',931,,21862,21,0,23 26,1,100,,21863,21,0,23 26,1,100,,21864,21,0,23 26,1,100,,21865,21,0,23 26,1,100,,21866,21,0,23 26,1,100,,21867,21,0,23 26,1,100,,21868,21,0,23 26,1,100,,21869,21,0,23 26,1,100,,21876,21,,,1,100,,21870,21,0,23 26,1,100,,21871,21,0,23 26,1,100,,21872,21,0,23 26,1,100,,21873,21,0,23 26,1,100,,21874,21,0,23 26,1,100,,21877,21,,,1,100,,21875,21,0,23 26,1
300,'20260601',928,,21915,21,,,1,91,,21910,21,,,1,100,,21897,21,0,23 26,1,100,,21898,21,0,23 26,1,100,,21911,21,,,1,100,,21899,21,0,23 26,1,100,,21900,21,0,23 26,1,100,,21912,21,,,1,38,,21907,21,,,1,62,,21905,21,0,27,1,9,,21916,21,,,1,21,,21906,21,0,27,1,9,,21908,21,,,1,71,,21917,21,,,1,27,,21909,21,,,1,63,,21901,21,0,23 26,1,100,,21902,21,0,23 26,1,100,,21903,21,0,23 26,1,100,,21913,21,,,1,100,,21914,21,,,1,100,,21904,21,0,23 26,1
300,'20260602',928,,21955,21,,,1,91,,21950,21,,,1,100,,21937,21,0,23 26,1,100,,21938,21,0,23 26,1,100,,21951,21,,,1,100,,21939,21,0,23 26,1,100,,21940,21,0,23 26,1,100,,21952,21,,,1,38,,21947,21,,,1,62,,21945,21,0,27,1,9,,21956,21,,,1,21,,21946,21,0,27,1,9,,21948,21,,,1,71,,21957,21,,,1,27,,21949,21,,,1,63,,21941,21,0,23 26,1,100,,21942,21,0,23 26,1,100,,21943,21,0,23 26,1,100,,21953,21,,,1,100,,21954,21,,,1,100,,21944,21,0,23 26,1
300,'20260603',928,,21995,21,,,1,91,,21990,21,,,1,100,,21977,21,0,23 26,1,100,,21978,21,0,23 26,1,100,,21991,21,,,1,100,,21979,21,0,23 26,1,100,,21980,21,0,23 26,1,100,,21992,21,,,1,38,,21987,21,,,1,62,,21985,21,0,27,1,9,,21996,21,,,1,21,,21986,21,0,27,1,9,,21988,21,,,1,71,,21997,21,,,1,27,,21989,21,,,1,63,,21981,21,0,23 26,1,100,,21982,21,0,23 26,1,100,,21983,21,0,23 26,1,100,,21993,21,,,1,100,,21994,21,,,1,100,,21984,21,0,23 26,1
300,'20260604',928,,22035,21,,,1,91,,22030,21,,,1,100,,22017,21,0,23 26,1,100,,22018,21,0,23 26,1,100,,22031,21,,,1,100,,22019,21,0,23 26,1,100,,22020,21,0,23 26,1,100,,22032,21,,,1,38,,22027,21,,,1,62,,22025,21,0,27,1,9,,22036,21,,,1,21,,22026,21,0,27,1,9,,22028,21,,,1,71,,22037,21,,,1,27,,22029,21,,,1,63,,22021,21,0,23 26,1,100,,22022,21,0,23 26,1,100,,22023,21,0,23 26,1,100,,22033,21,,,1,100,,22034,21,,,1,100,,22024,21,0,23 26,1
300,'20260605',928,,22075,21,,,1,91,,22070,21,,,1,100,,22057,21,0,23 26,1,100,,22058,21,0,23 26,1,100,,22071,21,,,1,100,,22059,21,0,23 26,1,100,,22060,21,0,23 26,1,100,,22072,21,,,1,38,,22067,21,,,1,62,,22065,21,0,27,1,9,,22076,21,,,1,21,,22066,21,0,27,1,9,,22068,21,,,1,71,,22077,21,,,1,27,,22069,21,,,1,63,,22061,21,0,23 26,1,100,,22062,21,0,23 26,1,100,,22063,21,0,23 26,1,100,,22073,21,,,1,100,,22074,21,,,1,100,,22064,21,0,23 26,1
300,'20260606',931,,22087,21,0,23 26,1,100,,22088,21,0,23 26,1,100,,22089,21,0,23 26,1,100,,22090,21,0,23 26,1,100,,22091,21,0,23 26,1,100,,22092,21,0,23 26,1,100,,22093,21,0,23 26,1,100,,22094,21,0,23 26,1,100,,22101,21,,,1,100,,22095,21,0,23 26,1,100,,22096,21,0,23 26,1,100,,22097,21,0,23 26,1,100,,22098,21,0,23 26,1,100,,22099,21,0,23 26,1,100,,22102,21,,,1,100,,22100,21,0,23 26,1
300,'20260607',931,,22112,21,0,23 26,1,100,,22113,21,0,23 26,1,100,,22114,21,0,23 26,1,100,,22115,21,0,23 26,1,100,,22116,21,0,23 26,1,100,,22117,21,0,23 26,1,100,,22118,21,0,23 26,1,100,,22119,21,0,23 26,1,100,,22126,21,,,1,100,,22120,21,0,23 26,1,100,,22121,21,0,23 26,1,100,,22122,21,0,23 26,1,100,,22123,21,0,23 26,1,100,,22124,21,0,23 26,1,100,,22127,21,,,1,100,,22125,21,0,23 26,1
300,'20260608',928,,22165,21,,,1,91,,22160,21,,,1,100,,22147,21,0,23 26,1,100,,22148,21,0,23 26,1,100,,22161,21,,,1,100,,22149,21,0,23 26,1,100,,22150,21,0,23 26,1,100,,22162,21,,,1,38,,22157,21,,,1,62,,22155,21,0,27,1,9,,22166,21,,,1,21,,22156,21,0,27,1,9,,22158,21,,,1,71,,22167,21,,,1,27,,22159,21,,,1,63,,22151,21,0,23 26,1,100,,22152,21,0,23 26,1,100,,22153,21,0,23 26,1,100,,22163,21,,,1,100,,22164,21,,,1,100,,22154,21,0,23 26,1
300,'20260609',928,,22205,21,,,1,91,,22200,21,,,1,100,,22187,21,0,23 26,1,100,,22188,21,0,23 26,1,100,,22201,21,,,1,100,,22189,21,0,23 26,1,100,,22190,21,0,23 26,1,100,,22202,21,,,1,38,,22197,21,,,1,62,,22195,21,0,27,1,9,,22206,21,,,1,21,,22196,21,0,27,1,9,,22198,21,,,1,71,,22207,21,,,1,27,,22199,21,,,1,63,,22191,21,0,23 26,1,100,,22192,21,0,23 26,1,100,,22193,21,0,23 26,1,100,,22203,21,,,1,100,,22204,21,,,1,100,,22194,21,0,23 26,1
300,'20260610',928,,22245,21,,,1,91,,22240,21,,,1,100,,22227,21,0,23 26,1,100,,22228,21,0,23 26,1,100,,22241,21,,,1,100,,22229,21,0,23 26,1,100,,22230,21,0,23 26,1,100,,22242,21,,,1,38,,22237,21,,,1,62,,22235,21,0,27,1,9,,22246,21,,,1,21,,22236,21,0,27,1,9,,22238,21,,,1,71,,22247,21,,,1,27,,22239,21,,,1,63,,22231,21,0,23 26,1,100,,22232,21,0,23 26,1,100,,22233,21,0,23 26,1,100,,22243,21,,,1,100,,22244,21,,,1,100,,22234,21,0,23 26,1
300,'20260611',928,,22285,21,,,1,91,,22280,21,,,1,100,,22267,21,0,23 26,1,100,,22268,21,0,23 26,1,100,,22281,21,,,1,100,,22269,21,0,23 26,1,100,,22270,21,0,23 26,1,100,,22282,21,,,1,38,,22277,21,,,1,62,,22275,21,0,27,1,9,,22286,21,,,1,21,,22276,21,0,27,1,9,,22278,21,,,1,71,,22287,21,,,1,27,,22279,21,,,1,63,,22271,21,0,23 26,1,100,,22272,21,0,23 26,1,100,,22273,21,0,23 26,1,100,,22283,21,,,1,100,,22284,21,,,1,100,,22274,21,0,23 26,1
300,'20260612',928,,22325,21,,,1,91,,22320,21,,,1,100,,22307,21,0,23 26,1,100,,22308,21,0,23 26,1,100,,22321,21,,,1,100,,22309,21,0,23 26,1,100,,22310,21,0,23 26,1,100,,22322,21,,,1,38,,22317,21,,,1,62,,22315,21,0,27,1,9,,22326,21,,,1,21,,22316,21,0,27,1,9,,22318,21,,,1,71,,22327,21,,,1,27,,22319,21,,,1,63,,22311,21,0,23 26,1,100,,22312,21,0,23 26,1,100,,22313,21,0,23 26,1,100,,22323,21,,,1,100,,22324,21,,,1,100,,22314,21,0,23 26,1
300,'20260613',931,,42870,21,0,23 26,1,100,,42871,21,0,23 26,1,100,,42872,21,0,23 26,1,100,,42873,21,0,23 26,1,100,,42874,21,0,23 26,1,100,,42875,21,0,23 26,1,100,,42876,21,0,23 26,1,100,,42877,21,0,23 26,1,100,,42884,21,,,1,100,,42878,21,0,23 26,1,100,,42879,21,0,23 26,1,100,,42880,21,0,23 26,1,100,,42881,21,0,23 26,1,100,,42882,21,0,23 26,1,100,,42885,21,,,1,100,,42883,21,0,23 26,1
300,'20260614',931,,42895,21,0,23 26,1,100,,42896,21,0,23 26,1,100,,42897,21,0,23 26,1,100,,42898,21,0,23 26,1,100,,42899,21,0,23 26,1,100,,42900,21,0,23 26,1,100,,42901,21,0,23 26,1,100,,42902,21,0,23 26,1,100,,42909,21,,,1,100,,42903,21,0,23 26,1,100,,42904,21,0,23 26,1,100,,42905,21,0,23 26,1,100,,42906,21,0,23 26,1,100,,42907,21,0,23 26,1,100,,42910,21,,,1,100,,42908,21,0,23 26,1
300,'20260615',928,,42948,21,,,1,91,,42943,21,,,1,100,,42930,21,0,23 26,1,100,,42931,21,0,23 26,1,100,,42944,21,,,1,100,,42932,21,0,23 26,1,100,,42933,21,0,23 26,1,100,,42945,21,,,1,38,,42940,21,,,1,62,,42938,21,0,27,1,9,,42949,21,,,1,21,,42939,21,0,27,1,9,,42941,21,,,1,71,,42950,21,,,1,27,,42942,21,,,1,63,,42934,21,0,23 26,1,100,,42935,21,0,23 26,1,100,,42936,21,0,23 26,1,100,,42946,21,,,1,100,,42947,21,,,1,100,,42937,21,0,23 26,1
300,'20260616',928,,42988,21,,,1,91,,42983,21,,,1,100,,42970,21,0,23 26,1,100,,42971,21,0,23 26,1,100,,42984,21,,,1,100,,42972,21,0,23 26,1,100,,42973,21,0,23 26,1,100,,42985,21,,,1,38,,42980,21,,,1,62,,42978,21,0,27,1,9,,42989,21,,,1,21,,42979,21,0,27,1,9,,42981,21,,,1,71,,42990,21,,,1,27,,42982,21,,,1,63,,42974,21,0,23 26,1,100,,42975,21,0,23 26,1,100,,42976,21,0,23 26,1,100,,42986,21,,,1,100,,42987,21,,,1,100,,42977,21,0,23 26,1
300,'20260617',928,,43028,21,,,1,91,,43023,21,,,1,100,,43010,21,0,23 26,1,100,,43011,21,0,23 26,1,100,,43024,21,,,1,100,,43012,21,0,23 26,1,100,,43013,21,0,23 26,1,100,,43025,21,,,1,38,,43020,21,,,1,62,,43018,21,0,27,1,9,,43029,21,,,1,21,,43019,21,0,27,1,9,,43021,21,,,1,71,,43030,21,,,1,27,,43022,21,,,1,63,,43014,21,0,23 26,1,100,,43015,21,0,23 26,1,100,,43016,21,0,23 26,1,100,,43026,21,,,1,100,,43027,21,,,1,100,,43017,21,0,23 26,1
300,'20260618',928,,43068,21,,,1,91,,43063,21,,,1,100,,43050,21,0,23 26,1,100,,43051,21,0,23 26,1,100,,43064,21,,,1,100,,43052,21,0,23 26,1,100,,43053,21,0,23 26,1,100,,43065,21,,,1,38,,43060,21,,,1,62,,43058,21,0,27,1,9,,43069,21,,,1,21,,43059,21,0,27,1,9,,43061,21,,,1,71,,43070,21,,,1,27,,43062,21,,,1,63,,43054,21,0,23 26,1,100,,43055,21,0,23 26,1,100,,43056,21,0,23 26,1,100,,43066,21,,,1,100,,43067,21,,,1,100,,43057,21,0,23 26,1
300,'20260619',928,,43108,21,,,1,91,,43103,21,,,1,100,,43090,21,0,23 26,1,100,,43091,21,0,23 26,1,100,,43104,21,,,1,100,,43092,21,0,23 26,1,100,,43093,21,0,23 26,1,100,,43105,21,,,1,38,,43100,21,,,1,62,,43098,21,0,27,1,9,,43109,21,,,1,21,,43099,21,0,27,1,9,,43101,21,,,1,71,,43110,21,,,1,27,,43102,21,,,1,63,,43094,21,0,23 26,1,100,,43095,21,0,23 26,1,100,,43096,21,0,23 26,1,100,,43106,21,,,1,100,,43107,21,,,1,100,,43097,21,0,23 26,1
300,'20260620',931,,43120,21,0,23 26,1,100,,43121,21,0,23 26,1,100,,43122,21,0,23 26,1,100,,43123,21,0,23 26,1,100,,43124,21,0,23 26,1,100,,43125,21,0,23 26,1,100,,43126,21,0,23 26,1,100,,43127,21,0,23 26,1,100,,43134,21,,,1,100,,43128,21,0,23 26,1,100,,43129,21,0,23 26,1,100,,43130,21,0,23 26,1,100,,43131,21,0,23 26,1,100,,43132,21,0,23 26,1,100,,43135,21,,,1,100,,43133,21,0,23 26,1
300,'20260621',931,,43145,21,0,23 26,1,100,,43146,21,0,23 26,1,100,,43147,21,0,23 26,1,100,,43148,21,0,23 26,1,100,,43149,21,0,23 26,1,100,,43150,21,0,23 26,1,100,,43151,21,0,23 26,1,100,,43152,21,0,23 26,1,100,,43159,21,,,1,100,,43153,21,0,23 26,1,100,,43154,21,0,23 26,1,100,,43155,21,0,23 26,1,100,,43156,21,0,23 26,1,100,,43157,21,0,23 26,1,100,,43160,21,,,1,100,,43158,21,0,23 26,1
300,'20260622',928,,43198,21,,,1,91,,43193,21,,,1,100,,43180,21,0,23 26,1,100,,43181,21,0,23 26,1,100,,43194,21,,,1,100,,43182,21,0,23 26,1,100,,43183,21,0,23 26,1,100,,43195,21,,,1,38,,43190,21,,,1,62,,43188,21,0,27,1,9,,43199,21,,,1,21,,43189,21,0,27,1,9,,43191,21,,,1,71,,43200,21,,,1,27,,43192,21,,,1,63,,43184,21,0,23 26,1,100,,43185,21,0,23 26,1,100,,43186,21,0,23 26,1,100,,43196,21,,,1,100,,43197,21,,,1,100,,43187,21,0,23 26,1
300,'20260623',928,,43238,21,,,1,91,,43233,21,,,1,100,,43220,21,0,23 26,1,100,,43221,21,0,23 26,1,100,,43234,21,,,1,100,,43222,21,0,23 26,1,100,,43223,21,0,23 26,1,100,,43235,21,,,1,38,,43230,21,,,1,62,,43228,21,0,27,1,9,,43239,21,,,1,21,,43229,21,0,27,1,9,,43231,21,,,1,71,,43240,21,,,1,27,,43232,21,,,1,63,,43224,21,0,23 26,1,100,,43225,21,0,23 26,1,100,,43226,21,0,23 26,1,100,,43236,21,,,1,100,,43237,21,,,1,100,,43227,21,0,23 26,1
300,'20260624',928,,43278,21,,,1,91,,43273,21,,,1,100,,43260,21,0,23 26,1,100,,43261,21,0,23 26,1,100,,43274,21,,,1,100,,43262,21,0,23 26,1,100,,43263,21,0,23 26,1,100,,43275,21,,,1,38,,43270,21,,,1,62,,43268,21,0,27,1,9,,43279,21,,,1,21,,43269,21,0,27,1,9,,43271,21,,,1,71,,43280,21,,,1,27,,43272,21,,,1,63,,43264,21,0,23 26,1,100,,43265,21,0,23 26,1,100,,43266,21,0,23 26,1,100,,43276,21,,,1,100,,43277,21,,,1,100,,43267,21,0,23 26,1
300,'20260625',928,,43318,21,,,1,91,,43313,21,,,1,100,,43300,21,0,23 26,1,100,,43301,21,0,23 26,1,100,,43314,21,,,1,100,,43302,21,0,23 26,1,100,,43303,21,0,23 26,1,100,,43315,21,,,1,38,,43310,21,,,1,62,,43308,21,0,27,1,9,,43319,21,,,1,21,,43309,21,0,27,1,9,,43311,21,,,1,71,,43320,21,,,1,27,,43312,21,,,1,63,,43304,21,0,23 26,1,100,,43305,21,0,23 26,1,100,,43306,21,0,23 26,1,100,,43316,21,,,1,100,,43317,21,,,1,100,,43307,21,0,23 26,1
300,'20260626',928,,43358,21,,,1,91,,43353,21,,,1,100,,43340,21,0,23 26,1,100,,43341,21,0,23 26,1,100,,43354,21,,,1,100,,43342,21,0,23 26,1,100,,43343,21,0,23 26,1,100,,43355,21,,,1,38,,43350,21,,,1,62,,43348,21,0,27,1,9,,43359,21,,,1,21,,43349,21,0,27,1,9,,43351,21,,,1,71,,43360,21,,,1,27,,43352,21,,,1,63,,43344,21,0,23 26,1,100,,43345,21,0,23 26,1,100,,43346,21,0,23 26,1,100,,43356,21,,,1,100,,43357,21,,,1,100,,43347,21,0,23 26,1
300,'20260627',931,,43370,21,0,23 26,1,100,,43371,21,0,23 26,1,100,,43372,21,0,23 26,1,100,,43373,21,0,23 26,1,100,,43374,21,0,23 26,1,100,,43375,21,0,23 26,1,100,,43376,21,0,23 26,1,100,,43377,21,0,23 26,1,100,,43384,21,,,1,100,,43378,21,0,23 26,1,100,,43379,21,0,23 26,1,100,,43380,21,0,23 26,1,100,,43381,21,0,23 26,1,100,,43382,21,0,23 26,1,100,,43385,21,,,1,100,,43383,21,0,23 26,1
300,'20260628',931,,43395,21,0,23 26,1,100,,43396,21,0,23 26,1,100,,43397,21,0,23 26,1,100,,43398,21,0,23 26,1,100,,43399,21,0,23 26,1,100,,43400,21,0,23 26,1,100,,43401,21,0,23 26,1,100,,43402,21,0,23 26,1,100,,43409,21,,,1,100,,43403,21,0,23 26,1,100,,43404,21,0,23 26,1,100,,43405,21,0,23 26,1,100,,43406,21,0,23 26,1,100,,43407,21,0,23 26,1,100,,43410,21,,,1,100,,43408,21,0,23 26,1
300,'20260629',928,,43448,21,,,1,91,,43443,21,,,1,100,,43430,21,0,23 26,1,100,,43431,21,0,23 26,1,100,,43444,21,,,1,100,,43432,21,0,23 26,1,100,,43433,21,0,23 26,1,100,,43445,21,,,1,38,,43440,21,,,1,62,,43438,21,0,27,1,9,,43449,21,,,1,21,,43439,21,0,27,1,9,,43441,21,,,1,71,,43450,21,,,1,27,,43442,21,,,1,63,,43434,21,0,23 26,1,100,,43435,21,0,23 26,1,100,,43436,21,0,23 26,1,100,,43446,21,,,1,100,,43447,21,,,1,100,,43437,21,0,23 26,1
300,'20260630',928,,43488,21,,,1,91,,43483,21,,,1,100,,43470,21,0,23 26,1,100,,43471,21,0,23 26,1,100,,43484,21,,,1,100,,43472,21,0,23 26,1,100,,43473,21,0,23 26,1,100,,43485,21,,,1,38,,43480,21,,,1,62,,43478,21,0,27,1,9,,43489,21,,,1,21,,43479,21,0,27,1,9,,43481,21,,,1,71,,43490,21,,,1,27,,43482,21,,,1,63,,43474,21,0,23 26,1,100,,43475,21,0,23 26,1,100,,43476,21,0,23 26,1,100,,43486,21,,,1,100,,43487,21,,,1,100,,43477,21,0,23 26,1
300,'20260701',931,,43500,21,0,23 26,1,100,,43501,21,0,23 26,1,100,,43502,21,0,23 26,1,100,,43503,21,0,23 26,1,100,,43504,21,0,23 26,1,100,,43505,21,0,23 26,1,100,,43506,21,0,23 26,1,100,,43507,21,0,23 26,1,100,,43514,21,,,1,100,,43508,21,0,23 26,1,100,,43509,21,0,23 26,1,100,,43510,21,0,23 26,1,100,,43511,21,0,23 26,1,100,,43512,21,0,23 26,1,100,,43515,21,,,1,100,,43513,21,0,23 26,1
300,'20260702',928,,43553,21,,,1,91,,43548,21,,,1,100,,43535,21,0,23 26,1,100,,43536,21,0,23 26,1,100,,43549,21,,,1,100,,43537,21,0,23 26,1,100,,43538,21,0,23 26,1,100,,43550,21,,,1,38,,43545,21,,,1,62,,43543,21,0,27,1,9,,43554,21,,,1,21,,43544,21,0,27,1,9,,43546,21,,,1,71,,43555,21,,,1,27,,43547,21,,,1,63,,43539,21,0,23 26,1,100,,43540,21,0,23 26,1,100,,43541,21,0,23 26,1,100,,43551,21,,,1,100,,43552,21,,,1,100,,43542,21,0,23 26,1
300,'20260703',928,,43593,21,,,1,91,,43588,21,,,1,100,,43575,21,0,23 26,1,100,,43576,21,0,23 26,1,100,,43589,21,,,1,100,,43577,21,0,23 26,1,100,,43578,21,0,23 26,1,100,,43590,21,,,1,38,,43585,21,,,1,62,,43583,21,0,27,1,9,,43594,21,,,1,21,,43584,21,0,27,1,9,,43586,21,,,1,71,,43595,21,,,1,27,,43587,21,,,1,63,,43579,21,0,23 26,1,100,,43580,21,0,23 26,1,100,,43581,21,0,23 26,1,100,,43591,21,,,1,100,,43592,21,,,1,100,,43582,21,0,23 26,1
300,'20260704',931,,43605,21,0,23 26,1,100,,43606,21,0,23 26,1,100,,43607,21,0,23 26,1,100,,43608,21,0,23 26,1,100,,43609,21,0,23 26,1,100,,43610,21,0,23 26,1,100,,43611,21,0,23 26,1,100,,43612,21,0,23 26,1,100,,43619,21,,,1,100,,43613,21,0,23 26,1,100,,43614,21,0,23 26,1,100,,43615,21,0,23 26,1,100,,43616,21,0,23 26,1,100,,43617,21,0,23 26,1,100,,43620,21,,,1,100,,43618,21,0,23 26,1
300,'20260705',931,,43630,21,0,23 26,1,100,,43631,21,0,23 26,1,100,,43632,21,0,23 26,1,100,,43633,21,0,23 26,1,100,,43634,21,0,23 26,1,100,,43635,21,0,23 26,1,100,,43636,21,0,23 26,1,100,,43637,21,0,23 26,1,100,,43644,21,,,1,100,,43638,21,0,23 26,1,100,,43639,21,0,23 26,1,100,,43640,21,0,23 26,1,100,,43641,21,0,23 26,1,100,,43642,21,0,23 26,1,100,,43645,21,,,1,100,,43643,21,0,23 26,1
300,'20260706',928,,43683,21,,,1,91,,43678,21,,,1,100,,43665,21,0,23 26,1,100,,43666,21,0,23 26,1,100,,43679,21,,,1,100,,43667,21,0,23 26,1,100,,43668,21,0,23 26,1,100,,43680,21,,,1,38,,43675,21,,,1,62,,43673,21,0,27,1,9,,43684,21,,,1,21,,43674,21,0,27,1,9,,43676,21,,,1,71,,43685,21,,,1,27,,43677,21,,,1,63,,43669,21,0,23 26,1,100,,43670,21,0,23 26,1,100,,43671,21,0,23 26,1,100,,43681,21,,,1,100,,43682,21,,,1,100,,43672,21,0,23 26,1
300,'20260707',928,,43723,21,,,1,91,,43718,21,,,1,100,,43705,21,0,23 26,1,100,,43706,21,0,23 26,1,100,,43719,21,,,1,100,,43707,21,0,23 26,1,100,,43708,21,0,23 26,1,100,,43720,21,,,1,38,,43715,21,,,1,62,,43713,21,0,27,1,9,,43724,21,,,1,21,,43714,21,0,27,1,9,,43716,21,,,1,71,,43725,21,,,1,27,,43717,21,,,1,63,,43709,21,0,23 26,1,100,,43710,21,0,23 26,1,100,,43711,21,0,23 26,1,100,,43721,21,,,1,100,,43722,21,,,1,100,,43712,21,0,23 26,1
300,'20260708',928,,43763,21,,,1,91,,43758,21,,,1,100,,43745,21,0,23 26,1,100,,43746,21,0,23 26,1,100,,43759,21,,,1,100,,43747,21,0,23 26,1,100,,43748,21,0,23 26,1,100,,43760,21,,,1,38,,43755,21,,,1,62,,43753,21,0,27,1,9,,43764,21,,,1,21,,43754,21,0,27,1,9,,43756,21,,,1,71,,43765,21,,,1,27,,43757,21,,,1,63,,43749,21,0,23 26,1,100,,43750,21,0,23 26,1,100,,43751,21,0,23 26,1,100,,43761,21,,,1,100,,43762,21,,,1,100,,43752,21,0,23 26,1
300,'20260709',928,,43803,21,,,1,91,,43798,21,,,1,100,,43785,21,0,23 26,1,100,,43786,21,0,23 26,1,100,,43799,21,,,1,100,,43787,21,0,23 26,1,100,,43788,21,0,23 26,1,100,,43800,21,,,1,38,,43795,21,,,1,62,,43793,21,0,27,1,9,,43804,21,,,1,21,,43794,21,0,27,1,9,,43796,21,,,1,71,,43805,21,,,1,27,,43797,21,,,1,63,,43789,21,0,23 26,1,100,,43790,21,0,23 26,1,100,,43791,21,0,23 26,1,100,,43801,21,,,1,100,,43802,21,,,1,100,,43792,21,0,23 26,1
300,'20260710',928,,43843,21,,,1,91,,43838,21,,,1,100,,43825,21,0,23 26,1,100,,43826,21,0,23 26,1,100,,43839,21,,,1,100,,43827,21,0,23 26,1,100,,43828,21,0,23 26,1,100,,43840,21,,,1,38,,43835,21,,,1,62,,43833,21,0,27,1,9,,43844,21,,,1,21,,43834,21,0,27,1,9,,43836,21,,,1,71,,43845,21,,,1,27,,43837,21,,,1,63,,43829,21,0,23 26,1,100,,43830,21,0,23 26,1,100,,43831,21,0,23 26,1,100,,43841,21,,,1,100,,43842,21,,,1,100,,43832,21,0,23 26,1
300,'20260711',931,,43855,21,0,23 26,1,100,,43856,21,0,23 26,1,100,,43857,21,0,23 26,1,100,,43858,21,0,23 26,1,100,,43859,21,0,23 26,1,100,,43860,21,0,23 26,1,100,,43861,21,0,23 26,1,100,,43862,21,0,23 26,1,100,,43869,21,,,1,100,,43863,21,0,23 26,1,100,,43864,21,0,23 26,1,100,,43865,21,0,23 26,1,100,,43866,21,0,23 26,1,100,,43867,21,0,23 26,1,100,,43870,21,,,1,100,,43868,21,0,23 26,1
300,'20260712',931,,43880,21,0,23 26,1,100,,43881,21,0,23 26,1,100,,43882,21,0,23 26,1,100,,43883,21,0,23 26,1,100,,43884,21,0,23 26,1,100,,43885,21,0,23 26,1,100,,43886,21,0,23 26,1,100,,43887,21,0,23 26,1,100,,43894,21,,,1,100,,43888,21,0,23 26,1,100,,43889,21,0,23 26,1,100,,43890,21,0,23 26,1,100,,43891,21,0,23 26,1,100,,43892,21,0,23 26,1,100,,43895,21,,,1,100,,43893,21,0,23 26,1
300,'20260713',928,,43933,21,,,1,91,,43928,21,,,1,100,,43915,21,0,23 26,1,100,,43916,21,0,23 26,1,100,,43929,21,,,1,100,,43917,21,0,23 26,1,100,,43918,21,0,23 26,1,100,,43930,21,,,1,38,,43925,21,,,1,62,,43923,21,0,27,1,9,,43934,21,,,1,21,,43924,21,0,27,1,9,,43926,21,,,1,71,,43935,21,,,1,27,,43927,21,,,1,63,,43919,21,0,23 26,1,100,,43920,21,0,23 26,1,100,,43921,21,0,23 26,1,100,,43931,21,,,1,100,,43932,21,,,1,100,,43922,21,0,23 26,1
300,'20260714',928,,43973,21,,,1,91,,43968,21,,,1,100,,43955,21,0,23 26,1,100,,43956,21,0,23 26,1,100,,43969,21,,,1,100,,43957,21,0,23 26,1,100,,43958,21,0,23 26,1,100,,43970,21,,,1,38,,43965,21,,,1,62,,43963,21,0,27,1,9,,43974,21,,,1,21,,43964,21,0,27,1,9,,43966,21,,,1,71,,43975,21,,,1,27,,43967,21,,,1,63,,43959,21,0,23 26,1,100,,43960,21,0,23 26,1,100,,43961,21,0,23 26,1,100,,43971,21,,,1,100,,43972,21,,,1,100,,43962,21,0,23 26,1
300,'20260715',928,,44013,21,,,1,91,,44008,21,,,1,100,,43995,21,0,23 26,1,100,,43996,21,0,23 26,1,100,,44009,21,,,1,100,,43997,21,0,23 26,1,100,,43998,21,0,23 26,1,100,,44010,21,,,1,38,,44005,21,,,1,62,,44003,21,0,27,1,9,,44014,21,,,1,21,,44004,21,0,27,1,9,,44006,21,,,1,71,,44015,21,,,1,27,,44007,21,,,1,63,,43999,21,0,23 26,1,100,,44000,21,0,23 26,1,100,,44001,21,0,23 26,1,100,,44011,21,,,1,100,,44012,21,,,1,100,,44002,21,0,23 26,1
300,'20260716',928,,44053,21,,,1,91,,44048,21,,,1,100,,44035,21,0,23 26,1,100,,44036,21,0,23 26,1,100,,44049,21,,,1,100,,44037,21,0,23 26,1,100,,44038,21,0,23 26,1,100,,44050,21,,,1,38,,44045,21,,,1,62,,44043,21,0,27,1,9,,44054,21,,,1,21,,44044,21,0,27,1,9,,44046,21,,,1,71,,44055,21,,,1,27,,44047,21,,,1,63,,44039,21,0,23 26,1,100,,44040,21,0,23 26,1,100,,44041,21,0,23 26,1,100,,44051,21,,,1,100,,44052,21,,,1,100,,44042,21,0,23 26,1
300,'20260717',928,,44093,21,,,1,91,,44088,21,,,1,100,,44075,21,0,23 26,1,100,,44076,21,0,23 26,1,100,,44089,21,,,1,100,,44077,21,0,23 26,1,100,,44078,21,0,23 26,1,100,,44090,21,,,1,38,,44085,21,,,1,62,,44083,21,0,27,1,9,,44094,21,,,1,21,,44084,21,0,27,1,9,,44086,21,,,1,71,,44095,21,,,1,27,,44087,21,,,1,63,,44079,21,0,23 26,1,100,,44080,21,0,23 26,1,100,,44081,21,0,23 26,1,100,,44091,21,,,1,100,,44092,21,,,1,100,,44082,21,0,23 26,1
300,'20260718',931,,44105,21,0,23 26,1,100,,44106,21,0,23 26,1,100,,44107,21,0,23 26,1,100,,44108,21,0,23 26,1,100,,44109,21,0,23 26,1,100,,44110,21,0,23 26,1,100,,44111,21,0,23 26,1,100,,44112,21,0,23 26,1,100,,44119,21,,,1,100,,44113,21,0,23 26,1,100,,44114,21,0,23 26,1,100,,44115,21,0,23 26,1,100,,44116,21,0,23 26,1,100,,44117,21,0,23 26,1,100,,44120,21,,,1,100,,44118,21,0,23 26,1
300,'20260719',931,,44130,21,0,23 26,1,100,,44131,21,0,23 26,1,100,,44132,21,0,23 26,1,100,,44133,21,0,23 26,1,100,,44134,21,0,23 26,1,100,,44135,21,0,23 26,1,100,,44136,21,0,23 26,1,100,,44137,21,0,23 26,1,100,,44144,21,,,1,100,,44138,21,0,23 26,1,100,,44139,21,0,23 26,1,100,,44140,21,0,23 26,1,100,,44141,21,0,23 26,1,100,,44142,21,0,23 26,1,100,,44145,21,,,1,100,,44143,21,0,23 26,1
300,'20260720',928,,44183,21,,,1,91,,44178,21,,,1,100,,44165,21,0,23 26,1,100,,44166,21,0,23 26,1,100,,44179,21,,,1,100,,44167,21,0,23 26,1,100,,44168,21,0,23 26,1,100,,44180,21,,,1,38,,44175,21,,,1,62,,44173,21,0,27,1,9,,44184,21,,,1,21,,44174,21,0,27,1,9,,44176,21,,,1,71,,44185,21,,,1,27,,44177,21,,,1,63,,44169,21,0,23 26,1,100,,44170,21,0,23 26,1,100,,44171,21,0,23 26,1,100,,44181,21,,,1,100,,44182,21,,,1,100,,44172,21,0,23 26,1
300,'20260721',928,,44223,21,,,1,91,,44218,21,,,1,100,,44205,21,0,23 26,1,100,,44206,21,0,23 26,1,100,,44219,21,,,1,100,,44207,21,0,23 26,1,100,,44208,21,0,23 26,1,100,,44220,21,,,1,38,,44215,21,,,1,62,,44213,21,0,27,1,9,,44224,21,,,1,21,,44214,21,0,27,1,9,,44216,21,,,1,71,,44225,21,,,1,27,,44217,21,,,1,63,,44209,21,0,23 26,1,100,,44210,21,0,23 26,1,100,,44211,21,0,23 26,1,100,,44221,21,,,1,100,,44222,21,,,1,100,,44212,21,0,23 26,1
300,'20260722',928,,44263,21,,,1,91,,44258,21,,,1,100,,44245,21,0,23 26,1,100,,44246,21,0,23 26,1,100,,44259,21,,,1,100,,44247,21,0,23 26,1,100,,44248,21,0,23 26,1,100,,44260,21,,,1,38,,44255,21,,,1,62,,44253,21,0,27,1,9,,44264,21,,,1,21,,44254,21,0,27,1,9,,44256,21,,,1,71,,44265,21,,,1,27,,44257,21,,,1,63,,44249,21,0,23 26,1,100,,44250,21,0,23 26,1,100,,44251,21,0,23 26,1,100,,44261,21,,,1,100,,44262,21,,,1,100,,44252,21,0,23 26,1
300,'20260723',928,,44303,21,,,1,91,,44298,21,,,1,100,,44285,21,0,23 26,1,100,,44286,21,0,23 26,1,100,,44299,21,,,1,100,,44287,21,0,23 26,1,100,,44288,21,0,23 26,1,100,,44300,21,,,1,38,,44295,21,,,1,62,,44293,21,0,27,1,9,,44304,21,,,1,21,,44294,21,0,27,1,9,,44296,21,,,1,71,,44305,21,,,1,27,,44297,21,,,1,63,,44289,21,0,23 26,1,100,,44290,21,0,23 26,1,100,,44291,21,0,23 26,1,100,,44301,21,,,1,100,,44302,21,,,1,100,,44292,21,0,23 26,1
300,'20260724',928,,44343,21,,,1,91,,44338,21,,,1,100,,44325,21,0,23 26,1,100,,44326,21,0,23 26,1,100,,44339,21,,,1,100,,44327,21,0,23 26,1,100,,44328,21,0,23 26,1,100,,44340,21,,,1,38,,44335,21,,,1,62,,44333,21,0,27,1,9,,44344,21,,,1,21,,44334,21,0,27,1,9,,44336,21,,,1,71,,44345,21,,,1,27,,44337,21,,,1,63,,44329,21,0,23 26,1,100,,44330,21,0,23 26,1,100,,44331,21,0,23 26,1,100,,44341,21,,,1,100,,44342,21,,,1,100,,44332,21,0,23 26,1
300,'20260725',931,,44355,21,0,23 26,1,100,,44356,21,0,23 26,1,100,,44357,21,0,23 26,1,100,,44358,21,0,23 26,1,100,,44359,21,0,23 26,1,100,,44360,21,0,23 26,1,100,,44361,21,0,23 26,1,100,,44362,21,0,23 26,1,100,,44369,21,,,1,100,,44363,21,0,23 26,1,100,,44364,21,0,23 26,1,100,,44365,21,0,23 26,1,100,,44366,21,0,23 26,1,100,,44367,21,0,23 26,1,100,,44370,21,,,1,100,,44368,21,0,23 26,1
300,'20260726',931,,44380,21,0,23 26,1,100,,44381,21,0,23 26,1,100,,44382,21,0,23 26,1,100,,44383,21,0,23 26,1,100,,44384,21,0,23 26,1,100,,44385,21,0,23 26,1,100,,44386,21,0,23 26,1,100,,44387,21,0,23 26,1,100,,44394,21,,,1,100,,44388,21,0,23 26,1,100,,44389,21,0,23 26,1,100,,44390,21,0,23 26,1,100,,44391,21,0,23 26,1,100,,44392,21,0,23 26,1,100,,44395,21,,,1,100,,44393,21,0,23 26,1
300,'20260727',928,,44433,21,,,1,91,,44428,21,,,1,100,,44415,21,0,23 26,1,100,,44416,21,0,23 26,1,100,,44429,21,,,1,100,,44417,21,0,23 26,1,100,,44418,21,0,23 26,1,100,,44430,21,,,1,38,,44425,21,,,1,62,,44423,21,0,27,1,9,,44434,21,,,1,21,,44424,21,0,27,1,9,,44426,21,,,1,71,,44435,21,,,1,27,,44427,21,,,1,63,,44419,21,0,23 26,1,100,,44420,21,0,23 26,1,100,,44421,21,0,23 26,1,100,,44431,21,,,1,100,,44432,21,,,1,100,,44422,21,0,23 26,1
300,'20260728',928,,44473,21,,,1,91,,44468,21,,,1,100,,44455,21,0,23 26,1,100,,44456,21,0,23 26,1,100,,44469,21,,,1,100,,44457,21,0,23 26,1,100,,44458,21,0,23 26,1,100,,44470,21,,,1,38,,44465,21,,,1,62,,44463,21,0,27,1,9,,44474,21,,,1,21,,44464,21,0,27,1,9,,44466,21,,,1,71,,44475,21,,,1,27,,44467,21,,,1,63,,44459,21,0,23 26,1,100,,44460,21,0,23 26,1,100,,44461,21,0,23 26,1,100,,44471,21,,,1,100,,44472,21,,,1,100,,44462,21,0,23 26,1
300,'20260729',928,,44513,21,,,1,91,,44508,21,,,1,100,,44495,21,0,23 26,1,100,,44496,21,0,23 26,1,100,,44509,21,,,1,100,,44497,21,0,23 26,1,100,,44498,21,0,23 26,1,100,,44510,21,,,1,38,,44505,21,,,1,62,,44503,21,0,27,1,9,,44514,21,,,1,21,,44504,21,0,27,1,9,,44506,21,,,1,71,,44515,21,,,1,27,,44507,21,,,1,63,,44499,21,0,23 26,1,100,,44500,21,0,23 26,1,100,,44501,21,0,23 26,1,100,,44511,21,,,1,100,,44512,21,,,1,100,,44502,21,0,23 26,1
300,'20260730',928,,44553,21,,,1,91,,44548,21,,,1,100,,44535,21,0,23 26,1,100,,44536,21,0,23 26,1,100,,44549,21,,,1,100,,44537,21,0,23 26,1,100,,44538,21,0,23 26,1,100,,44550,21,,,1,38,,44545,21,,,1,62,,44543,21,0,27,1,9,,44554,21,,,1,21,,44544,21,0,27,1,9,,44546,21,,,1,71,,44555,21,,,1,27,,44547,21,,,1,63,,44539,21,0,23 26,1,100,,44540,21,0,23 26,1,100,,44541,21,0,23 26,1,100,,44551,21,,,1,100,,44552,21,,,1,100,,44542,21,0,23 26,1
300,'20260731',928,,44593,21,,,1,91,,44588,21,,,1,100,,44575,21,0,23 26,1,100,,44576,21,0,23 26,1,100,,44589,21,,,1,100,,44577,21,0,23 26,1,100,,44578,21,0,23 26,1,100,,44590,21,,,1,38,,44585,21,,,1,62,,44583,21,0,27,1,9,,44594,21,,,1,21,,44584,21,0,27,1,9,,44586,21,,,1,71,,44595,21,,,1,27,,44587,21,,,1,63,,44579,21,0,23 26,1,100,,44580,21,0,23 26,1,100,,44581,21,0,23 26,1,100,,44591,21,,,1,100,,44592,21,,,1,100,,44582,21,0,23 26,1
300,'20260801',931,,44605,21,0,23 26,1,100,,44606,21,0,23 26,1,100,,44607,21,0,23 26,1,100,,44608,21,0,23 26,1,100,,44609,21,0,23 26,1,100,,44610,21,0,23 26,1,100,,44611,21,0,23 26,1,100,,44612,21,0,23 26,1,100,,44619,21,,,1,100,,44613,21,0,23 26,1,100,,44614,21,0,23 26,1,100,,44615,21,0,23 26,1,100,,44616,21,0,23 26,1,100,,44617,21,0,23 26,1,100,,44620,21,,,1,100,,44618,21,0,23 26,1
300,'20260802',931,,44630,21,0,23 26,1,100,,44631,21,0,23 26,1,100,,44632,21,0,23 26,1,100,,44633,21,0,23 26,1,100,,44634,21,0,23 26,1,100,,44635,21,0,23 26,1,100,,44636,21,0,23 26,1,100,,44637,21,0,23 26,1,100,,44644,21,,,1,100,,44638,21,0,23 26,1,100,,44639,21,0,23 26,1,100,,44640,21,0,23 26,1,100,,44641,21,0,23 26,1,100,,44642,21,0,23 26,1,100,,44645,21,,,1,100,,44643,21,0,23 26,1
300,'20260803',928,,44683,21,,,1,91,,44678,21,,,1,100,,44665,21,0,23 26,1,100,,44666,21,0,23 26,1,100,,44679,21,,,1,100,,44667,21,0,23 26,1,100,,44668,21,0,23 26,1,100,,44680,21,,,1,38,,44675,21,,,1,62,,44673,21,0,27,1,9,,44684,21,,,1,21,,44674,21,0,27,1,9,,44676,21,,,1,71,,44685,21,,,1,27,,44677,21,,,1,63,,44669,21,0,23 26,1,100,,44670,21,0,23 26,1,100,,44671,21,0,23 26,1,100,,44681,21,,,1,100,,44682,21,,,1,100,,44672,21,0,23 26,1
300,'20260804',928,,44723,21,,,1,91,,44718,21,,,1,100,,44705,21,0,23 26,1,100,,44706,21,0,23 26,1,100,,44719,21,,,1,100,,44707,21,0,23 26,1,100,,44708,21,0,23 26,1,100,,44720,21,,,1,38,,44715,21,,,1,62,,44713,21,0,27,1,9,,44724,21,,,1,21,,44714,21,0,27,1,9,,44716,21,,,1,71,,44725,21,,,1,27,,44717,21,,,1,63,,44709,21,0,23 26,1,100,,44710,21,0,23 26,1,100,,44711,21,0,23 26,1,100,,44721,21,,,1,100,,44722,21,,,1,100,,44712,21,0,23 26,1
300,'20260805',928,,44763,21,,,1,91,,44758,21,,,1,100,,44745,21,0,23 26,1,100,,44746,21,0,23 26,1,100,,44759,21,,,1,100,,44747,21,0,23 26,1,100,,44748,21,0,23 26,1,100,,44760,21,,,1,38,,44755,21,,,1,62,,44753,21,0,27,1,9,,44764,21,,,1,21,,44754,21,0,27,1,9,,44756,21,,,1,71,,44765,21,,,1,27,,44757,21,,,1,63,,44749,21,0,23 26,1,100,,44750,21,0,23 26,1,100,,44751,21,0,23 26,1,100,,44761,21,,,1,100,,44762,21,,,1,100,,44752,21,0,23 26,1
300,'20260806',928,,44803,21,,,1,91,,44798,21,,,1,100,,44785,21,0,23 26,1,100,,44786,21,0,23 26,1,100,,44799,21,,,1,100,,44787,21,0,23 26,1,100,,44788,21,0,23 26,1,100,,44800,21,,,1,38,,44795,21,,,1,62,,44793,21,0,27,1,9,,44804,21,,,1,21,,44794,21,0,27,1,9,,44796,21,,,1,71,,44805,21,,,1,27,,44797,21,,,1,63,,44789,21,0,23 26,1,100,,44790,21,0,23 26,1,100,,44791,21,0,23 26,1,100,,44801,21,,,1,100,,44802,21,,,1,100,,44792,21,0,23 26,1
300,'20260807',928,,44843,21,,,1,91,,44838,21,,,1,100,,44825,21,0,23 26,1,100,,44826,21,0,23 26,1,100,,44839,21,,,1,100,,44827,21,0,23 26,1,100,,44828,21,0,23 26,1,100,,44840,21,,,1,38,,44835,21,,,1,62,,44833,21,0,27,1,9,,44844,21,,,1,21,,44834,21,0,27,1,9,,44836,21,,,1,71,,44845,21,,,1,27,,44837,21,,,1,63,,44829,21,0,23 26,1,100,,44830,21,0,23 26,1,100,,44831,21,0,23 26,1,100,,44841,21,,,1,100,,44842,21,,,1,100,,44832,21,0,23 26,1
300,'20260808',931,,44855,21,0,23 26,1,100,,44856,21,0,23 26,1,100,,44857,21,0,23 26,1,100,,44858,21,0,23 26,1,100,,44859,21,0,23 26,1,100,,44860,21,0,23 26,1,100,,44861,21,0,23 26,1,100,,44862,21,0,23 26,1,100,,44869,21,,,1,100,,44863,21,0,23 26,1,100,,44864,21,0,23 26,1,100,,44865,21,0,23 26,1,100,,44866,21,0,23 26,1,100,,44867,21,0,23 26,1,100,,44870,21,,,1,100,,44868,21,0,23 26,1
300,'20260809',931,,44880,21,0,23 26,1,100,,44881,21,0,23 26,1,100,,44882,21,0,23 26,1,100,,44883,21,0,23 26,1,100,,44884,21,0,23 26,1,100,,44885,21,0,23 26,1,100,,44886,21,0,23 26,1,100,,44887,21,0,23 26,1,100,,44894,21,,,1,100,,44888,21,0,23 26,1,100,,44889,21,0,23 26,1,100,,44890,21,0,23 26,1,100,,44891,21,0,23 26,1,100,,44892,21,0,23 26,1,100,,44895,21,,,1,100,,44893,21,0,23 26,1
300,'20260810',928,,44933,21,,,1,91,,44928,21,,,1,100,,44915,21,0,23 26,1,100,,44916,21,0,23 26,1,100,,44929,21,,,1,100,,44917,21,0,23 26,1,100,,44918,21,0,23 26,1,100,,44930,21,,,1,38,,44925,21,,,1,62,,44923,21,0,27,1,9,,44934,21,,,1,21,,44924,21,0,27,1,9,,44926,21,,,1,71,,44935,21,,,1,27,,44927,21,,,1,63,,44919,21,0,23 26,1,100,,44920,21,0,23 26,1,100,,44921,21,0,23 26,1,100,,44931,21,,,1,100,,44932,21,,,1,100,,44922,21,0,23 26,1
300,'20260811',928,,44973,21,,,1,91,,44968,21,,,1,100,,44955,21,0,23 26,1,100,,44956,21,0,23 26,1,100,,44969,21,,,1,100,,44957,21,0,23 26,1,100,,44958,21,0,23 26,1,100,,44970,21,,,1,38,,44965,21,,,1,62,,44963,21,0,27,1,9,,44974,21,,,1,21,,44964,21,0,27,1,9,,44966,21,,,1,71,,44975,21,,,1,27,,44967,21,,,1,63,,44959,21,0,23 26,1,100,,44960,21,0,23 26,1,100,,44961,21,0,23 26,1,100,,44971,21,,,1,100,,44972,21,,,1,100,,44962,21,0,23 26,1
300,'20260812',928,,45013,21,,,1,91,,45008,21,,,1,100,,44995,21,0,23 26,1,100,,44996,21,0,23 26,1,100,,45009,21,,,1,100,,44997,21,0,23 26,1,100,,44998,21,0,23 26,1,100,,45010,21,,,1,38,,45005,21,,,1,62,,45003,21,0,27,1,9,,45014,21,,,1,21,,45004,21,0,27,1,9,,45006,21,,,1,71,,45015,21,,,1,27,,45007,21,,,1,63,,44999,21,0,23 26,1,100,,45000,21,0,23 26,1,100,,45001,21,0,23 26,1,100,,45011,21,,,1,100,,45012,21,,,1,100,,45002,21,0,23 26,1
300,'20260813',928,,45053,21,,,1,91,,45048,21,,,1,100,,45035,21,0,23 26,1,100,,45036,21,0,23 26,1,100,,45049,21,,,1,100,,45037,21,0,23 26,1,100,,45038,21,0,23 26,1,100,,45050,21,,,1,38,,45045,21,,,1,62,,45043,21,0,27,1,9,,45054,21,,,1,21,,45044,21,0,27,1,9,,45046,21,,,1,71,,45055,21,,,1,27,,45047,21,,,1,63,,45039,21,0,23 26,1,100,,45040,21,0,23 26,1,100,,45041,21,0,23 26,1,100,,45051,21,,,1,100,,45052,21,,,1,100,,45042,21,0,23 26,1
300,'20260814',928,,45093,21,,,1,91,,45088,21,,,1,100,,45075,21,0,23 26,1,100,,45076,21,0,23 26,1,100,,45089,21,,,1,100,,45077,21,0,23 26,1,100,,45078,21,0,23 26,1,100,,45090,21,,,1,38,,45085,21,,,1,62,,45083,21,0,27,1,9,,45094,21,,,1,21,,45084,21,0,27,1,9,,45086,21,,,1,71,,45095,21,,,1,27,,45087,21,,,1,63,,45079,21,0,23 26,1,100,,45080,21,0,23 26,1,100,,45081,21,0,23 26,1,100,,45091,21,,,1,100,,45092,21,,,1,100,,45082,21,0,23 26,1
300,'20260815',931,,45105,21,0,23 26,1,100,,45106,21,0,23 26,1,100,,45107,21,0,23 26,1,100,,45108,21,0,23 26,1,100,,45109,21,0,23 26,1,100,,45110,21,0,23 26,1,100,,45111,21,0,23 26,1,100,,45112,21,0,23 26,1,100,,45119,21,,,1,100,,45113,21,0,23 26,1,100,,45114,21,0,23 26,1,100,,45115,21,0,23 26,1,100,,45116,21,0,23 26,1,100,,45117,21,0,23 26,1,100,,45120,21,,,1,100,,45118,21,0,23 26,1
300,'20260816',931,,45130,21,0,23 26,1,100,,45131,21,0,23 26,1,100,,45132,21,0,23 26,1,100,,45133,21,0,23 26,1,100,,45134,21,0,23 26,1,100,,45135,21,0,23 26,1,100,,45136,21,0,23 26,1,100,,45137,21,0,23 26,1,100,,45144,21,,,1,100,,45138,21,0,23 26,1,100,,45139,21,0,23 26,1,100,,45140,21,0,23 26,1,100,,45141,21,0,23 26,1,100,,45142,21,0,23 26,1,100,,45145,21,,,1,100,,45143,21,0,23 26,1
300,'20260817',928,,45183,21,,,1,91,,45178,21,,,1,100,,45165,21,0,23 26,1,100,,45166,21,0,23 26,1,100,,45179,21,,,1,100,,45167,21,0,23 26,1,100,,45168,21,0,23 26,1,100,,45180,21,,,1,38,,45175,21,,,1,62,,45173,21,0,27,1,9,,45184,21,,,1,21,,45174,21,0,27,1,9,,45176,21,,,1,71,,45185,21,,,1,27,,45177,21,,,1,63,,45169,21,0,23 26,1,100,,45170,21,0,23 26,1,100,,45171,21,0,23 26,1,100,,45181,21,,,1,100,,45182,21,,,1,100,,45172,21,0,23 26,1
300,'20260818',928,,45223,21,,,1,91,,45218,21,,,1,100,,45205,21,0,23 26,1,100,,45206,21,0,23 26,1,100,,45219,21,,,1,100,,45207,21,0,23 26,1,100,,45208,21,0,23 26,1,100,,45220,21,,,1,38,,45215,21,,,1,62,,45213,21,0,27,1,9,,45224,21,,,1,21,,45214,21,0,27,1,9,,45216,21,,,1,71,,45225,21,,,1,27,,45217,21,,,1,63,,45209,21,0,23 26,1,100,,45210,21,0,23 26,1,100,,45211,21,0,23 26,1,100,,45221,21,,,1,100,,45222,21,,,1,100,,45212,21,0,23 26,1
300,'20260819',928,,45263,21,,,1,91,,45258,21,,,1,100,,45245,21,0,23 26,1,100,,45246,21,0,23 26,1,100,,45259,21,,,1,100,,45247,21,0,23 26,1,100,,45248,21,0,23 26,1,100,,45260,21,,,1,38,,45255,21,,,1,62,,45253,21,0,27,1,9,,45264,21,,,1,21,,45254,21,0,27,1,9,,45256,21,,,1,71,,45265,21,,,1,27,,45257,21,,,1,63,,45249,21,0,23 26,1,100,,45250,21,0,23 26,1,100,,45251,21,0,23 26,1,100,,45261,21,,,1,100,,45262,21,,,1,100,,45252,21,0,23 26,1
300,'20260820',928,,45303,21,,,1,91,,45298,21,,,1,100,,45285,21,0,23 26,1,100,,45286,21,0,23 26,1,100,,45299,21,,,1,100,,45287,21,0,23 26,1,100,,45288,21,0,23 26,1,100,,45300,21,,,1,38,,45295,21,,,1,62,,45293,21,0,27,1,9,,45304,21,,,1,21,,45294,21,0,27,1,9,,45296,21,,,1,71,,45305,21,,,1,27,,45297,21,,,1,63,,45289,21,0,23 26,1,100,,45290,21,0,23 26,1,100,,45291,21,0,23 26,1,100,,45301,21,,,1,100,,45302,21,,,1,100,,45292,21,0,23 26,1
300,'20260821',928,,45343,21,,,1,91,,45338,21,,,1,100,,45325,21,0,23 26,1,100,,45326,21,0,23 26,1,100,,45339,21,,,1,100,,45327,21,0,23 26,1,100,,45328,21,0,23 26,1,100,,45340,21,,,1,38,,45335,21,,,1,62,,45333,21,0,27,1,9,,45344,21,,,1,21,,45334,21,0,27,1,9,,45336,21,,,1,71,,45345,21,,,1,27,,45337,21,,,1,63,,45329,21,0,23 26,1,100,,45330,21,0,23 26,1,100,,45331,21,0,23 26,1,100,,45341,21,,,1,100,,45342,21,,,1,100,,45332,21,0,23 26,1
300,'20260822',931,,45355,21,0,23 26,1,100,,45356,21,0,23 26,1,100,,45357,21,0,23 26,1,100,,45358,21,0,23 26,1,100,,45359,21,0,23 26,1,100,,45360,21,0,23 26,1,100,,45361,21,0,23 26,1,100,,45362,21,0,23 26,1,100,,45369,21,,,1,100,,45363,21,0,23 26,1,100,,45364,21,0,23 26,1,100,,45365,21,0,23 26,1,100,,45366,21,0,23 26,1,100,,45367,21,0,23 26,1,100,,45370,21,,,1,100,,45368,21,0,23 26,1
300,'20260823',931,,45380,21,0,23 26,1,100,,45381,21,0,23 26,1,100,,45382,21,0,23 26,1,100,,45383,21,0,23 26,1,100,,45384,21,0,23 26,1,100,,45385,21,0,23 26,1,100,,45386,21,0,23 26,1,100,,45387,21,0,23 26,1,100,,45394,21,,,1,100,,45388,21,0,23 26,1,100,,45389,21,0,23 26,1,100,,45390,21,0,23 26,1,100,,45391,21,0,23 26,1,100,,45392,21,0,23 26,1,100,,45395,21,,,1,100,,45393,21,0,23 26,1
300,'20260824',928,,45433,21,,,1,91,,45428,21,,,1,100,,45415,21,0,23 26,1,100,,45416,21,0,23 26,1,100,,45429,21,,,1,100,,45417,21,0,23 26,1,100,,45418,21,0,23 26,1,100,,45430,21,,,1,38,,45425,21,,,1,62,,45423,21,0,27,1,9,,45434,21,,,1,21,,45424,21,0,27,1,9,,45426,21,,,1,71,,45435,21,,,1,27,,45427,21,,,1,63,,45419,21,0,23 26,1,100,,45420,21,0,23 26,1,100,,45421,21,0,23 26,1,100,,45431,21,,,1,100,,45432,21,,,1,100,,45422,21,0,23 26,1
300,'20260825',928,,45473,21,,,1,91,,45468,21,,,1,100,,45455,21,0,23 26,1,100,,45456,21,0,23 26,1,100,,45469,21,,,1,100,,45457,21,0,23 26,1,100,,45458,21,0,23 26,1,100,,45470,21,,,1,38,,45465,21,,,1,62,,45463,21,0,27,1,9,,45474,21,,,1,21,,45464,21,0,27,1,9,,45466,21,,,1,71,,45475,21,,,1,27,,45467,21,,,1,63,,45459,21,0,23 26,1,100,,45460,21,0,23 26,1,100,,45461,21,0,23 26,1,100,,45471,21,,,1,100,,45472,21,,,1,100,,45462,21,0,23 26,1
300,'20260826',928,,45513,21,,,1,91,,45508,21,,,1,100,,45495,21,0,23 26,1,100,,45496,21,0,23 26,1,100,,45509,21,,,1,100,,45497,21,0,23 26,1,100,,45498,21,0,23 26,1,100,,45510,21,,,1,38,,45505,21,,,1,62,,45503,21,0,27,1,9,,45514,21,,,1,21,,45504,21,0,27,1,9,,45506,21,,,1,71,,45515,21,,,1,27,,45507,21,,,1,63,,45499,21,0,23 26,1,100,,45500,21,0,23 26,1,100,,45501,21,0,23 26,1,100,,45511,21,,,1,100,,45512,21,,,1,100,,45502,21,0,23 26,1
300,'20260827',928,,45553,21,,,1,91,,45548,21,,,1,100,,45535,21,0,23 26,1,100,,45536,21,0,23 26,1,100,,45549,21,,,1,100,,45537,21,0,23 26,1,100,,45538,21,0,23 26,1,100,,45550,21,,,1,38,,45545,21,,,1,62,,45543,21,0,27,1,9,,45554,21,,,1,21,,45544,21,0,27,1,9,,45546,21,,,1,71,,45555,21,,,1,27,,45547,21,,,1,63,,45539,21,0,23 26,1,100,,45540,21,0,23 26,1,100,,45541,21,0,23 26,1,100,,45551,21,,,1,100,,45552,21,,,1,100,,45542,21,0,23 26,1
300,'20260828',928,,45593,21,,,1,91,,45588,21,,,1,100,,45575,21,0,23 26,1,100,,45576,21,0,23 26,1,100,,45589,21,,,1,100,,45577,21,0,23 26,1,100,,45578,21,0,23 26,1,100,,45590,21,,,1,38,,45585,21,,,1,62,,45583,21,0,27,1,9,,45594,21,,,1,21,,45584,21,0,27,1,9,,45586,21,,,1,71,,45595,21,,,1,27,,45587,21,,,1,63,,45579,21,0,23 26,1,100,,45580,21,0,23 26,1,100,,45581,21,0,23 26,1,100,,45591,21,,,1,100,,45592,21,,,1,100,,45582,21,0,23 26,1
300,'20260829',931,,45605,21,0,23 26,1,100,,45606,21,0,23 26,1,100,,45607,21,0,23 26,1,100,,45608,21,0,23 26,1,100,,45609,21,0,23 26,1,100,,45610,21,0,23 26,1,100,,45611,21,0,23 26,1,100,,45612,21,0,23 26,1,100,,45619,21,,,1,100,,45613,21,0,23 26,1,100,,45614,21,0,23 26,1,100,,45615,21,0,23 26,1,100,,45616,21,0,23 26,1,100,,45617,21,0,23 26,1,100,,45620,21,,,1,100,,45618,21,0,23 26,1
300,'20260830',931,,45630,21,0,23 26,1,100,,45631,21,0,23 26,1,100,,45632,21,0,23 26,1,100,,45633,21,0,23 26,1,100,,45634,21,0,23 26,1,100,,45635,21,0,23 26,1,100,,45636,21,0,23 26,1,100,,45637,21,0,23 26,1,100,,45644,21,,,1,100,,45638,21,0,23 26,1,100,,45639,21,0,23 26,1,100,,45640,21,0,23 26,1,100,,45641,21,0,23 26,1,100,,45642,21,0,23 26,1,100,,45645,21,,,1,100,,45643,21,0,23 26,1
300,'20260831',928,,45683,21,,,1,91,,45678,21,,,1,100,,45665,21,0,23 26,1,100,,45666,21,0,23 26,1,100,,45679,21,,,1,100,,45667,21,0,23 26,1,100,,45668,21,0,23 26,1,100,,45680,21,,,1,38,,45675,21,,,1,62,,45673,21,0,27,1,9,,45684,21,,,1,21,,45674,21,0,27,1,9,,45676,21,,,1,71,,45685,21,,,1,27,,45677,21,,,1,63,,45669,21,0,23 26,1,100,,45670,21,0,23 26,1,100,,45671,21,0,23 26,1,100,,45681,21,,,1,100,,45682,21,,,1,100,,45672,21,0,23 26,1
300,'20260901',928,,45723,21,,,1,91,,45718,21,,,1,100,,45705,21,0,23 26,1,100,,45706,21,0,23 26,1,100,,45719,21,,,1,100,,45707,21,0,23 26,1,100,,45708,21,0,23 26,1,100,,45720,21,,,1,38,,45715,21,,,1,62,,45713,21,0,27,1,9,,45724,21,,,1,21,,45714,21,0,27,1,9,,45716,21,,,1,71,,45725,21,,,1,27,,45717,21,,,1,63,,45709,21,0,23 26,1,100,,45710,21,0,23 26,1,100,,45711,21,0,23 26,1,100,,45721,21,,,1,100,,45722,21,,,1,100,,45712,21,0,23 26,1
300,'20260902',928,,45763,21,,,1,91,,45758,21,,,1,100,,45745,21,0,23 26,1,100,,45746,21,0,23 26,1,100,,45759,21,,,1,100,,45747,21,0,23 26,1,100,,45748,21,0,23 26,1,100,,45760,21,,,1,38,,45755,21,,,1,62,,45753,21,0,27,1,9,,45764,21,,,1,21,,45754,21,0,27,1,9,,45756,21,,,1,71,,45765,21,,,1,27,,45757,21,,,1,63,,45749,21,0,23 26,1,100,,45750,21,0,23 26,1,100,,45751,21,0,23 26,1,100,,45761,21,,,1,100,,45762,21,,,1,100,,45752,21,0,23 26,1
300,'20260903',928,,45803,21,,,1,91,,45798,21,,,1,100,,45785,21,0,23 26,1,100,,45786,21,0,23 26,1,100,,45799,21,,,1,100,,45787,21,0,23 26,1,100,,45788,21,0,23 26,1,100,,45800,21,,,1,38,,45795,21,,,1,62,,45793,21,0,27,1,9,,45804,21,,,1,21,,45794,21,0,27,1,9,,45796,21,,,1,71,,45805,21,,,1,27,,45797,21,,,1,63,,45789,21,0,23 26,1,100,,45790,21,0,23 26,1,100,,45791,21,0,23 26,1,100,,45801,21,,,1,100,,45802,21,,,1,100,,45792,21,0,23 26,1
300,'20260904',928,,45843,21,,,1,91,,45838,21,,,1,100,,45825,21,0,23 26,1,100,,45826,21,0,23 26,1,100,,45839,21,,,1,100,,45827,21,0,23 26,1,100,,45828,21,0,23 26,1,100,,45840,21,,,1,38,,45835,21,,,1,62,,45833,21,0,27,1,9,,45844,21,,,1,21,,45834,21,0,27,1,9,,45836,21,,,1,71,,45845,21,,,1,27,,45837,21,,,1,63,,45829,21,0,23 26,1,100,,45830,21,0,23 26,1,100,,45831,21,0,23 26,1,100,,45841,21,,,1,100,,45842,21,,,1,100,,45832,21,0,23 26,1
301,'20260514',550,,23026,9,,,1,70,,23028,22,,,1,22,,23027,9,,,1,70,,23035,22,,,1,30,,23029,22,,,1,70,,23036,22,,,1,30,,23030,22,,,1,70,,23037,22,,,1,28,,23038,22,,,1,112,,23020,4,,,1,100,,23021,4,,,1,100,,23032,22,,,1,100,,23022,4,,,1,100,,23023,4,,,1,100,,23033,22,,,1,88,,23031,20,,,1,312,,23024,4,,,1,100,,23025,4,,,1,100,,23034,22,,,1
301,'20260515',550,,23066,9,,,1,70,,23068,22,,,1,22,,23067,9,,,1,70,,23075,22,,,1,30,,23069,22,,,1,70,,23076,22,,,1,30,,23070,22,,,1,70,,23077,22,,,1,28,,23078,22,,,1,112,,23060,4,,,1,100,,23061,4,,,1,100,,23072,22,,,1,100,,23062,4,,,1,100,,23063,4,,,1,100,,23073,22,,,1,88,,23071,20,,,1,312,,23064,4,,,1,100,,23065,4,,,1,100,,23074,22,,,1
301,'20260519',549,,23106,9,,,1,70,,23108,22,,,1,22,,23107,9,,,1,70,,23115,22,,,1,30,,23109,22,,,1,70,,23116,22,,,1,30,,23110,22,,,1,70,,23117,22,,,1,29,,23118,22,,,1,111,,23100,4,,,1,100,,23101,4,,,1,100,,23112,22,,,1,100,,23102,4,,,1,100,,23103,4,,,1,100,,23113,22,,,1,88,,23111,20,,,1,312,,23104,4,,,1,100,,23105,4,,,1,100,,23114,22,,,1
301,'20260520',550,,23146,9,,,1,70,,23148,22,,,1,22,,23147,9,,,1,70,,23155,22,,,1,30,,23149,22,,,1,70,,23156,22,,,1,30,,23150,22,,,1,70,,23157,22,,,1,28,,23158,22,,,1,112,,23140,4,,,1,100,,23141,4,,,1,100,,23152,22,,,1,100,,23142,4,,,1,100,,23143,4,,,1,100,,23153,22,,,1,88,,23151,20,,,1,312,,23144,4,,,1,100,,23145,4,,,1,100,,23154,22,,,1
301,'20260521',550,,23186,9,,,1,70,,23188,22,,,1,22,,23187,9,,,1,70,,23195,22,,,1,30,,23189,22,,,1,70,,23196,22,,,1,30,,23190,22,,,1,70,,23197,22,,,1,28,,23198,22,,,1,112,,23180,4,,,1,100,,23181,4,,,1,100,,23192,22,,,1,100,,23182,4,,,1,100,,23183,4,,,1,100,,23193,22,,,1,88,,23191,20,,,1,312,,23184,4,,,1,100,,23185,4,,,1,100,,23194,22,,,1
301,'20260522',550,,23226,9,,,1,70,,23228,22,,,1,22,,23227,9,,,1,70,,23235,22,,,1,30,,23229,22,,,1,70,,23236,22,,,1,30,,23230,22,,,1,70,,23237,22,,,1,28,,23238,22,,,1,112,,23220,4,,,1,100,,23221,4,,,1,100,,23232,22,,,1,100,,23222,4,,,1,100,,23223,4,,,1,100,,23233,22,,,1,88,,23231,20,,,1,312,,23224,4,,,1,100,,23225,4,,,1,100,,23234,22,,,1
301,'20260523',753,,23248,4,,,1,100,,23262,22,,,1,100,,23249,4,,,1,100,,23250,4,,,1,100,,23251,4,,,1,100,,23252,4,,,1,100,,23253,4,,,1,100,,23254,4,,,1,100,,23255,4,,,1,100,,23263,22,,,1,100,,23256,4,,,1,100,,23257,4,,,1,100,,23258,4,,,1,100,,23259,4,,,1,100,,23260,4,,,1,100,,23261,4,,,1
301,'20260524',753,,23273,4,,,1,100,,23287,22,,,1,100,,23274,4,,,1,100,,23275,4,,,1,100,,23276,4,,,1,100,,23277,4,,,1,100,,23278,4,,,1,100,,23279,4,,,1,100,,23280,4,,,1,100,,23288,22,,,1,100,,23281,4,,,1,100,,23282,4,,,1,100,,23283,4,,,1,100,,23284,4,,,1,100,,23285,4,,,1,100,,23286,4,,,1
301,'20260525',550,,23316,9,,,1,70,,23318,22,,,1,22,,23317,9,,,1,70,,23325,22,,,1,30,,23319,22,,,1,70,,23326,22,,,1,30,,23320,22,,,1,70,,23327,22,,,1,28,,23328,22,,,1,112,,23310,4,,,1,100,,23311,4,,,1,100,,23322,22,,,1,100,,23312,4,,,1,100,,23313,4,,,1,100,,23323,22,,,1,88,,23321,20,,,1,312,,23314,4,,,1,100,,23315,4,,,1,100,,23324,22,,,1
301,'20260526',550,,23356,9,,,1,70,,23358,22,,,1,22,,23357,9,,,1,70,,23365,22,,,1,30,,23359,22,,,1,70,,23366,22,,,1,30,,23360,22,,,1,70,,23367,22,,,1,28,,23368,22,,,1,112,,23350,4,,,1,100,,23351,4,,,1,100,,23362,22,,,1,100,,23352,4,,,1,100,,23353,4,,,1,100,,23363,22,,,1,88,,23361,20,,,1,312,,23354,4,,,1,100,,23355,4,,,1,100,,23364,22,,,1
301,'20260527',550,,23396,9,,,1,70,,23398,22,,,1,22,,23397,9,,,1,70,,23405,22,,,1,30,,23399,22,,,1,70,,23406,22,,,1,30,,23400,22,,,1,70,,23407,22,,,1,28,,23408,22,,,1,112,,23390,4,,,1,100,,23391,4,,,1,100,,23402,22,,,1,100,,23392,4,,,1,100,,23393,4,,,1,100,,23403,22,,,1,88,,23401,20,,,1,312,,23394,4,,,1,100,,23395,4,,,1,100,,23404,22,,,1
301,'20260528',550,,23436,9,,,1,70,,23438,22,,,1,22,,23437,9,,,1,70,,23445,22,,,1,30,,23439,22,,,1,70,,23446,22,,,1,30,,23440,22,,,1,70,,23447,22,,,1,28,,23448,22,,,1,112,,23430,4,,,1,100,,23431,4,,,1,100,,23442,22,,,1,100,,23432,4,,,1,100,,23433,4,,,1,100,,23443,22,,,1,88,,23441,20,,,1,312,,23434,4,,,1,100,,23435,4,,,1,100,,23444,22,,,1
301,'20260529',550,,23476,9,,,1,70,,23478,22,,,1,22,,23477,9,,,1,70,,23485,22,,,1,30,,23479,22,,,1,70,,23486,22,,,1,30,,23480,22,,,1,70,,23487,22,,,1,28,,23488,22,,,1,112,,23470,4,,,1,100,,23471,4,,,1,100,,23482,22,,,1,100,,23472,4,,,1,100,,23473,4,,,1,100,,23483,22,,,1,88,,23481,20,,,1,312,,23474,4,,,1,100,,23475,4,,,1,100,,23484,22,,,1
301,'20260530',753,,23498,4,,,1,100,,23512,22,,,1,100,,23499,4,,,1,100,,23500,4,,,1,100,,23501,4,,,1,100,,23502,4,,,1,100,,23503,4,,,1,100,,23504,4,,,1,100,,23505,4,,,1,100,,23513,22,,,1,100,,23506,4,,,1,100,,23507,4,,,1,100,,23508,4,,,1,100,,23509,4,,,1,100,,23510,4,,,1,100,,23511,4,,,1
301,'20260531',753,,23523,4,,,1,100,,23537,22,,,1,100,,23524,4,,,1,100,,23525,4,,,1,100,,23526,4,,,1,100,,23527,4,,,1,100,,23528,4,,,1,100,,23529,4,,,1,100,,23530,4,,,1,100,,23538,22,,,1,100,,23531,4,,,1,100,,23532,4,,,1,100,,23533,4,,,1,100,,23534,4,,,1,100,,23535,4,,,1,100,,23536,4,,,1
301,'20260601',550,,23566,9,,,1,70,,23568,22,,,1,22,,23567,9,,,1,70,,23575,22,,,1,30,,23569,22,,,1,70,,23576,22,,,1,30,,23570,22,,,1,70,,23577,22,,,1,28,,23578,22,,,1,112,,23560,4,,,1,100,,23561,4,,,1,100,,23572,22,,,1,100,,23562,4,,,1,100,,23563,4,,,1,100,,23573,22,,,1,88,,23571,20,,,1,312,,23564,4,,,1,100,,23565,4,,,1,100,,23574,22,,,1
301,'20260602',550,,23606,9,,,1,70,,23608,22,,,1,22,,23607,9,,,1,70,,23615,22,,,1,30,,23609,22,,,1,70,,23616,22,,,1,30,,23610,22,,,1,70,,23617,22,,,1,28,,23618,22,,,1,112,,23600,4,,,1,100,,23601,4,,,1,100,,23612,22,,,1,100,,23602,4,,,1,100,,23603,4,,,1,100,,23613,22,,,1,88,,23611,20,,,1,312,,23604,4,,,1,100,,23605,4,,,1,100,,23614,22,,,1
301,'20260603',550,,23646,9,,,1,70,,23648,22,,,1,22,,23647,9,,,1,70,,23655,22,,,1,30,,23649,22,,,1,70,,23656,22,,,1,30,,23650,22,,,1,70,,23657,22,,,1,28,,23658,22,,,1,112,,23640,4,,,1,100,,23641,4,,,1,100,,23652,22,,,1,100,,23642,4,,,1,100,,23643,4,,,1,100,,23653,22,,,1,88,,23651,20,,,1,312,,23644,4,,,1,100,,23645,4,,,1,100,,23654,22,,,1
301,'20260604',550,,23686,9,,,1,70,,23688,22,,,1,22,,23687,9,,,1,70,,23695,22,,,1,30,,23689,22,,,1,70,,23696,22,,,1,30,,23690,22,,,1,70,,23697,22,,,1,28,,23698,22,,,1,112,,23680,4,,,1,100,,23681,4,,,1,100,,23692,22,,,1,100,,23682,4,,,1,100,,23683,4,,,1,100,,23693,22,,,1,88,,23691,20,,,1,312,,23684,4,,,1,100,,23685,4,,,1,100,,23694,22,,,1
301,'20260605',550,,23726,9,,,1,70,,23728,22,,,1,22,,23727,9,,,1,70,,23735,22,,,1,30,,23729,22,,,1,70,,23736,22,,,1,30,,23730,22,,,1,70,,23737,22,,,1,28,,23738,22,,,1,112,,23720,4,,,1,100,,23721,4,,,1,100,,23732,22,,,1,100,,23722,4,,,1,100,,23723,4,,,1,100,,23733,22,,,1,88,,23731,20,,,1,312,,23724,4,,,1,100,,23725,4,,,1,100,,23734,22,,,1
301,'20260606',753,,23748,4,,,1,100,,23762,22,,,1,100,,23749,4,,,1,100,,23750,4,,,1,100,,23751,4,,,1,100,,23752,4,,,1,100,,23753,4,,,1,100,,23754,4,,,1,100,,23755,4,,,1,100,,23763,22,,,1,100,,23756,4,,,1,100,,23757,4,,,1,100,,23758,4,,,1,100,,23759,4,,,1,100,,23760,4,,,1,100,,23761,4,,,1
301,'20260607',753,,23773,4,,,1,100,,23787,22,,,1,100,,23774,4,,,1,100,,23775,4,,,1,100,,23776,4,,,1,100,,23777,4,,,1,100,,23778,4,,,1,100,,23779,4,,,1,100,,23780,4,,,1,100,,23788,22,,,1,100,,23781,4,,,1,100,,23782,4,,,1,100,,23783,4,,,1,100,,23784,4,,,1,100,,23785,4,,,1,100,,23786,4,,,1
301,'20260608',550,,23816,9,,,1,70,,23818,22,,,1,22,,23817,9,,,1,70,,23825,22,,,1,30,,23819,22,,,1,70,,23826,22,,,1,30,,23820,22,,,1,70,,23827,22,,,1,28,,23828,22,,,1,112,,23810,4,,,1,100,,23811,4,,,1,100,,23822,22,,,1,100,,23812,4,,,1,100,,23813,4,,,1,100,,23823,22,,,1,88,,23821,20,,,1,312,,23814,4,,,1,100,,23815,4,,,1,100,,23824,22,,,1
301,'20260609',550,,23856,9,,,1,70,,23858,22,,,1,22,,23857,9,,,1,70,,23865,22,,,1,30,,23859,22,,,1,70,,23866,22,,,1,30,,23860,22,,,1,70,,23867,22,,,1,28,,23868,22,,,1,112,,23850,4,,,1,100,,23851,4,,,1,100,,23862,22,,,1,100,,23852,4,,,1,100,,23853,4,,,1,100,,23863,22,,,1,88,,23861,20,,,1,312,,23854,4,,,1,100,,23855,4,,,1,100,,23864,22,,,1
301,'20260610',550,,23896,9,,,1,70,,23898,22,,,1,22,,23897,9,,,1,70,,23905,22,,,1,30,,23899,22,,,1,70,,23906,22,,,1,30,,23900,22,,,1,70,,23907,22,,,1,28,,23908,22,,,1,112,,23890,4,,,1,100,,23891,4,,,1,100,,23902,22,,,1,100,,23892,4,,,1,100,,23893,4,,,1,100,,23903,22,,,1,88,,23901,20,,,1,312,,23894,4,,,1,100,,23895,4,,,1,100,,23904,22,,,1
301,'20260611',550,,23936,9,,,1,70,,23938,22,,,1,22,,23937,9,,,1,70,,23945,22,,,1,30,,23939,22,,,1,70,,23946,22,,,1,30,,23940,22,,,1,70,,23947,22,,,1,28,,23948,22,,,1,112,,23930,4,,,1,100,,23931,4,,,1,100,,23942,22,,,1,100,,23932,4,,,1,100,,23933,4,,,1,100,,23943,22,,,1,88,,23941,20,,,1,312,,23934,4,,,1,100,,23935,4,,,1,100,,23944,22,,,1
301,'20260612',550,,23976,9,,,1,70,,23978,22,,,1,22,,23977,9,,,1,70,,23985,22,,,1,30,,23979,22,,,1,70,,23986,22,,,1,30,,23980,22,,,1,70,,23987,22,,,1,28,,23988,22,,,1,112,,23970,4,,,1,100,,23971,4,,,1,100,,23982,22,,,1,100,,23972,4,,,1,100,,23973,4,,,1,100,,23983,22,,,1,88,,23981,20,,,1,312,,23974,4,,,1,100,,23975,4,,,1,100,,23984,22,,,1
301,'20260613',753,,45855,4,,,1,100,,45869,22,,,1,100,,45856,4,,,1,100,,45857,4,,,1,100,,45858,4,,,1,100,,45859,4,,,1,100,,45860,4,,,1,100,,45861,4,,,1,100,,45862,4,,,1,100,,45870,22,,,1,100,,45863,4,,,1,100,,45864,4,,,1,100,,45865,4,,,1,100,,45866,4,,,1,100,,45867,4,,,1,100,,45868,4,,,1
301,'20260614',753,,45880,4,,,1,100,,45894,22,,,1,100,,45881,4,,,1,100,,45882,4,,,1,100,,45883,4,,,1,100,,45884,4,,,1,100,,45885,4,,,1,100,,45886,4,,,1,100,,45887,4,,,1,100,,45895,22,,,1,100,,45888,4,,,1,100,,45889,4,,,1,100,,45890,4,,,1,100,,45891,4,,,1,100,,45892,4,,,1,100,,45893,4,,,1
301,'20260615',550,,45923,9,,,1,70,,45925,22,,,1,22,,45924,9,,,1,70,,45932,22,,,1,30,,45926,22,,,1,70,,45933,22,,,1,30,,45927,22,,,1,70,,45934,22,,,1,28,,45935,22,,,1,112,,45917,4,,,1,100,,45918,4,,,1,100,,45929,22,,,1,100,,45919,4,,,1,100,,45920,4,,,1,100,,45930,22,,,1,88,,45928,20,,,1,312,,45921,4,,,1,100,,45922,4,,,1,100,,45931,22,,,1
301,'20260616',550,,45963,9,,,1,70,,45965,22,,,1,22,,45964,9,,,1,70,,45972,22,,,1,30,,45966,22,,,1,70,,45973,22,,,1,30,,45967,22,,,1,70,,45974,22,,,1,28,,45975,22,,,1,112,,45957,4,,,1,100,,45958,4,,,1,100,,45969,22,,,1,100,,45959,4,,,1,100,,45960,4,,,1,100,,45970,22,,,1,88,,45968,20,,,1,312,,45961,4,,,1,100,,45962,4,,,1,100,,45971,22,,,1
301,'20260617',550,,46003,9,,,1,70,,46005,22,,,1,22,,46004,9,,,1,70,,46012,22,,,1,30,,46006,22,,,1,70,,46013,22,,,1,30,,46007,22,,,1,70,,46014,22,,,1,28,,46015,22,,,1,112,,45997,4,,,1,100,,45998,4,,,1,100,,46009,22,,,1,100,,45999,4,,,1,100,,46000,4,,,1,100,,46010,22,,,1,88,,46008,20,,,1,312,,46001,4,,,1,100,,46002,4,,,1,100,,46011,22,,,1
301,'20260618',550,,46043,9,,,1,70,,46045,22,,,1,22,,46044,9,,,1,70,,46052,22,,,1,30,,46046,22,,,1,70,,46053,22,,,1,30,,46047,22,,,1,70,,46054,22,,,1,28,,46055,22,,,1,112,,46037,4,,,1,100,,46038,4,,,1,100,,46049,22,,,1,100,,46039,4,,,1,100,,46040,4,,,1,100,,46050,22,,,1,88,,46048,20,,,1,312,,46041,4,,,1,100,,46042,4,,,1,100,,46051,22,,,1
301,'20260619',550,,46083,9,,,1,70,,46085,22,,,1,22,,46084,9,,,1,70,,46092,22,,,1,30,,46086,22,,,1,70,,46093,22,,,1,30,,46087,22,,,1,70,,46094,22,,,1,28,,46095,22,,,1,112,,46077,4,,,1,100,,46078,4,,,1,100,,46089,22,,,1,100,,46079,4,,,1,100,,46080,4,,,1,100,,46090,22,,,1,88,,46088,20,,,1,312,,46081,4,,,1,100,,46082,4,,,1,100,,46091,22,,,1
301,'20260620',753,,46105,4,,,1,100,,46119,22,,,1,100,,46106,4,,,1,100,,46107,4,,,1,100,,46108,4,,,1,100,,46109,4,,,1,100,,46110,4,,,1,100,,46111,4,,,1,100,,46112,4,,,1,100,,46120,22,,,1,100,,46113,4,,,1,100,,46114,4,,,1,100,,46115,4,,,1,100,,46116,4,,,1,100,,46117,4,,,1,100,,46118,4,,,1
301,'20260621',753,,46130,4,,,1,100,,46144,22,,,1,100,,46131,4,,,1,100,,46132,4,,,1,100,,46133,4,,,1,100,,46134,4,,,1,100,,46135,4,,,1,100,,46136,4,,,1,100,,46137,4,,,1,100,,46145,22,,,1,100,,46138,4,,,1,100,,46139,4,,,1,100,,46140,4,,,1,100,,46141,4,,,1,100,,46142,4,,,1,100,,46143,4,,,1
301,'20260622',550,,46173,9,,,1,70,,46175,22,,,1,22,,46174,9,,,1,70,,46182,22,,,1,30,,46176,22,,,1,70,,46183,22,,,1,30,,46177,22,,,1,70,,46184,22,,,1,28,,46185,22,,,1,112,,46167,4,,,1,100,,46168,4,,,1,100,,46179,22,,,1,100,,46169,4,,,1,100,,46170,4,,,1,100,,46180,22,,,1,88,,46178,20,,,1,312,,46171,4,,,1,100,,46172,4,,,1,100,,46181,22,,,1
301,'20260623',550,,46213,9,,,1,70,,46215,22,,,1,22,,46214,9,,,1,70,,46222,22,,,1,30,,46216,22,,,1,70,,46223,22,,,1,30,,46217,22,,,1,70,,46224,22,,,1,28,,46225,22,,,1,112,,46207,4,,,1,100,,46208,4,,,1,100,,46219,22,,,1,100,,46209,4,,,1,100,,46210,4,,,1,100,,46220,22,,,1,88,,46218,20,,,1,312,,46211,4,,,1,100,,46212,4,,,1,100,,46221,22,,,1
301,'20260624',550,,46253,9,,,1,70,,46255,22,,,1,22,,46254,9,,,1,70,,46262,22,,,1,30,,46256,22,,,1,70,,46263,22,,,1,30,,46257,22,,,1,70,,46264,22,,,1,28,,46265,22,,,1,112,,46247,4,,,1,100,,46248,4,,,1,100,,46259,22,,,1,100,,46249,4,,,1,100,,46250,4,,,1,100,,46260,22,,,1,88,,46258,20,,,1,312,,46251,4,,,1,100,,46252,4,,,1,100,,46261,22,,,1
301,'20260625',550,,46293,9,,,1,70,,46295,22,,,1,22,,46294,9,,,1,70,,46302,22,,,1,30,,46296,22,,,1,70,,46303,22,,,1,30,,46297,22,,,1,70,,46304,22,,,1,28,,46305,22,,,1,112,,46287,4,,,1,100,,46288,4,,,1,100,,46299,22,,,1,100,,46289,4,,,1,100,,46290,4,,,1,100,,46300,22,,,1,88,,46298,20,,,1,312,,46291,4,,,1,100,,46292,4,,,1,100,,46301,22,,,1
301,'20260626',550,,46333,9,,,1,70,,46335,22,,,1,22,,46334,9,,,1,70,,46342,22,,,1,30,,46336,22,,,1,70,,46343,22,,,1,30,,46337,22,,,1,70,,46344,22,,,1,28,,46345,22,,,1,112,,46327,4,,,1,100,,46328,4,,,1,100,,46339,22,,,1,100,,46329,4,,,1,100,,46330,4,,,1,100,,46340,22,,,1,88,,46338,20,,,1,312,,46331,4,,,1,100,,46332,4,,,1,100,,46341,22,,,1
301,'20260627',753,,46355,4,,,1,100,,46369,22,,,1,100,,46356,4,,,1,100,,46357,4,,,1,100,,46358,4,,,1,100,,46359,4,,,1,100,,46360,4,,,1,100,,46361,4,,,1,100,,46362,4,,,1,100,,46370,22,,,1,100,,46363,4,,,1,100,,46364,4,,,1,100,,46365,4,,,1,100,,46366,4,,,1,100,,46367,4,,,1,100,,46368,4,,,1
301,'20260628',753,,46380,4,,,1,100,,46394,22,,,1,100,,46381,4,,,1,100,,46382,4,,,1,100,,46383,4,,,1,100,,46384,4,,,1,100,,46385,4,,,1,100,,46386,4,,,1,100,,46387,4,,,1,100,,46395,22,,,1,100,,46388,4,,,1,100,,46389,4,,,1,100,,46390,4,,,1,100,,46391,4,,,1,100,,46392,4,,,1,100,,46393,4,,,1
301,'20260629',550,,46423,9,,,1,70,,46425,22,,,1,22,,46424,9,,,1,70,,46432,22,,,1,30,,46426,22,,,1,70,,46433,22,,,1,30,,46427,22,,,1,70,,46434,22,,,1,28,,46435,22,,,1,112,,46417,4,,,1,100,,46418,4,,,1,100,,46429,22,,,1,100,,46419,4,,,1,100,,46420,4,,,1,100,,46430,22,,,1,88,,46428,20,,,1,312,,46421,4,,,1,100,,46422,4,,,1,100,,46431,22,,,1
301,'20260630',550,,46463,9,,,1,70,,46465,22,,,1,22,,46464,9,,,1,70,,46472,22,,,1,30,,46466,22,,,1,70,,46473,22,,,1,30,,46467,22,,,1,70,,46474,22,,,1,28,,46475,22,,,1,112,,46457,4,,,1,100,,46458,4,,,1,100,,46469,22,,,1,100,,46459,4,,,1,100,,46460,4,,,1,100,,46470,22,,,1,88,,46468,20,,,1,312,,46461,4,,,1,100,,46462,4,,,1,100,,46471,22,,,1
301,'20260701',753,,46485,4,,,1,100,,46499,22,,,1,100,,46486,4,,,1,100,,46487,4,,,1,100,,46488,4,,,1,100,,46489,4,,,1,100,,46490,4,,,1,100,,46491,4,,,1,100,,46492,4,,,1,100,,46500,22,,,1,100,,46493,4,,,1,100,,46494,4,,,1,100,,46495,4,,,1,100,,46496,4,,,1,100,,46497,4,,,1,100,,46498,4,,,1
301,'20260702',550,,46528,9,,,1,70,,46530,22,,,1,22,,46529,9,,,1,70,,46537,22,,,1,30,,46531,22,,,1,70,,46538,22,,,1,30,,46532,22,,,1,70,,46539,22,,,1,28,,46540,22,,,1,112,,46522,4,,,1,100,,46523,4,,,1,100,,46534,22,,,1,100,,46524,4,,,1,100,,46525,4,,,1,100,,46535,22,,,1,88,,46533,20,,,1,312,,46526,4,,,1,100,,46527,4,,,1,100,,46536,22,,,1
301,'20260703',550,,46568,9,,,1,70,,46570,22,,,1,22,,46569,9,,,1,70,,46577,22,,,1,30,,46571,22,,,1,70,,46578,22,,,1,30,,46572,22,,,1,70,,46579,22,,,1,28,,46580,22,,,1,112,,46562,4,,,1,100,,46563,4,,,1,100,,46574,22,,,1,100,,46564,4,,,1,100,,46565,4,,,1,100,,46575,22,,,1,88,,46573,20,,,1,312,,46566,4,,,1,100,,46567,4,,,1,100,,46576,22,,,1
301,'20260704',753,,46590,4,,,1,100,,46604,22,,,1,100,,46591,4,,,1,100,,46592,4,,,1,100,,46593,4,,,1,100,,46594,4,,,1,100,,46595,4,,,1,100,,46596,4,,,1,100,,46597,4,,,1,100,,46605,22,,,1,100,,46598,4,,,1,100,,46599,4,,,1,100,,46600,4,,,1,100,,46601,4,,,1,100,,46602,4,,,1,100,,46603,4,,,1
301,'20260705',753,,46615,4,,,1,100,,46629,22,,,1,100,,46616,4,,,1,100,,46617,4,,,1,100,,46618,4,,,1,100,,46619,4,,,1,100,,46620,4,,,1,100,,46621,4,,,1,100,,46622,4,,,1,100,,46630,22,,,1,100,,46623,4,,,1,100,,46624,4,,,1,100,,46625,4,,,1,100,,46626,4,,,1,100,,46627,4,,,1,100,,46628,4,,,1
301,'20260706',550,,46658,9,,,1,70,,46660,22,,,1,22,,46659,9,,,1,70,,46667,22,,,1,30,,46661,22,,,1,70,,46668,22,,,1,30,,46662,22,,,1,70,,46669,22,,,1,28,,46670,22,,,1,112,,46652,4,,,1,100,,46653,4,,,1,100,,46664,22,,,1,100,,46654,4,,,1,100,,46655,4,,,1,100,,46665,22,,,1,88,,46663,20,,,1,312,,46656,4,,,1,100,,46657,4,,,1,100,,46666,22,,,1
301,'20260707',550,,46698,9,,,1,70,,46700,22,,,1,22,,46699,9,,,1,70,,46707,22,,,1,30,,46701,22,,,1,70,,46708,22,,,1,30,,46702,22,,,1,70,,46709,22,,,1,28,,46710,22,,,1,112,,46692,4,,,1,100,,46693,4,,,1,100,,46704,22,,,1,100,,46694,4,,,1,100,,46695,4,,,1,100,,46705,22,,,1,88,,46703,20,,,1,312,,46696,4,,,1,100,,46697,4,,,1,100,,46706,22,,,1
301,'20260708',550,,46738,9,,,1,70,,46740,22,,,1,22,,46739,9,,,1,70,,46747,22,,,1,30,,46741,22,,,1,70,,46748,22,,,1,30,,46742,22,,,1,70,,46749,22,,,1,28,,46750,22,,,1,112,,46732,4,,,1,100,,46733,4,,,1,100,,46744,22,,,1,100,,46734,4,,,1,100,,46735,4,,,1,100,,46745,22,,,1,88,,46743,20,,,1,312,,46736,4,,,1,100,,46737,4,,,1,100,,46746,22,,,1
301,'20260709',550,,46778,9,,,1,70,,46780,22,,,1,22,,46779,9,,,1,70,,46787,22,,,1,30,,46781,22,,,1,70,,46788,22,,,1,30,,46782,22,,,1,70,,46789,22,,,1,28,,46790,22,,,1,112,,46772,4,,,1,100,,46773,4,,,1,100,,46784,22,,,1,100,,46774,4,,,1,100,,46775,4,,,1,100,,46785,22,,,1,88,,46783,20,,,1,312,,46776,4,,,1,100,,46777,4,,,1,100,,46786,22,,,1
301,'20260710',550,,46818,9,,,1,70,,46820,22,,,1,22,,46819,9,,,1,70,,46827,22,,,1,30,,46821,22,,,1,70,,46828,22,,,1,30,,46822,22,,,1,70,,46829,22,,,1,28,,46830,22,,,1,112,,46812,4,,,1,100,,46813,4,,,1,100,,46824,22,,,1,100,,46814,4,,,1,100,,46815,4,,,1,100,,46825,22,,,1,88,,46823,20,,,1,312,,46816,4,,,1,100,,46817,4,,,1,100,,46826,22,,,1
301,'20260711',753,,46840,4,,,1,100,,46854,22,,,1,100,,46841,4,,,1,100,,46842,4,,,1,100,,46843,4,,,1,100,,46844,4,,,1,100,,46845,4,,,1,100,,46846,4,,,1,100,,46847,4,,,1,100,,46855,22,,,1,100,,46848,4,,,1,100,,46849,4,,,1,100,,46850,4,,,1,100,,46851,4,,,1,100,,46852,4,,,1,100,,46853,4,,,1
301,'20260712',753,,46865,4,,,1,100,,46879,22,,,1,100,,46866,4,,,1,100,,46867,4,,,1,100,,46868,4,,,1,100,,46869,4,,,1,100,,46870,4,,,1,100,,46871,4,,,1,100,,46872,4,,,1,100,,46880,22,,,1,100,,46873,4,,,1,100,,46874,4,,,1,100,,46875,4,,,1,100,,46876,4,,,1,100,,46877,4,,,1,100,,46878,4,,,1
301,'20260713',550,,46908,9,,,1,70,,46910,22,,,1,22,,46909,9,,,1,70,,46917,22,,,1,30,,46911,22,,,1,70,,46918,22,,,1,30,,46912,22,,,1,70,,46919,22,,,1,28,,46920,22,,,1,112,,46902,4,,,1,100,,46903,4,,,1,100,,46914,22,,,1,100,,46904,4,,,1,100,,46905,4,,,1,100,,46915,22,,,1,88,,46913,20,,,1,312,,46906,4,,,1,100,,46907,4,,,1,100,,46916,22,,,1
301,'20260714',550,,46948,9,,,1,70,,46950,22,,,1,22,,46949,9,,,1,70,,46957,22,,,1,30,,46951,22,,,1,70,,46958,22,,,1,30,,46952,22,,,1,70,,46959,22,,,1,28,,46960,22,,,1,112,,46942,4,,,1,100,,46943,4,,,1,100,,46954,22,,,1,100,,46944,4,,,1,100,,46945,4,,,1,100,,46955,22,,,1,88,,46953,20,,,1,312,,46946,4,,,1,100,,46947,4,,,1,100,,46956,22,,,1
301,'20260715',550,,46988,9,,,1,70,,46990,22,,,1,22,,46989,9,,,1,70,,46997,22,,,1,30,,46991,22,,,1,70,,46998,22,,,1,30,,46992,22,,,1,70,,46999,22,,,1,28,,47000,22,,,1,112,,46982,4,,,1,100,,46983,4,,,1,100,,46994,22,,,1,100,,46984,4,,,1,100,,46985,4,,,1,100,,46995,22,,,1,88,,46993,20,,,1,312,,46986,4,,,1,100,,46987,4,,,1,100,,46996,22,,,1
301,'20260716',550,,47028,9,,,1,70,,47030,22,,,1,22,,47029,9,,,1,70,,47037,22,,,1,30,,47031,22,,,1,70,,47038,22,,,1,30,,47032,22,,,1,70,,47039,22,,,1,28,,47040,22,,,1,112,,47022,4,,,1,100,,47023,4,,,1,100,,47034,22,,,1,100,,47024,4,,,1,100,,47025,4,,,1,100,,47035,22,,,1,88,,47033,20,,,1,312,,47026,4,,,1,100,,47027,4,,,1,100,,47036,22,,,1
301,'20260717',550,,47068,9,,,1,70,,47070,22,,,1,22,,47069,9,,,1,70,,47077,22,,,1,30,,47071,22,,,1,70,,47078,22,,,1,30,,47072,22,,,1,70,,47079,22,,,1,28,,47080,22,,,1,112,,47062,4,,,1,100,,47063,4,,,1,100,,47074,22,,,1,100,,47064,4,,,1,100,,47065,4,,,1,100,,47075,22,,,1,88,,47073,20,,,1,312,,47066,4,,,1,100,,47067,4,,,1,100,,47076,22,,,1
301,'20260718',753,,47090,4,,,1,100,,47104,22,,,1,100,,47091,4,,,1,100,,47092,4,,,1,100,,47093,4,,,1,100,,47094,4,,,1,100,,47095,4,,,1,100,,47096,4,,,1,100,,47097,4,,,1,100,,47105,22,,,1,100,,47098,4,,,1,100,,47099,4,,,1,100,,47100,4,,,1,100,,47101,4,,,1,100,,47102,4,,,1,100,,47103,4,,,1
301,'20260719',753,,47115,4,,,1,100,,47129,22,,,1,100,,47116,4,,,1,100,,47117,4,,,1,100,,47118,4,,,1,100,,47119,4,,,1,100,,47120,4,,,1,100,,47121,4,,,1,100,,47122,4,,,1,100,,47130,22,,,1,100,,47123,4,,,1,100,,47124,4,,,1,100,,47125,4,,,1,100,,47126,4,,,1,100,,47127,4,,,1,100,,47128,4,,,1
301,'20260720',550,,47158,9,,,1,70,,47160,22,,,1,22,,47159,9,,,1,70,,47167,22,,,1,30,,47161,22,,,1,70,,47168,22,,,1,30,,47162,22,,,1,70,,47169,22,,,1,28,,47170,22,,,1,112,,47152,4,,,1,100,,47153,4,,,1,100,,47164,22,,,1,100,,47154,4,,,1,100,,47155,4,,,1,100,,47165,22,,,1,88,,47163,20,,,1,312,,47156,4,,,1,100,,47157,4,,,1,100,,47166,22,,,1
301,'20260721',550,,47198,9,,,1,70,,47200,22,,,1,22,,47199,9,,,1,70,,47207,22,,,1,30,,47201,22,,,1,70,,47208,22,,,1,30,,47202,22,,,1,70,,47209,22,,,1,28,,47210,22,,,1,112,,47192,4,,,1,100,,47193,4,,,1,100,,47204,22,,,1,100,,47194,4,,,1,100,,47195,4,,,1,100,,47205,22,,,1,88,,47203,20,,,1,312,,47196,4,,,1,100,,47197,4,,,1,100,,47206,22,,,1
301,'20260722',550,,47238,9,,,1,70,,47240,22,,,1,22,,47239,9,,,1,70,,47247,22,,,1,30,,47241,22,,,1,70,,47248,22,,,1,30,,47242,22,,,1,70,,47249,22,,,1,28,,47250,22,,,1,112,,47232,4,,,1,100,,47233,4,,,1,100,,47244,22,,,1,100,,47234,4,,,1,100,,47235,4,,,1,100,,47245,22,,,1,88,,47243,20,,,1,312,,47236,4,,,1,100,,47237,4,,,1,100,,47246,22,,,1
301,'20260723',550,,47278,9,,,1,70,,47280,22,,,1,22,,47279,9,,,1,70,,47287,22,,,1,30,,47281,22,,,1,70,,47288,22,,,1,30,,47282,22,,,1,70,,47289,22,,,1,28,,47290,22,,,1,112,,47272,4,,,1,100,,47273,4,,,1,100,,47284,22,,,1,100,,47274,4,,,1,100,,47275,4,,,1,100,,47285,22,,,1,88,,47283,20,,,1,312,,47276,4,,,1,100,,47277,4,,,1,100,,47286,22,,,1
301,'20260724',550,,47318,9,,,1,70,,47320,22,,,1,22,,47319,9,,,1,70,,47327,22,,,1,30,,47321,22,,,1,70,,47328,22,,,1,30,,47322,22,,,1,70,,47329,22,,,1,28,,47330,22,,,1,112,,47312,4,,,1,100,,47313,4,,,1,100,,47324,22,,,1,100,,47314,4,,,1,100,,47315,4,,,1,100,,47325,22,,,1,88,,47323,20,,,1,312,,47316,4,,,1,100,,47317,4,,,1,100,,47326,22,,,1
301,'20260725',753,,47340,4,,,1,100,,47354,22,,,1,100,,47341,4,,,1,100,,47342,4,,,1,100,,47343,4,,,1,100,,47344,4,,,1,100,,47345,4,,,1,100,,47346,4,,,1,100,,47347,4,,,1,100,,47355,22,,,1,100,,47348,4,,,1,100,,47349,4,,,1,100,,47350,4,,,1,100,,47351,4,,,1,100,,47352,4,,,1,100,,47353,4,,,1
301,'20260726',753,,47365,4,,,1,100,,47379,22,,,1,100,,47366,4,,,1,100,,47367,4,,,1,100,,47368,4,,,1,100,,47369,4,,,1,100,,47370,4,,,1,100,,47371,4,,,1,100,,47372,4,,,1,100,,47380,22,,,1,100,,47373,4,,,1,100,,47374,4,,,1,100,,47375,4,,,1,100,,47376,4,,,1,100,,47377,4,,,1,100,,47378,4,,,1
301,'20260727',550,,47408,9,,,1,70,,47410,22,,,1,22,,47409,9,,,1,70,,47417,22,,,1,30,,47411,22,,,1,70,,47418,22,,,1,30,,47412,22,,,1,70,,47419,22,,,1,28,,47420,22,,,1,112,,47402,4,,,1,100,,47403,4,,,1,100,,47414,22,,,1,100,,47404,4,,,1,100,,47405,4,,,1,100,,47415,22,,,1,88,,47413,20,,,1,312,,47406,4,,,1,100,,47407,4,,,1,100,,47416,22,,,1
301,'20260728',550,,47448,9,,,1,70,,47450,22,,,1,22,,47449,9,,,1,70,,47457,22,,,1,30,,47451,22,,,1,70,,47458,22,,,1,30,,47452,22,,,1,70,,47459,22,,,1,28,,47460,22,,,1,112,,47442,4,,,1,100,,47443,4,,,1,100,,47454,22,,,1,100,,47444,4,,,1,100,,47445,4,,,1,100,,47455,22,,,1,88,,47453,20,,,1,312,,47446,4,,,1,100,,47447,4,,,1,100,,47456,22,,,1
301,'20260729',550,,47488,9,,,1,70,,47490,22,,,1,22,,47489,9,,,1,70,,47497,22,,,1,30,,47491,22,,,1,70,,47498,22,,,1,30,,47492,22,,,1,70,,47499,22,,,1,28,,47500,22,,,1,112,,47482,4,,,1,100,,47483,4,,,1,100,,47494,22,,,1,100,,47484,4,,,1,100,,47485,4,,,1,100,,47495,22,,,1,88,,47493,20,,,1,312,,47486,4,,,1,100,,47487,4,,,1,100,,47496,22,,,1
301,'20260730',550,,47528,9,,,1,70,,47530,22,,,1,22,,47529,9,,,1,70,,47537,22,,,1,30,,47531,22,,,1,70,,47538,22,,,1,30,,47532,22,,,1,70,,47539,22,,,1,28,,47540,22,,,1,112,,47522,4,,,1,100,,47523,4,,,1,100,,47534,22,,,1,100,,47524,4,,,1,100,,47525,4,,,1,100,,47535,22,,,1,88,,47533,20,,,1,312,,47526,4,,,1,100,,47527,4,,,1,100,,47536,22,,,1
301,'20260731',550,,47568,9,,,1,70,,47570,22,,,1,22,,47569,9,,,1,70,,47577,22,,,1,30,,47571,22,,,1,70,,47578,22,,,1,30,,47572,22,,,1,70,,47579,22,,,1,28,,47580,22,,,1,112,,47562,4,,,1,100,,47563,4,,,1,100,,47574,22,,,1,100,,47564,4,,,1,100,,47565,4,,,1,100,,47575,22,,,1,88,,47573,20,,,1,312,,47566,4,,,1,100,,47567,4,,,1,100,,47576,22,,,1
301,'20260801',753,,47590,4,,,1,100,,47604,22,,,1,100,,47591,4,,,1,100,,47592,4,,,1,100,,47593,4,,,1,100,,47594,4,,,1,100,,47595,4,,,1,100,,47596,4,,,1,100,,47597,4,,,1,100,,47605,22,,,1,100,,47598,4,,,1,100,,47599,4,,,1,100,,47600,4,,,1,100,,47601,4,,,1,100,,47602,4,,,1,100,,47603,4,,,1
301,'20260802',753,,47615,4,,,1,100,,47629,22,,,1,100,,47616,4,,,1,100,,47617,4,,,1,100,,47618,4,,,1,100,,47619,4,,,1,100,,47620,4,,,1,100,,47621,4,,,1,100,,47622,4,,,1,100,,47630,22,,,1,100,,47623,4,,,1,100,,47624,4,,,1,100,,47625,4,,,1,100,,47626,4,,,1,100,,47627,4,,,1,100,,47628,4,,,1
301,'20260803',550,,47658,9,,,1,70,,47660,22,,,1,22,,47659,9,,,1,70,,47667,22,,,1,30,,47661,22,,,1,70,,47668,22,,,1,30,,47662,22,,,1,70,,47669,22,,,1,28,,47670,22,,,1,112,,47652,4,,,1,100,,47653,4,,,1,100,,47664,22,,,1,100,,47654,4,,,1,100,,47655,4,,,1,100,,47665,22,,,1,88,,47663,20,,,1,312,,47656,4,,,1,100,,47657,4,,,1,100,,47666,22,,,1
301,'20260804',550,,47698,9,,,1,70,,47700,22,,,1,22,,47699,9,,,1,70,,47707,22,,,1,30,,47701,22,,,1,70,,47708,22,,,1,30,,47702,22,,,1,70,,47709,22,,,1,28,,47710,22,,,1,112,,47692,4,,,1,100,,47693,4,,,1,100,,47704,22,,,1,100,,47694,4,,,1,100,,47695,4,,,1,100,,47705,22,,,1,88,,47703,20,,,1,312,,47696,4,,,1,100,,47697,4,,,1,100,,47706,22,,,1
301,'20260805',550,,47738,9,,,1,70,,47740,22,,,1,22,,47739,9,,,1,70,,47747,22,,,1,30,,47741,22,,,1,70,,47748,22,,,1,30,,47742,22,,,1,70,,47749,22,,,1,28,,47750,22,,,1,112,,47732,4,,,1,100,,47733,4,,,1,100,,47744,22,,,1,100,,47734,4,,,1,100,,47735,4,,,1,100,,47745,22,,,1,88,,47743,20,,,1,312,,47736,4,,,1,100,,47737,4,,,1,100,,47746,22,,,1
301,'20260806',550,,47778,9,,,1,70,,47780,22,,,1,22,,47779,9,,,1,70,,47787,22,,,1,30,,47781,22,,,1,70,,47788,22,,,1,30,,47782,22,,,1,70,,47789,22,,,1,28,,47790,22,,,1,112,,47772,4,,,1,100,,47773,4,,,1,100,,47784,22,,,1,100,,47774,4,,,1,100,,47775,4,,,1,100,,47785,22,,,1,88,,47783,20,,,1,312,,47776,4,,,1,100,,47777,4,,,1,100,,47786,22,,,1
301,'20260807',550,,47818,9,,,1,70,,47820,22,,,1,22,,47819,9,,,1,70,,47827,22,,,1,30,,47821,22,,,1,70,,47828,22,,,1,30,,47822,22,,,1,70,,47829,22,,,1,28,,47830,22,,,1,112,,47812,4,,,1,100,,47813,4,,,1,100,,47824,22,,,1,100,,47814,4,,,1,100,,47815,4,,,1,100,,47825,22,,,1,88,,47823,20,,,1,312,,47816,4,,,1,100,,47817,4,,,1,100,,47826,22,,,1
301,'20260808',753,,47840,4,,,1,100,,47854,22,,,1,100,,47841,4,,,1,100,,47842,4,,,1,100,,47843,4,,,1,100,,47844,4,,,1,100,,47845,4,,,1,100,,47846,4,,,1,100,,47847,4,,,1,100,,47855,22,,,1,100,,47848,4,,,1,100,,47849,4,,,1,100,,47850,4,,,1,100,,47851,4,,,1,100,,47852,4,,,1,100,,47853,4,,,1
301,'20260809',753,,47865,4,,,1,100,,47879,22,,,1,100,,47866,4,,,1,100,,47867,4,,,1,100,,47868,4,,,1,100,,47869,4,,,1,100,,47870,4,,,1,100,,47871,4,,,1,100,,47872,4,,,1,100,,47880,22,,,1,100,,47873,4,,,1,100,,47874,4,,,1,100,,47875,4,,,1,100,,47876,4,,,1,100,,47877,4,,,1,100,,47878,4,,,1
301,'20260810',550,,47908,9,,,1,70,,47910,22,,,1,22,,47909,9,,,1,70,,47917,22,,,1,30,,47911,22,,,1,70,,47918,22,,,1,30,,47912,22,,,1,70,,47919,22,,,1,28,,47920,22,,,1,112,,47902,4,,,1,100,,47903,4,,,1,100,,47914,22,,,1,100,,47904,4,,,1,100,,47905,4,,,1,100,,47915,22,,,1,88,,47913,20,,,1,312,,47906,4,,,1,100,,47907,4,,,1,100,,47916,22,,,1
301,'20260811',550,,47948,9,,,1,70,,47950,22,,,1,22,,47949,9,,,1,70,,47957,22,,,1,30,,47951,22,,,1,70,,47958,22,,,1,30,,47952,22,,,1,70,,47959,22,,,1,28,,47960,22,,,1,112,,47942,4,,,1,100,,47943,4,,,1,100,,47954,22,,,1,100,,47944,4,,,1,100,,47945,4,,,1,100,,47955,22,,,1,88,,47953,20,,,1,312,,47946,4,,,1,100,,47947,4,,,1,100,,47956,22,,,1
301,'20260812',550,,47988,9,,,1,70,,47990,22,,,1,22,,47989,9,,,1,70,,47997,22,,,1,30,,47991,22,,,1,70,,47998,22,,,1,30,,47992,22,,,1,70,,47999,22,,,1,28,,48000,22,,,1,112,,47982,4,,,1,100,,47983,4,,,1,100,,47994,22,,,1,100,,47984,4,,,1,100,,47985,4,,,1,100,,47995,22,,,1,88,,47993,20,,,1,312,,47986,4,,,1,100,,47987,4,,,1,100,,47996,22,,,1
301,'20260813',550,,48028,9,,,1,70,,48030,22,,,1,22,,48029,9,,,1,70,,48037,22,,,1,30,,48031,22,,,1,70,,48038,22,,,1,30,,48032,22,,,1,70,,48039,22,,,1,28,,48040,22,,,1,112,,48022,4,,,1,100,,48023,4,,,1,100,,48034,22,,,1,100,,48024,4,,,1,100,,48025,4,,,1,100,,48035,22,,,1,88,,48033,20,,,1,312,,48026,4,,,1,100,,48027,4,,,1,100,,48036,22,,,1
301,'20260814',550,,48068,9,,,1,70,,48070,22,,,1,22,,48069,9,,,1,70,,48077,22,,,1,30,,48071,22,,,1,70,,48078,22,,,1,30,,48072,22,,,1,70,,48079,22,,,1,28,,48080,22,,,1,112,,48062,4,,,1,100,,48063,4,,,1,100,,48074,22,,,1,100,,48064,4,,,1,100,,48065,4,,,1,100,,48075,22,,,1,88,,48073,20,,,1,312,,48066,4,,,1,100,,48067,4,,,1,100,,48076,22,,,1
301,'20260815',753,,48090,4,,,1,100,,48104,22,,,1,100,,48091,4,,,1,100,,48092,4,,,1,100,,48093,4,,,1,100,,48094,4,,,1,100,,48095,4,,,1,100,,48096,4,,,1,100,,48097,4,,,1,100,,48105,22,,,1,100,,48098,4,,,1,100,,48099,4,,,1,100,,48100,4,,,1,100,,48101,4,,,1,100,,48102,4,,,1,100,,48103,4,,,1
301,'20260816',753,,48115,4,,,1,100,,48129,22,,,1,100,,48116,4,,,1,100,,48117,4,,,1,100,,48118,4,,,1,100,,48119,4,,,1,100,,48120,4,,,1,100,,48121,4,,,1,100,,48122,4,,,1,100,,48130,22,,,1,100,,48123,4,,,1,100,,48124,4,,,1,100,,48125,4,,,1,100,,48126,4,,,1,100,,48127,4,,,1,100,,48128,4,,,1
301,'20260817',550,,48158,9,,,1,70,,48160,22,,,1,22,,48159,9,,,1,70,,48167,22,,,1,30,,48161,22,,,1,70,,48168,22,,,1,30,,48162,22,,,1,70,,48169,22,,,1,28,,48170,22,,,1,112,,48152,4,,,1,100,,48153,4,,,1,100,,48164,22,,,1,100,,48154,4,,,1,100,,48155,4,,,1,100,,48165,22,,,1,88,,48163,20,,,1,312,,48156,4,,,1,100,,48157,4,,,1,100,,48166,22,,,1
301,'20260818',550,,48198,9,,,1,70,,48200,22,,,1,22,,48199,9,,,1,70,,48207,22,,,1,30,,48201,22,,,1,70,,48208,22,,,1,30,,48202,22,,,1,70,,48209,22,,,1,28,,48210,22,,,1,112,,48192,4,,,1,100,,48193,4,,,1,100,,48204,22,,,1,100,,48194,4,,,1,100,,48195,4,,,1,100,,48205,22,,,1,88,,48203,20,,,1,312,,48196,4,,,1,100,,48197,4,,,1,100,,48206,22,,,1
301,'20260819',550,,48238,9,,,1,70,,48240,22,,,1,22,,48239,9,,,1,70,,48247,22,,,1,30,,48241,22,,,1,70,,48248,22,,,1,30,,48242,22,,,1,70,,48249,22,,,1,28,,48250,22,,,1,112,,48232,4,,,1,100,,48233,4,,,1,100,,48244,22,,,1,100,,48234,4,,,1,100,,48235,4,,,1,100,,48245,22,,,1,88,,48243,20,,,1,312,,48236,4,,,1,100,,48237,4,,,1,100,,48246,22,,,1
301,'20260820',550,,48278,9,,,1,70,,48280,22,,,1,22,,48279,9,,,1,70,,48287,22,,,1,30,,48281,22,,,1,70,,48288,22,,,1,30,,48282,22,,,1,70,,48289,22,,,1,28,,48290,22,,,1,112,,48272,4,,,1,100,,48273,4,,,1,100,,48284,22,,,1,100,,48274,4,,,1,100,,48275,4,,,1,100,,48285,22,,,1,88,,48283,20,,,1,312,,48276,4,,,1,100,,48277,4,,,1,100,,48286,22,,,1
301,'20260821',550,,48318,9,,,1,70,,48320,22,,,1,22,,48319,9,,,1,70,,48327,22,,,1,30,,48321,22,,,1,70,,48328,22,,,1,30,,48322,22,,,1,70,,48329,22,,,1,28,,48330,22,,,1,112,,48312,4,,,1,100,,48313,4,,,1,100,,48324,22,,,1,100,,48314,4,,,1,100,,48315,4,,,1,100,,48325,22,,,1,88,,48323,20,,,1,312,,48316,4,,,1,100,,48317,4,,,1,100,,48326,22,,,1
301,'20260822',753,,48340,4,,,1,100,,48354,22,,,1,100,,48341,4,,,1,100,,48342,4,,,1,100,,48343,4,,,1,100,,48344,4,,,1,100,,48345,4,,,1,100,,48346,4,,,1,100,,48347,4,,,1,100,,48355,22,,,1,100,,48348,4,,,1,100,,48349,4,,,1,100,,48350,4,,,1,100,,48351,4,,,1,100,,48352,4,,,1,100,,48353,4,,,1
301,'20260823',753,,48365,4,,,1,100,,48379,22,,,1,100,,48366,4,,,1,100,,48367,4,,,1,100,,48368,4,,,1,100,,48369,4,,,1,100,,48370,4,,,1,100,,48371,4,,,1,100,,48372,4,,,1,100,,48380,22,,,1,100,,48373,4,,,1,100,,48374,4,,,1,100,,48375,4,,,1,100,,48376,4,,,1,100,,48377,4,,,1,100,,48378,4,,,1
301,'20260824',550,,48408,9,,,1,70,,48410,22,,,1,22,,48409,9,,,1,70,,48417,22,,,1,30,,48411,22,,,1,70,,48418,22,,,1,30,,48412,22,,,1,70,,48419,22,,,1,28,,48420,22,,,1,112,,48402,4,,,1,100,,48403,4,,,1,100,,48414,22,,,1,100,,48404,4,,,1,100,,48405,4,,,1,100,,48415,22,,,1,88,,48413,20,,,1,312,,48406,4,,,1,100,,48407,4,,,1,100,,48416,22,,,1
301,'20260825',550,,48448,9,,,1,70,,48450,22,,,1,22,,48449,9,,,1,70,,48457,22,,,1,30,,48451,22,,,1,70,,48458,22,,,1,30,,48452,22,,,1,70,,48459,22,,,1,28,,48460,22,,,1,112,,48442,4,,,1,100,,48443,4,,,1,100,,48454,22,,,1,100,,48444,4,,,1,100,,48445,4,,,1,100,,48455,22,,,1,88,,48453,20,,,1,312,,48446,4,,,1,100,,48447,4,,,1,100,,48456,22,,,1
301,'20260826',550,,48488,9,,,1,70,,48490,22,,,1,22,,48489,9,,,1,70,,48497,22,,,1,30,,48491,22,,,1,70,,48498,22,,,1,30,,48492,22,,,1,70,,48499,22,,,1,28,,48500,22,,,1,112,,48482,4,,,1,100,,48483,4,,,1,100,,48494,22,,,1,100,,48484,4,,,1,100,,48485,4,,,1,100,,48495,22,,,1,88,,48493,20,,,1,312,,48486,4,,,1,100,,48487,4,,,1,100,,48496,22,,,1
301,'20260827',550,,48528,9,,,1,70,,48530,22,,,1,22,,48529,9,,,1,70,,48537,22,,,1,30,,48531,22,,,1,70,,48538,22,,,1,30,,48532,22,,,1,70,,48539,22,,,1,28,,48540,22,,,1,112,,48522,4,,,1,100,,48523,4,,,1,100,,48534,22,,,1,100,,48524,4,,,1,100,,48525,4,,,1,100,,48535,22,,,1,88,,48533,20,,,1,312,,48526,4,,,1,100,,48527,4,,,1,100,,48536,22,,,1
301,'20260828',550,,48568,9,,,1,70,,48570,22,,,1,22,,48569,9,,,1,70,,48577,22,,,1,30,,48571,22,,,1,70,,48578,22,,,1,30,,48572,22,,,1,70,,48579,22,,,1,28,,48580,22,,,1,112,,48562,4,,,1,100,,48563,4,,,1,100,,48574,22,,,1,100,,48564,4,,,1,100,,48565,4,,,1,100,,48575,22,,,1,88,,48573,20,,,1,312,,48566,4,,,1,100,,48567,4,,,1,100,,48576,22,,,1
301,'20260829',753,,48590,4,,,1,100,,48604,22,,,1,100,,48591,4,,,1,100,,48592,4,,,1,100,,48593,4,,,1,100,,48594,4,,,1,100,,48595,4,,,1,100,,48596,4,,,1,100,,48597,4,,,1,100,,48605,22,,,1,100,,48598,4,,,1,100,,48599,4,,,1,100,,48600,4,,,1,100,,48601,4,,,1,100,,48602,4,,,1,100,,48603,4,,,1
301,'20260830',753,,48615,4,,,1,100,,48629,22,,,1,100,,48616,4,,,1,100,,48617,4,,,1,100,,48618,4,,,1,100,,48619,4,,,1,100,,48620,4,,,1,100,,48621,4,,,1,100,,48622,4,,,1,100,,48630,22,,,1,100,,48623,4,,,1,100,,48624,4,,,1,100,,48625,4,,,1,100,,48626,4,,,1,100,,48627,4,,,1,100,,48628,4,,,1
301,'20260831',550,,48658,9,,,1,70,,48660,22,,,1,22,,48659,9,,,1,70,,48667,22,,,1,30,,48661,22,,,1,70,,48668,22,,,1,30,,48662,22,,,1,70,,48669,22,,,1,28,,48670,22,,,1,112,,48652,4,,,1,100,,48653,4,,,1,100,,48664,22,,,1,100,,48654,4,,,1,100,,48655,4,,,1,100,,48665,22,,,1,88,,48663,20,,,1,312,,48656,4,,,1,100,,48657,4,,,1,100,,48666,22,,,1
301,'20260901',550,,48698,9,,,1,70,,48700,22,,,1,22,,48699,9,,,1,70,,48707,22,,,1,30,,48701,22,,,1,70,,48708,22,,,1,30,,48702,22,,,1,70,,48709,22,,,1,28,,48710,22,,,1,112,,48692,4,,,1,100,,48693,4,,,1,100,,48704,22,,,1,100,,48694,4,,,1,100,,48695,4,,,1,100,,48705,22,,,1,88,,48703,20,,,1,312,,48696,4,,,1,100,,48697,4,,,1,100,,48706,22,,,1
301,'20260902',550,,48738,9,,,1,70,,48740,22,,,1,22,,48739,9,,,1,70,,48747,22,,,1,30,,48741,22,,,1,70,,48748,22,,,1,30,,48742,22,,,1,70,,48749,22,,,1,28,,48750,22,,,1,112,,48732,4,,,1,100,,48733,4,,,1,100,,48744,22,,,1,100,,48734,4,,,1,100,,48735,4,,,1,100,,48745,22,,,1,88,,48743,20,,,1,312,,48736,4,,,1,100,,48737,4,,,1,100,,48746,22,,,1
301,'20260903',550,,48778,9,,,1,70,,48780,22,,,1,22,,48779,9,,,1,70,,48787,22,,,1,30,,48781,22,,,1,70,,48788,22,,,1,30,,48782,22,,,1,70,,48789,22,,,1,28,,48790,22,,,1,112,,48772,4,,,1,100,,48773,4,,,1,100,,48784,22,,,1,100,,48774,4,,,1,100,,48775,4,,,1,100,,48785,22,,,1,88,,48783,20,,,1,312,,48776,4,,,1,100,,48777,4,,,1,100,,48786,22,,,1
301,'20260904',550,,48818,9,,,1,70,,48820,22,,,1,22,,48819,9,,,1,70,,48827,22,,,1,30,,48821,22,,,1,70,,48828,22,,,1,30,,48822,22,,,1,70,,48829,22,,,1,28,,48830,22,,,1,112,,48812,4,,,1,100,,48813,4,,,1,100,,48824,22,,,1,100,,48814,4,,,1,100,,48815,4,,,1,100,,48825,22,,,1,88,,48823,20,,,1,312,,48816,4,,,1,100,,48817,4,,,1,100,,48826,22,,,1
