600,'20260629',1642,,51707,26,,,1,100,,51708,26,,,1,70,,51706,26,,,1,30,,51709,26,,,1,100,,51710,26,,,1
600,'20260630',1642,,51712,26,,,1,100,,51713,26,,,1,70,,51711,26,,,1,30,,51714,26,,,1,100,,51715,26,,,1
600,'20260702',1642,,51717,26,,,1,100,,51718,26,,,1,70,,51716,26,,,1,30,,51719,26,,,1,100,,51720,26,,,1
600,'20260703',1642,,51722,26,,,1,100,,51723,26,,,1,70,,51721,26,,,1,30,,51724,26,,,1,100,,51725,26,,,1
600,'20260706',1642,,51727,26,,,1,100,,51728,26,,,1,70,,51726,26,,,1,30,,51729,26,,,1,100,,51730,26,,,1
600,'20260707',1642,,51732,26,,,1,100,,51733,26,,,1,70,,51731,26,,,1,30,,51734,26,,,1,100,,51735,26,,,1
600,'20260708',1642,,51737,26,,,1,100,,51738,26,,,1,70,,51736,26,,,1,30,,51739,26,,,1,100,,51740,26,,,1
600,'20260709',1642,,51742,26,,,1,100,,51743,26,,,1,70,,51741,26,,,1,30,,51744,26,,,1,100,,51745,26,,,1
600,'20260710',1642,,51747,26,,,1,100,,51748,26,,,1,70,,51746,26,,,1,30,,51749,26,,,1,100,,51750,26,,,1
600,'20260713',1642,,51752,26,,,1,100,,51753,26,,,1,70,,51751,26,,,1,30,,51754,26,,,1,100,,51755,26,,,1
600,'20260714',1642,,51757,26,,,1,100,,51758,26,,,1,70,,51756,26,,,1,30,,51759,26,,,1,100,,51760,26,,,1
600,'20260715',1642,,51762,26,,,1,100,,51763,26,,,1,70,,51761,26,,,1,30,,51764,26,,,1,100,,51765,26,,,1
600,'20260716',1642,,51767,26,,,1,100,,51768,26,,,1,70,,51766,26,,,1,30,,51769,26,,,1,100,,51770,26,,,1
600,'20260717',1642,,51772,26,,,1,100,,51773,26,,,1,70,,51771,26,,,1,30,,51774,26,,,1,100,,51775,26,,,1
600,'20260720',1642,,51777,26,,,1,100,,51778,26,,,1,70,,51776,26,,,1,30,,51779,26,,,1,100,,51780,26,,,1
600,'20260721',1642,,51782,26,,,1,100,,51783,26,,,1,70,,51781,26,,,1,30,,51784,26,,,1,100,,51785,26,,,1
600,'20260722',1642,,51787,26,,,1,100,,51788,26,,,1,70,,51786,26,,,1,30,,51789,26,,,1,100,,51790,26,,,1
600,'20260723',1642,,51792,26,,,1,100,,51793,26,,,1,70,,51791,26,,,1,30,,51794,26,,,1,100,,51795,26,,,1
600,'20260724',1642,,51797,26,,,1,100,,51798,26,,,1,70,,51796,26,,,1,30,,51799,26,,,1,100,,51800,26,,,1
600,'20260727',1642,,51802,26,,,1,100,,51803,26,,,1,70,,51801,26,,,1,30,,51804,26,,,1,100,,51805,26,,,1
600,'20260728',1642,,51807,26,,,1,100,,51808,26,,,1,70,,51806,26,,,1,30,,51809,26,,,1,100,,51810,26,,,1
600,'20260729',1642,,51812,26,,,1,100,,51813,26,,,1,70,,51811,26,,,1,30,,51814,26,,,1,100,,51815,26,,,1
600,'20260730',1642,,51817,26,,,1,100,,51818,26,,,1,70,,51816,26,,,1,30,,51819,26,,,1,100,,51820,26,,,1
600,'20260731',1642,,51822,26,,,1,100,,51823,26,,,1,70,,51821,26,,,1,30,,51824,26,,,1,100,,51825,26,,,1
600,'20260803',1642,,51827,26,,,1,100,,51828,26,,,1,70,,51826,26,,,1,30,,51829,26,,,1,100,,51830,26,,,1
600,'20260804',1642,,51832,26,,,1,100,,51833,26,,,1,70,,51831,26,,,1,30,,51834,26,,,1,100,,51835,26,,,1
600,'20260805',1642,,51837,26,,,1,100,,51838,26,,,1,70,,51836,26,,,1,30,,51839,26,,,1,100,,51840,26,,,1
600,'20260806',1642,,51842,26,,,1,100,,51843,26,,,1,70,,51841,26,,,1,30,,51844,26,,,1,100,,51845,26,,,1
600,'20260807',1642,,51847,26,,,1,100,,51848,26,,,1,70,,51846,26,,,1,30,,51849,26,,,1,100,,51850,26,,,1
600,'20260810',1642,,51852,26,,,1,100,,51853,26,,,1,70,,51851,26,,,1,30,,51854,26,,,1,100,,51855,26,,,1
600,'20260811',1642,,51857,26,,,1,100,,51858,26,,,1,70,,51856,26,,,1,30,,51859,26,,,1,100,,51860,26,,,1
600,'20260812',1642,,51862,26,,,1,100,,51863,26,,,1,70,,51861,26,,,1,30,,51864,26,,,1,100,,51865,26,,,1
600,'20260813',1642,,51867,26,,,1,100,,51868,26,,,1,70,,51866,26,,,1,30,,51869,26,,,1,100,,51870,26,,,1
600,'20260814',1642,,51872,26,,,1,100,,51873,26,,,1,70,,51871,26,,,1,30,,51874,26,,,1,100,,51875,26,,,1
600,'20260817',1642,,51877,26,,,1,100,,51878,26,,,1,70,,51876,26,,,1,30,,51879,26,,,1,100,,51880,26,,,1
600,'20260818',1642,,51882,26,,,1,100,,51883,26,,,1,70,,51881,26,,,1,30,,51884,26,,,1,100,,51885,26,,,1
600,'20260819',1642,,51887,26,,,1,100,,51888,26,,,1,70,,51886,26,,,1,30,,51889,26,,,1,100,,51890,26,,,1
600,'20260820',1642,,51892,26,,,1,100,,51893,26,,,1,70,,51891,26,,,1,30,,51894,26,,,1,100,,51895,26,,,1
600,'20260821',1642,,51897,26,,,1,100,,51898,26,,,1,70,,51896,26,,,1,30,,51899,26,,,1,100,,51900,26,,,1
600,'20260824',1642,,51902,26,,,1,100,,51903,26,,,1,70,,51901,26,,,1,30,,51904,26,,,1,100,,51905,26,,,1
600,'20260825',1642,,51907,26,,,1,100,,51908,26,,,1,70,,51906,26,,,1,30,,51909,26,,,1,100,,51910,26,,,1
600,'20260826',1642,,51912,26,,,1,100,,51913,26,,,1,70,,51911,26,,,1,30,,51914,26,,,1,100,,51915,26,,,1
600,'20260827',1642,,51917,26,,,1,100,,51918,26,,,1,70,,51916,26,,,1,30,,51919,26,,,1,100,,51920,26,,,1
600,'20260828',1642,,51922,26,,,1,100,,51923,26,,,1,70,,51921,26,,,1,30,,51924,26,,,1,100,,51925,26,,,1
600,'20260831',1642,,51927,26,,,1,100,,51928,26,,,1,70,,51926,26,,,1,30,,51929,26,,,1,100,,51930,26,,,1
600,'20260901',1642,,51932,26,,,1,100,,51933,26,,,1,70,,51931,26,,,1,30,,51934,26,,,1,100,,51935,26,,,1
600,'20260902',1642,,51937,26,,,1,100,,51938,26,,,1,70,,51936,26,,,1,30,,51939,26,,,1,100,,51940,26,,,1
600,'20260903',1642,,51942,26,,,1,100,,51943,26,,,1,70,,51941,26,,,1,30,,51944,26,,,1,100,,51945,26,,,1
600,'20260904',1642,,51947,26,,,1,100,,51948,26,,,1,70,,51946,26,,,1,30,,51949,26,,,1,100,,51950,26,,,1
601,'20260629',559,,51991,4,,,1,141,,51992,4,,,1,30,,51994,4,,,1,70,,51993,4,,,1
601,'20260630',559,,51995,4,,,1,141,,51996,4,,,1,30,,51998,4,,,1,70,,51997,4,,,1
601,'20260702',559,,51999,4,,,1,141,,52000,4,,,1,30,,52002,4,,,1,70,,52001,4,,,1
601,'20260703',559,,52003,4,,,1,141,,52004,4,,,1,30,,52006,4,,,1,70,,52005,4,,,1
601,'20260706',559,,52007,4,,,1,141,,52008,4,,,1,30,,52010,4,,,1,70,,52009,4,,,1
601,'20260707',559,,52011,4,,,1,141,,52012,4,,,1,30,,52014,4,,,1,70,,52013,4,,,1
601,'20260708',559,,52015,4,,,1,141,,52016,4,,,1,30,,52018,4,,,1,70,,52017,4,,,1
601,'20260709',559,,52019,4,,,1,141,,52020,4,,,1,30,,52022,4,,,1,70,,52021,4,,,1
601,'20260710',559,,52023,4,,,1,141,,52024,4,,,1,30,,52026,4,,,1,70,,52025,4,,,1
601,'20260713',559,,52027,4,,,1,141,,52028,4,,,1,30,,52030,4,,,1,70,,52029,4,,,1
601,'20260714',559,,52031,4,,,1,141,,52032,4,,,1,30,,52034,4,,,1,70,,52033,4,,,1
601,'20260715',559,,52035,4,,,1,141,,52036,4,,,1,30,,52038,4,,,1,70,,52037,4,,,1
601,'20260716',559,,52039,4,,,1,141,,52040,4,,,1,30,,52042,4,,,1,70,,52041,4,,,1
601,'20260717',559,,52043,4,,,1,141,,52044,4,,,1,30,,52046,4,,,1,70,,52045,4,,,1
601,'20260720',559,,52047,4,,,1,141,,52048,4,,,1,30,,52050,4,,,1,70,,52049,4,,,1
601,'20260721',559,,52051,4,,,1,141,,52052,4,,,1,30,,52054,4,,,1,70,,52053,4,,,1
601,'20260722',559,,52055,4,,,1,141,,52056,4,,,1,30,,52058,4,,,1,70,,52057,4,,,1
601,'20260723',559,,52059,4,,,1,141,,52060,4,,,1,30,,52062,4,,,1,70,,52061,4,,,1
601,'20260724',559,,52063,4,,,1,141,,52064,4,,,1,30,,52066,4,,,1,70,,52065,4,,,1
601,'20260727',559,,52067,4,,,1,141,,52068,4,,,1,30,,52070,4,,,1,70,,52069,4,,,1
601,'20260728',559,,52071,4,,,1,141,,52072,4,,,1,30,,52074,4,,,1,70,,52073,4,,,1
601,'20260729',559,,52075,4,,,1,141,,52076,4,,,1,30,,52078,4,,,1,70,,52077,4,,,1
601,'20260730',559,,52079,4,,,1,141,,52080,4,,,1,30,,52082,4,,,1,70,,52081,4,,,1
601,'20260731',559,,52083,4,,,1,141,,52084,4,,,1,30,,52086,4,,,1,70,,52085,4,,,1
601,'20260803',559,,52087,4,,,1,141,,52088,4,,,1,30,,52090,4,,,1,70,,52089,4,,,1
601,'20260804',559,,52091,4,,,1,141,,52092,4,,,1,30,,52094,4,,,1,70,,52093,4,,,1
601,'20260805',559,,52095,4,,,1,141,,52096,4,,,1,30,,52098,4,,,1,70,,52097,4,,,1
601,'20260806',559,,52099,4,,,1,141,,52100,4,,,1,30,,52102,4,,,1,70,,52101,4,,,1
601,'20260807',559,,52103,4,,,1,141,,52104,4,,,1,30,,52106,4,,,1,70,,52105,4,,,1
601,'20260810',559,,52107,4,,,1,141,,52108,4,,,1,30,,52110,4,,,1,70,,52109,4,,,1
601,'20260811',559,,52111,4,,,1,141,,52112,4,,,1,30,,52114,4,,,1,70,,52113,4,,,1
601,'20260812',559,,52115,4,,,1,141,,52116,4,,,1,30,,52118,4,,,1,70,,52117,4,,,1
601,'20260813',559,,52119,4,,,1,141,,52120,4,,,1,30,,52122,4,,,1,70,,52121,4,,,1
601,'20260814',559,,52123,4,,,1,141,,52124,4,,,1,30,,52126,4,,,1,70,,52125,4,,,1
601,'20260817',559,,52127,4,,,1,141,,52128,4,,,1,30,,52130,4,,,1,70,,52129,4,,,1
601,'20260818',559,,52131,4,,,1,141,,52132,4,,,1,30,,52134,4,,,1,70,,52133,4,,,1
601,'20260819',559,,52135,4,,,1,141,,52136,4,,,1,30,,52138,4,,,1,70,,52137,4,,,1
601,'20260820',559,,52139,4,,,1,141,,52140,4,,,1,30,,52142,4,,,1,70,,52141,4,,,1
601,'20260821',559,,52143,4,,,1,141,,52144,4,,,1,30,,52146,4,,,1,70,,52145,4,,,1
601,'20260824',559,,52147,4,,,1,141,,52148,4,,,1,30,,52150,4,,,1,70,,52149,4,,,1
601,'20260825',559,,52151,4,,,1,141,,52152,4,,,1,30,,52154,4,,,1,70,,52153,4,,,1
601,'20260826',559,,52155,4,,,1,141,,52156,4,,,1,30,,52158,4,,,1,70,,52157,4,,,1
601,'20260827',559,,52159,4,,,1,141,,52160,4,,,1,30,,52162,4,,,1,70,,52161,4,,,1
601,'20260828',559,,52163,4,,,1,141,,52164,4,,,1,30,,52166,4,,,1,70,,52165,4,,,1
601,'20260831',559,,52167,4,,,1,141,,52168,4,,,1,30,,52170,4,,,1,70,,52169,4,,,1
601,'20260901',559,,52171,4,,,1,141,,52172,4,,,1,30,,52174,4,,,1,70,,52173,4,,,1
601,'20260902',559,,52175,4,,,1,141,,52176,4,,,1,30,,52178,4,,,1,70,,52177,4,,,1
601,'20260903',559,,52179,4,,,1,141,,52180,4,,,1,30,,52182,4,,,1,70,,52181,4,,,1
601,'20260904',559,,52183,4,,,1,141,,52184,4,,,1,30,,52186,4,,,1,70,,52185,4,,,1
