200,'20260625',1558,,41760,17,,,1,70,,41761,17,,,1,15,,41762,17,,,1,15,,41763,17,,,1,55,,41764,17,,,1,15,,41765,17,,,1,15,,41766,17,,,1,70,,41767,17,,,1,30,,41768,17,,,1,85,,41769,17,,,1
200,'20260626',1558,,41770,17,,,1,70,,41771,17,,,1,15,,41772,17,,,1,15,,41773,17,,,1,55,,41774,17,,,1,15,,41775,17,,,1,15,,41776,17,,,1,70,,41777,17,,,1,30,,41778,17,,,1,85,,41779,17,,,1
200,'20260629',1558,,41780,17,,,1,70,,41781,17,,,1,15,,41782,17,,,1,15,,41783,17,,,1,55,,41784,17,,,1,15,,41785,17,,,1,15,,41786,17,,,1,70,,41787,17,,,1,30,,41788,17,,,1,85,,41789,17,,,1
200,'20260630',1558,,41790,17,,,1,70,,41791,17,,,1,15,,41792,17,,,1,15,,41793,17,,,1,55,,41794,17,,,1,15,,41795,17,,,1,15,,41796,17,,,1,70,,41797,17,,,1,30,,41798,17,,,1,85,,41799,17,,,1
200,'20260702',1558,,41800,17,,,1,70,,41801,17,,,1,15,,41802,17,,,1,15,,41803,17,,,1,55,,41804,17,,,1,15,,41805,17,,,1,15,,41806,17,,,1,70,,41807,17,,,1,30,,41808,17,,,1,85,,41809,17,,,1
200,'20260703',1558,,41810,17,,,1,70,,41811,17,,,1,15,,41812,17,,,1,15,,41813,17,,,1,55,,41814,17,,,1,15,,41815,17,,,1,15,,41816,17,,,1,70,,41817,17,,,1,30,,41818,17,,,1,85,,41819,17,,,1
200,'20260706',1558,,41820,17,,,1,70,,41821,17,,,1,15,,41822,17,,,1,15,,41823,17,,,1,55,,41824,17,,,1,15,,41825,17,,,1,15,,41826,17,,,1,70,,41827,17,,,1,30,,41828,17,,,1,85,,41829,17,,,1
200,'20260707',1558,,41830,17,,,1,70,,41831,17,,,1,15,,41832,17,,,1,15,,41833,17,,,1,55,,41834,17,,,1,15,,41835,17,,,1,15,,41836,17,,,1,70,,41837,17,,,1,30,,41838,17,,,1,85,,41839,17,,,1
200,'20260708',1558,,41840,17,,,1,70,,41841,17,,,1,15,,41842,17,,,1,15,,41843,17,,,1,55,,41844,17,,,1,15,,41845,17,,,1,15,,41846,17,,,1,70,,41847,17,,,1,30,,41848,17,,,1,85,,41849,17,,,1
200,'20260709',1558,,41850,17,,,1,70,,41851,17,,,1,15,,41852,17,,,1,15,,41853,17,,,1,55,,41854,17,,,1,15,,41855,17,,,1,15,,41856,17,,,1,70,,41857,17,,,1,30,,41858,17,,,1,85,,41859,17,,,1
200,'20260710',1558,,41860,17,,,1,70,,41861,17,,,1,15,,41862,17,,,1,15,,41863,17,,,1,55,,41864,17,,,1,15,,41865,17,,,1,15,,41866,17,,,1,70,,41867,17,,,1,30,,41868,17,,,1,85,,41869,17,,,1
200,'20260713',1558,,41870,17,,,1,70,,41871,17,,,1,15,,41872,17,,,1,15,,41873,17,,,1,55,,41874,17,,,1,15,,41875,17,,,1,15,,41876,17,,,1,70,,41877,17,,,1,30,,41878,17,,,1,85,,41879,17,,,1
200,'20260714',1558,,41880,17,,,1,70,,41881,17,,,1,15,,41882,17,,,1,15,,41883,17,,,1,55,,41884,17,,,1,15,,41885,17,,,1,15,,41886,17,,,1,70,,41887,17,,,1,30,,41888,17,,,1,85,,41889,17,,,1
200,'20260715',1558,,41890,17,,,1,70,,41891,17,,,1,15,,41892,17,,,1,15,,41893,17,,,1,55,,41894,17,,,1,15,,41895,17,,,1,15,,41896,17,,,1,70,,41897,17,,,1,30,,41898,17,,,1,85,,41899,17,,,1
200,'20260716',1558,,41900,17,,,1,70,,41901,17,,,1,15,,41902,17,,,1,15,,41903,17,,,1,55,,41904,17,,,1,15,,41905,17,,,1,15,,41906,17,,,1,70,,41907,17,,,1,30,,41908,17,,,1,85,,41909,17,,,1
200,'20260717',1558,,41910,17,,,1,70,,41911,17,,,1,15,,41912,17,,,1,15,,41913,17,,,1,55,,41914,17,,,1,15,,41915,17,,,1,15,,41916,17,,,1,70,,41917,17,,,1,30,,41918,17,,,1,85,,41919,17,,,1
200,'20260720',1558,,41920,17,,,1,70,,41921,17,,,1,15,,41922,17,,,1,15,,41923,17,,,1,55,,41924,17,,,1,15,,41925,17,,,1,15,,41926,17,,,1,70,,41927,17,,,1,30,,41928,17,,,1,85,,41929,17,,,1
200,'20260721',1558,,41930,17,,,1,70,,41931,17,,,1,15,,41932,17,,,1,15,,41933,17,,,1,55,,41934,17,,,1,15,,41935,17,,,1,15,,41936,17,,,1,70,,41937,17,,,1,30,,41938,17,,,1,85,,41939,17,,,1
200,'20260722',1558,,41940,17,,,1,70,,41941,17,,,1,15,,41942,17,,,1,15,,41943,17,,,1,55,,41944,17,,,1,15,,41945,17,,,1,15,,41946,17,,,1,70,,41947,17,,,1,30,,41948,17,,,1,85,,41949,17,,,1
200,'20260723',1558,,41950,17,,,1,70,,41951,17,,,1,15,,41952,17,,,1,15,,41953,17,,,1,55,,41954,17,,,1,15,,41955,17,,,1,15,,41956,17,,,1,70,,41957,17,,,1,30,,41958,17,,,1,85,,41959,17,,,1
200,'20260724',1558,,41960,17,,,1,70,,41961,17,,,1,15,,41962,17,,,1,15,,41963,17,,,1,55,,41964,17,,,1,15,,41965,17,,,1,15,,41966,17,,,1,70,,41967,17,,,1,30,,41968,17,,,1,85,,41969,17,,,1
200,'20260727',1558,,41970,17,,,1,70,,41971,17,,,1,15,,41972,17,,,1,15,,41973,17,,,1,55,,41974,17,,,1,15,,41975,17,,,1,15,,41976,17,,,1,70,,41977,17,,,1,30,,41978,17,,,1,85,,41979,17,,,1
200,'20260728',1558,,41980,17,,,1,70,,41981,17,,,1,15,,41982,17,,,1,15,,41983,17,,,1,55,,41984,17,,,1,15,,41985,17,,,1,15,,41986,17,,,1,70,,41987,17,,,1,30,,41988,17,,,1,85,,41989,17,,,1
200,'20260729',1558,,41990,17,,,1,70,,41991,17,,,1,15,,41992,17,,,1,15,,41993,17,,,1,55,,41994,17,,,1,15,,41995,17,,,1,15,,41996,17,,,1,70,,41997,17,,,1,30,,41998,17,,,1,85,,41999,17,,,1
200,'20260730',1558,,42000,17,,,1,70,,42001,17,,,1,15,,42002,17,,,1,15,,42003,17,,,1,55,,42004,17,,,1,15,,42005,17,,,1,15,,42006,17,,,1,70,,42007,17,,,1,30,,42008,17,,,1,85,,42009,17,,,1
200,'20260731',1558,,42010,17,,,1,70,,42011,17,,,1,15,,42012,17,,,1,15,,42013,17,,,1,55,,42014,17,,,1,15,,42015,17,,,1,15,,42016,17,,,1,70,,42017,17,,,1,30,,42018,17,,,1,85,,42019,17,,,1
200,'20260803',1558,,42020,17,,,1,70,,42021,17,,,1,15,,42022,17,,,1,15,,42023,17,,,1,55,,42024,17,,,1,15,,42025,17,,,1,15,,42026,17,,,1,70,,42027,17,,,1,30,,42028,17,,,1,85,,42029,17,,,1
200,'20260804',1558,,42030,17,,,1,70,,42031,17,,,1,15,,42032,17,,,1,15,,42033,17,,,1,55,,42034,17,,,1,15,,42035,17,,,1,15,,42036,17,,,1,70,,42037,17,,,1,30,,42038,17,,,1,85,,42039,17,,,1
200,'20260805',1558,,42040,17,,,1,70,,42041,17,,,1,15,,42042,17,,,1,15,,42043,17,,,1,55,,42044,17,,,1,15,,42045,17,,,1,15,,42046,17,,,1,70,,42047,17,,,1,30,,42048,17,,,1,85,,42049,17,,,1
200,'20260806',1558,,42050,17,,,1,70,,42051,17,,,1,15,,42052,17,,,1,15,,42053,17,,,1,55,,42054,17,,,1,15,,42055,17,,,1,15,,42056,17,,,1,70,,42057,17,,,1,30,,42058,17,,,1,85,,42059,17,,,1
200,'20260807',1558,,42060,17,,,1,70,,42061,17,,,1,15,,42062,17,,,1,15,,42063,17,,,1,55,,42064,17,,,1,15,,42065,17,,,1,15,,42066,17,,,1,70,,42067,17,,,1,30,,42068,17,,,1,85,,42069,17,,,1
200,'20260810',1558,,42070,17,,,1,70,,42071,17,,,1,15,,42072,17,,,1,15,,42073,17,,,1,55,,42074,17,,,1,15,,42075,17,,,1,15,,42076,17,,,1,70,,42077,17,,,1,30,,42078,17,,,1,85,,42079,17,,,1
200,'20260811',1558,,42080,17,,,1,70,,42081,17,,,1,15,,42082,17,,,1,15,,42083,17,,,1,55,,42084,17,,,1,15,,42085,17,,,1,15,,42086,17,,,1,70,,42087,17,,,1,30,,42088,17,,,1,85,,42089,17,,,1
200,'20260812',1558,,42090,17,,,1,70,,42091,17,,,1,15,,42092,17,,,1,15,,42093,17,,,1,55,,42094,17,,,1,15,,42095,17,,,1,15,,42096,17,,,1,70,,42097,17,,,1,30,,42098,17,,,1,85,,42099,17,,,1
200,'20260813',1558,,42100,17,,,1,70,,42101,17,,,1,15,,42102,17,,,1,15,,42103,17,,,1,55,,42104,17,,,1,15,,42105,17,,,1,15,,42106,17,,,1,70,,42107,17,,,1,30,,42108,17,,,1,85,,42109,17,,,1
200,'20260814',1558,,42110,17,,,1,70,,42111,17,,,1,15,,42112,17,,,1,15,,42113,17,,,1,55,,42114,17,,,1,15,,42115,17,,,1,15,,42116,17,,,1,70,,42117,17,,,1,30,,42118,17,,,1,85,,42119,17,,,1
200,'20260817',1558,,42120,17,,,1,70,,42121,17,,,1,15,,42122,17,,,1,15,,42123,17,,,1,55,,42124,17,,,1,15,,42125,17,,,1,15,,42126,17,,,1,70,,42127,17,,,1,30,,42128,17,,,1,85,,42129,17,,,1
200,'20260818',1558,,42130,17,,,1,70,,42131,17,,,1,15,,42132,17,,,1,15,,42133,17,,,1,55,,42134,17,,,1,15,,42135,17,,,1,15,,42136,17,,,1,70,,42137,17,,,1,30,,42138,17,,,1,85,,42139,17,,,1
200,'20260819',1558,,42140,17,,,1,70,,42141,17,,,1,15,,42142,17,,,1,15,,42143,17,,,1,55,,42144,17,,,1,15,,42145,17,,,1,15,,42146,17,,,1,70,,42147,17,,,1,30,,42148,17,,,1,85,,42149,17,,,1
200,'20260820',1558,,42150,17,,,1,70,,42151,17,,,1,15,,42152,17,,,1,15,,42153,17,,,1,55,,42154,17,,,1,15,,42155,17,,,1,15,,42156,17,,,1,70,,42157,17,,,1,30,,42158,17,,,1,85,,42159,17,,,1
200,'20260821',1558,,42160,17,,,1,70,,42161,17,,,1,15,,42162,17,,,1,15,,42163,17,,,1,55,,42164,17,,,1,15,,42165,17,,,1,15,,42166,17,,,1,70,,42167,17,,,1,30,,42168,17,,,1,85,,42169,17,,,1
200,'20260824',1558,,42170,17,,,1,70,,42171,17,,,1,15,,42172,17,,,1,15,,42173,17,,,1,55,,42174,17,,,1,15,,42175,17,,,1,15,,42176,17,,,1,70,,42177,17,,,1,30,,42178,17,,,1,85,,42179,17,,,1
200,'20260825',1558,,42180,17,,,1,70,,42181,17,,,1,15,,42182,17,,,1,15,,42183,17,,,1,55,,42184,17,,,1,15,,42185,17,,,1,15,,42186,17,,,1,70,,42187,17,,,1,30,,42188,17,,,1,85,,42189,17,,,1
200,'20260826',1558,,42190,17,,,1,70,,42191,17,,,1,15,,42192,17,,,1,15,,42193,17,,,1,55,,42194,17,,,1,15,,42195,17,,,1,15,,42196,17,,,1,70,,42197,17,,,1,30,,42198,17,,,1,85,,42199,17,,,1
200,'20260827',1558,,42200,17,,,1,70,,42201,17,,,1,15,,42202,17,,,1,15,,42203,17,,,1,55,,42204,17,,,1,15,,42205,17,,,1,15,,42206,17,,,1,70,,42207,17,,,1,30,,42208,17,,,1,85,,42209,17,,,1
200,'20260828',1558,,42210,17,,,1,70,,42211,17,,,1,15,,42212,17,,,1,15,,42213,17,,,1,55,,42214,17,,,1,15,,42215,17,,,1,15,,42216,17,,,1,70,,42217,17,,,1,30,,42218,17,,,1,85,,42219,17,,,1
200,'20260831',1558,,42220,17,,,1,70,,42221,17,,,1,15,,42222,17,,,1,15,,42223,17,,,1,55,,42224,17,,,1,15,,42225,17,,,1,15,,42226,17,,,1,70,,42227,17,,,1,30,,42228,17,,,1,85,,42229,17,,,1
200,'20260901',1558,,42230,17,,,1,70,,42231,17,,,1,15,,42232,17,,,1,15,,42233,17,,,1,55,,42234,17,,,1,15,,42235,17,,,1,15,,42236,17,,,1,70,,42237,17,,,1,30,,42238,17,,,1,85,,42239,17,,,1
200,'20260902',1558,,42240,17,,,1,70,,42241,17,,,1,15,,42242,17,,,1,15,,42243,17,,,1,55,,42244,17,,,1,15,,42245,17,,,1,15,,42246,17,,,1,70,,42247,17,,,1,30,,42248,17,,,1,85,,42249,17,,,1
200,'20260903',1558,,42250,17,,,1,70,,42251,17,,,1,15,,42252,17,,,1,15,,42253,17,,,1,55,,42254,17,,,1,15,,42255,17,,,1,15,,42256,17,,,1,70,,42257,17,,,1,30,,42258,17,,,1,85,,42259,17,,,1
200,'20260904',1558,,42260,17,,,1,70,,42261,17,,,1,15,,42262,17,,,1,15,,42263,17,,,1,55,,42264,17,,,1,15,,42265,17,,,1,15,,42266,17,,,1,70,,42267,17,,,1,30,,42268,17,,,1,85,,42269,17,,,1
201,'20260625',643,,42350,19,,,1,70,,42351,19,,,1,15,,42352,19,,,1,15,,42353,19,,,1,15,,42354,19,,,1,55,,42355,19,,,1,15,,42356,19,,,1,15,,42357,19,,,1,15,,42358,19,,,1,55,,42359,19,,,1
201,'20260626',643,,42360,19,,,1,70,,42361,19,,,1,15,,42362,19,,,1,15,,42363,19,,,1,15,,42364,19,,,1,55,,42365,19,,,1,15,,42366,19,,,1,15,,42367,19,,,1,15,,42368,19,,,1,55,,42369,19,,,1
201,'20260629',643,,42370,19,,,1,70,,42371,19,,,1,15,,42372,19,,,1,15,,42373,19,,,1,15,,42374,19,,,1,55,,42375,19,,,1,15,,42376,19,,,1,15,,42377,19,,,1,15,,42378,19,,,1,55,,42379,19,,,1
201,'20260630',643,,42380,19,,,1,70,,42381,19,,,1,15,,42382,19,,,1,15,,42383,19,,,1,15,,42384,19,,,1,55,,42385,19,,,1,15,,42386,19,,,1,15,,42387,19,,,1,15,,42388,19,,,1,55,,42389,19,,,1
201,'20260702',643,,42390,19,,,1,70,,42391,19,,,1,15,,42392,19,,,1,15,,42393,19,,,1,15,,42394,19,,,1,55,,42395,19,,,1,15,,42396,19,,,1,15,,42397,19,,,1,15,,42398,19,,,1,55,,42399,19,,,1
201,'20260703',643,,42400,19,,,1,70,,42401,19,,,1,15,,42402,19,,,1,15,,42403,19,,,1,15,,42404,19,,,1,55,,42405,19,,,1,15,,42406,19,,,1,15,,42407,19,,,1,15,,42408,19,,,1,55,,42409,19,,,1
201,'20260706',643,,42410,19,,,1,70,,42411,19,,,1,15,,42412,19,,,1,15,,42413,19,,,1,15,,42414,19,,,1,55,,42415,19,,,1,15,,42416,19,,,1,15,,42417,19,,,1,15,,42418,19,,,1,55,,42419,19,,,1
201,'20260707',643,,42420,19,,,1,70,,42421,19,,,1,15,,42422,19,,,1,15,,42423,19,,,1,15,,42424,19,,,1,55,,42425,19,,,1,15,,42426,19,,,1,15,,42427,19,,,1,15,,42428,19,,,1,55,,42429,19,,,1
201,'20260708',643,,42430,19,,,1,70,,42431,19,,,1,15,,42432,19,,,1,15,,42433,19,,,1,15,,42434,19,,,1,55,,42435,19,,,1,15,,42436,19,,,1,15,,42437,19,,,1,15,,42438,19,,,1,55,,42439,19,,,1
201,'20260709',643,,42440,19,,,1,70,,42441,19,,,1,15,,42442,19,,,1,15,,42443,19,,,1,15,,42444,19,,,1,55,,42445,19,,,1,15,,42446,19,,,1,15,,42447,19,,,1,15,,42448,19,,,1,55,,42449,19,,,1
201,'20260710',643,,42450,19,,,1,70,,42451,19,,,1,15,,42452,19,,,1,15,,42453,19,,,1,15,,42454,19,,,1,55,,42455,19,,,1,15,,42456,19,,,1,15,,42457,19,,,1,15,,42458,19,,,1,55,,42459,19,,,1
201,'20260713',643,,42460,19,,,1,70,,42461,19,,,1,15,,42462,19,,,1,15,,42463,19,,,1,15,,42464,19,,,1,55,,42465,19,,,1,15,,42466,19,,,1,15,,42467,19,,,1,15,,42468,19,,,1,55,,42469,19,,,1
201,'20260714',643,,42470,19,,,1,70,,42471,19,,,1,15,,42472,19,,,1,15,,42473,19,,,1,15,,42474,19,,,1,55,,42475,19,,,1,15,,42476,19,,,1,15,,42477,19,,,1,15,,42478,19,,,1,55,,42479,19,,,1
201,'20260715',643,,42480,19,,,1,70,,42481,19,,,1,15,,42482,19,,,1,15,,42483,19,,,1,15,,42484,19,,,1,55,,42485,19,,,1,15,,42486,19,,,1,15,,42487,19,,,1,15,,42488,19,,,1,55,,42489,19,,,1
201,'20260716',643,,42490,19,,,1,70,,42491,19,,,1,15,,42492,19,,,1,15,,42493,19,,,1,15,,42494,19,,,1,55,,42495,19,,,1,15,,42496,19,,,1,15,,42497,19,,,1,15,,42498,19,,,1,55,,42499,19,,,1
201,'20260717',643,,42500,19,,,1,70,,42501,19,,,1,15,,42502,19,,,1,15,,42503,19,,,1,15,,42504,19,,,1,55,,42505,19,,,1,15,,42506,19,,,1,15,,42507,19,,,1,15,,42508,19,,,1,55,,42509,19,,,1
201,'20260720',643,,42510,19,,,1,70,,42511,19,,,1,15,,42512,19,,,1,15,,42513,19,,,1,15,,42514,19,,,1,55,,42515,19,,,1,15,,42516,19,,,1,15,,42517,19,,,1,15,,42518,19,,,1,55,,42519,19,,,1
201,'20260721',643,,42520,19,,,1,70,,42521,19,,,1,15,,42522,19,,,1,15,,42523,19,,,1,15,,42524,19,,,1,55,,42525,19,,,1,15,,42526,19,,,1,15,,42527,19,,,1,15,,42528,19,,,1,55,,42529,19,,,1
201,'20260722',643,,42530,19,,,1,70,,42531,19,,,1,15,,42532,19,,,1,15,,42533,19,,,1,15,,42534,19,,,1,55,,42535,19,,,1,15,,42536,19,,,1,15,,42537,19,,,1,15,,42538,19,,,1,55,,42539,19,,,1
201,'20260723',643,,42540,19,,,1,70,,42541,19,,,1,15,,42542,19,,,1,15,,42543,19,,,1,15,,42544,19,,,1,55,,42545,19,,,1,15,,42546,19,,,1,15,,42547,19,,,1,15,,42548,19,,,1,55,,42549,19,,,1
201,'20260724',643,,42550,19,,,1,70,,42551,19,,,1,15,,42552,19,,,1,15,,42553,19,,,1,15,,42554,19,,,1,55,,42555,19,,,1,15,,42556,19,,,1,15,,42557,19,,,1,15,,42558,19,,,1,55,,42559,19,,,1
201,'20260727',643,,42560,19,,,1,70,,42561,19,,,1,15,,42562,19,,,1,15,,42563,19,,,1,15,,42564,19,,,1,55,,42565,19,,,1,15,,42566,19,,,1,15,,42567,19,,,1,15,,42568,19,,,1,55,,42569,19,,,1
201,'20260728',643,,42570,19,,,1,70,,42571,19,,,1,15,,42572,19,,,1,15,,42573,19,,,1,15,,42574,19,,,1,55,,42575,19,,,1,15,,42576,19,,,1,15,,42577,19,,,1,15,,42578,19,,,1,55,,42579,19,,,1
201,'20260729',643,,42580,19,,,1,70,,42581,19,,,1,15,,42582,19,,,1,15,,42583,19,,,1,15,,42584,19,,,1,55,,42585,19,,,1,15,,42586,19,,,1,15,,42587,19,,,1,15,,42588,19,,,1,55,,42589,19,,,1
201,'20260730',643,,42590,19,,,1,70,,42591,19,,,1,15,,42592,19,,,1,15,,42593,19,,,1,15,,42594,19,,,1,55,,42595,19,,,1,15,,42596,19,,,1,15,,42597,19,,,1,15,,42598,19,,,1,55,,42599,19,,,1
201,'20260731',643,,42600,19,,,1,70,,42601,19,,,1,15,,42602,19,,,1,15,,42603,19,,,1,15,,42604,19,,,1,55,,42605,19,,,1,15,,42606,19,,,1,15,,42607,19,,,1,15,,42608,19,,,1,55,,42609,19,,,1
201,'20260803',643,,42610,19,,,1,70,,42611,19,,,1,15,,42612,19,,,1,15,,42613,19,,,1,15,,42614,19,,,1,55,,42615,19,,,1,15,,42616,19,,,1,15,,42617,19,,,1,15,,42618,19,,,1,55,,42619,19,,,1
201,'20260804',643,,42620,19,,,1,70,,42621,19,,,1,15,,42622,19,,,1,15,,42623,19,,,1,15,,42624,19,,,1,55,,42625,19,,,1,15,,42626,19,,,1,15,,42627,19,,,1,15,,42628,19,,,1,55,,42629,19,,,1
201,'20260805',643,,42630,19,,,1,70,,42631,19,,,1,15,,42632,19,,,1,15,,42633,19,,,1,15,,42634,19,,,1,55,,42635,19,,,1,15,,42636,19,,,1,15,,42637,19,,,1,15,,42638,19,,,1,55,,42639,19,,,1
201,'20260806',643,,42640,19,,,1,70,,42641,19,,,1,15,,42642,19,,,1,15,,42643,19,,,1,15,,42644,19,,,1,55,,42645,19,,,1,15,,42646,19,,,1,15,,42647,19,,,1,15,,42648,19,,,1,55,,42649,19,,,1
201,'20260807',643,,42650,19,,,1,70,,42651,19,,,1,15,,42652,19,,,1,15,,42653,19,,,1,15,,42654,19,,,1,55,,42655,19,,,1,15,,42656,19,,,1,15,,42657,19,,,1,15,,42658,19,,,1,55,,42659,19,,,1
201,'20260810',643,,42660,19,,,1,70,,42661,19,,,1,15,,42662,19,,,1,15,,42663,19,,,1,15,,42664,19,,,1,55,,42665,19,,,1,15,,42666,19,,,1,15,,42667,19,,,1,15,,42668,19,,,1,55,,42669,19,,,1
201,'20260811',643,,42670,19,,,1,70,,42671,19,,,1,15,,42672,19,,,1,15,,42673,19,,,1,15,,42674,19,,,1,55,,42675,19,,,1,15,,42676,19,,,1,15,,42677,19,,,1,15,,42678,19,,,1,55,,42679,19,,,1
201,'20260812',643,,42680,19,,,1,70,,42681,19,,,1,15,,42682,19,,,1,15,,42683,19,,,1,15,,42684,19,,,1,55,,42685,19,,,1,15,,42686,19,,,1,15,,42687,19,,,1,15,,42688,19,,,1,55,,42689,19,,,1
201,'20260813',643,,42690,19,,,1,70,,42691,19,,,1,15,,42692,19,,,1,15,,42693,19,,,1,15,,42694,19,,,1,55,,42695,19,,,1,15,,42696,19,,,1,15,,42697,19,,,1,15,,42698,19,,,1,55,,42699,19,,,1
201,'20260814',643,,42700,19,,,1,70,,42701,19,,,1,15,,42702,19,,,1,15,,42703,19,,,1,15,,42704,19,,,1,55,,42705,19,,,1,15,,42706,19,,,1,15,,42707,19,,,1,15,,42708,19,,,1,55,,42709,19,,,1
201,'20260817',643,,42710,19,,,1,70,,42711,19,,,1,15,,42712,19,,,1,15,,42713,19,,,1,15,,42714,19,,,1,55,,42715,19,,,1,15,,42716,19,,,1,15,,42717,19,,,1,15,,42718,19,,,1,55,,42719,19,,,1
201,'20260818',643,,42720,19,,,1,70,,42721,19,,,1,15,,42722,19,,,1,15,,42723,19,,,1,15,,42724,19,,,1,55,,42725,19,,,1,15,,42726,19,,,1,15,,42727,19,,,1,15,,42728,19,,,1,55,,42729,19,,,1
201,'20260819',643,,42730,19,,,1,70,,42731,19,,,1,15,,42732,19,,,1,15,,42733,19,,,1,15,,42734,19,,,1,55,,42735,19,,,1,15,,42736,19,,,1,15,,42737,19,,,1,15,,42738,19,,,1,55,,42739,19,,,1
201,'20260820',643,,42740,19,,,1,70,,42741,19,,,1,15,,42742,19,,,1,15,,42743,19,,,1,15,,42744,19,,,1,55,,42745,19,,,1,15,,42746,19,,,1,15,,42747,19,,,1,15,,42748,19,,,1,55,,42749,19,,,1
201,'20260821',643,,42750,19,,,1,70,,42751,19,,,1,15,,42752,19,,,1,15,,42753,19,,,1,15,,42754,19,,,1,55,,42755,19,,,1,15,,42756,19,,,1,15,,42757,19,,,1,15,,42758,19,,,1,55,,42759,19,,,1
201,'20260824',643,,42760,19,,,1,70,,42761,19,,,1,15,,42762,19,,,1,15,,42763,19,,,1,15,,42764,19,,,1,55,,42765,19,,,1,15,,42766,19,,,1,15,,42767,19,,,1,15,,42768,19,,,1,55,,42769,19,,,1
201,'20260825',643,,42770,19,,,1,70,,42771,19,,,1,15,,42772,19,,,1,15,,42773,19,,,1,15,,42774,19,,,1,55,,42775,19,,,1,15,,42776,19,,,1,15,,42777,19,,,1,15,,42778,19,,,1,55,,42779,19,,,1
201,'20260826',643,,42780,19,,,1,70,,42781,19,,,1,15,,42782,19,,,1,15,,42783,19,,,1,15,,42784,19,,,1,55,,42785,19,,,1,15,,42786,19,,,1,15,,42787,19,,,1,15,,42788,19,,,1,55,,42789,19,,,1
201,'20260827',643,,42790,19,,,1,70,,42791,19,,,1,15,,42792,19,,,1,15,,42793,19,,,1,15,,42794,19,,,1,55,,42795,19,,,1,15,,42796,19,,,1,15,,42797,19,,,1,15,,42798,19,,,1,55,,42799,19,,,1
201,'20260828',643,,42800,19,,,1,70,,42801,19,,,1,15,,42802,19,,,1,15,,42803,19,,,1,15,,42804,19,,,1,55,,42805,19,,,1,15,,42806,19,,,1,15,,42807,19,,,1,15,,42808,19,,,1,55,,42809,19,,,1
201,'20260831',643,,42810,19,,,1,70,,42811,19,,,1,15,,42812,19,,,1,15,,42813,19,,,1,15,,42814,19,,,1,55,,42815,19,,,1,15,,42816,19,,,1,15,,42817,19,,,1,15,,42818,19,,,1,55,,42819,19,,,1
201,'20260901',643,,42820,19,,,1,70,,42821,19,,,1,15,,42822,19,,,1,15,,42823,19,,,1,15,,42824,19,,,1,55,,42825,19,,,1,15,,42826,19,,,1,15,,42827,19,,,1,15,,42828,19,,,1,55,,42829,19,,,1
201,'20260902',643,,42830,19,,,1,70,,42831,19,,,1,15,,42832,19,,,1,15,,42833,19,,,1,15,,42834,19,,,1,55,,42835,19,,,1,15,,42836,19,,,1,15,,42837,19,,,1,15,,42838,19,,,1,55,,42839,19,,,1
201,'20260903',643,,42840,19,,,1,70,,42841,19,,,1,15,,42842,19,,,1,15,,42843,19,,,1,15,,42844,19,,,1,55,,42845,19,,,1,15,,42846,19,,,1,15,,42847,19,,,1,15,,42848,19,,,1,55,,42849,19,,,1
201,'20260904',643,,42850,19,,,1,70,,42851,19,,,1,15,,42852,19,,,1,15,,42853,19,,,1,15,,42854,19,,,1,55,,42855,19,,,1,15,,42856,19,,,1,15,,42857,19,,,1,15,,42858,19,,,1,55,,42859,19,,,1
