600,'20260716',1649,,51767,29,4,,1,100,,51768,29,4,,1,70,,51766,29,4,,1,30,,51769,29,4,,1,100,,51770,29,4,,1
600,'20260717',1649,,51772,29,4,,1,100,,51773,29,4,,1,70,,51771,29,4,,1,30,,51774,29,4,,1,100,,51775,29,4,,1
600,'20260720',1649,,51777,29,4,,1,100,,51778,29,4,,1,70,,51776,29,4,,1,30,,51779,29,4,,1,100,,51780,29,4,,1
600,'20260721',1649,,51782,29,4,,1,100,,51783,29,4,,1,70,,51781,29,4,,1,30,,51784,29,4,,1,100,,51785,29,4,,1
600,'20260722',1649,,51787,29,4,,1,100,,51788,29,4,,1,70,,51786,29,4,,1,30,,51789,29,4,,1,100,,51790,29,4,,1
600,'20260723',1649,,51792,29,4,,1,100,,51793,29,4,,1,70,,51791,29,4,,1,30,,51794,29,4,,1,100,,51795,29,4,,1
600,'20260724',1649,,51797,29,4,,1,100,,51798,29,4,,1,70,,51796,29,4,,1,30,,51799,29,4,,1,100,,51800,29,4,,1
600,'20260727',1649,,51802,29,4,,1,100,,51803,29,4,,1,70,,51801,29,4,,1,30,,51804,29,4,,1,100,,51805,29,4,,1
600,'20260728',1649,,51807,29,4,,1,100,,51808,29,4,,1,70,,51806,29,4,,1,30,,51809,29,4,,1,100,,51810,29,4,,1
600,'20260729',1649,,51812,29,4,,1,100,,51813,29,4,,1,70,,51811,29,4,,1,30,,51814,29,4,,1,100,,51815,29,4,,1
600,'20260730',1649,,51817,29,4,,1,100,,51818,29,4,,1,70,,51816,29,4,,1,30,,51819,29,4,,1,100,,51820,29,4,,1
600,'20260731',1649,,51822,29,4,,1,100,,51823,29,4,,1,70,,51821,29,4,,1,30,,51824,29,4,,1,100,,51825,29,4,,1
600,'20260804',1649,,51832,29,4,,1,100,,51833,29,4,,1,70,,51831,29,4,,1,30,,51834,29,4,,1,100,,51835,29,4,,1
600,'20260805',1649,,51837,29,4,,1,100,,51838,29,4,,1,70,,51836,29,4,,1,30,,51839,29,4,,1,100,,51840,29,4,,1
600,'20260806',1649,,51842,29,4,,1,100,,51843,29,4,,1,70,,51841,29,4,,1,30,,51844,29,4,,1,100,,51845,29,4,,1
600,'20260807',1649,,51847,29,4,,1,100,,51848,29,4,,1,70,,51846,29,4,,1,30,,51849,29,4,,1,100,,51850,29,4,,1
600,'20260810',1649,,65216,29,4,,1,100,,65217,29,4,,1,70,,65215,29,4,,1,30,,65218,29,4,,1,100,,65219,29,4,,1
600,'20260811',1649,,51857,29,4,,1,100,,51858,29,4,,1,70,,51856,29,4,,1,30,,51859,29,4,,1,100,,51860,29,4,,1
600,'20260812',1649,,51862,29,4,,1,100,,51863,29,4,,1,70,,51861,29,4,,1,30,,51864,29,4,,1,100,,51865,29,4,,1
600,'20260813',1649,,51867,29,4,,1,100,,51868,29,4,,1,70,,51866,29,4,,1,30,,51869,29,4,,1,100,,51870,29,4,,1
600,'20260814',1649,,51872,29,4,,1,100,,51873,29,4,,1,70,,51871,29,4,,1,30,,51874,29,4,,1,100,,51875,29,4,,1
600,'20260817',1649,,65221,29,4,,1,100,,65222,29,4,,1,70,,65220,29,4,,1,30,,65223,29,4,,1,100,,65224,29,4,,1
600,'20260818',1649,,51882,29,4,,1,100,,51883,29,4,,1,70,,51881,29,4,,1,30,,51884,29,4,,1,100,,51885,29,4,,1
600,'20260819',1649,,51887,29,4,,1,100,,51888,29,4,,1,70,,51886,29,4,,1,30,,51889,29,4,,1,100,,51890,29,4,,1
600,'20260820',1649,,51892,29,4,,1,100,,51893,29,4,,1,70,,51891,29,4,,1,30,,51894,29,4,,1,100,,51895,29,4,,1
600,'20260821',1649,,51897,29,4,,1,100,,51898,29,4,,1,70,,51896,29,4,,1,30,,51899,29,4,,1,100,,51900,29,4,,1
600,'20260824',1649,,65226,29,4,,1,100,,65227,29,4,,1,70,,65225,29,4,,1,30,,65228,29,4,,1,100,,65229,29,4,,1
600,'20260825',1649,,51907,29,4,,1,100,,51908,29,4,,1,70,,51906,29,4,,1,30,,51909,29,4,,1,100,,51910,29,4,,1
600,'20260826',1649,,51912,29,4,,1,100,,51913,29,4,,1,70,,51911,29,4,,1,30,,51914,29,4,,1,100,,51915,29,4,,1
600,'20260827',1649,,51917,29,4,,1,100,,51918,29,4,,1,70,,51916,29,4,,1,30,,51919,29,4,,1,100,,51920,29,4,,1
600,'20260828',1649,,51922,29,4,,1,100,,51923,29,4,,1,70,,51921,29,4,,1,30,,51924,29,4,,1,100,,51925,29,4,,1
600,'20260831',1649,,65231,29,4,,1,100,,65232,29,4,,1,70,,65230,29,4,,1,30,,65233,29,4,,1,100,,65234,29,4,,1
600,'20260901',1649,,51932,29,4,,1,100,,51933,29,4,,1,70,,51931,29,4,,1,30,,51934,29,4,,1,100,,51935,29,4,,1
600,'20260902',1649,,51937,29,4,,1,100,,51938,29,4,,1,70,,51936,29,4,,1,30,,51939,29,4,,1,100,,51940,29,4,,1
600,'20260903',1649,,51942,29,4,,1,100,,51943,29,4,,1,70,,51941,29,4,,1,30,,51944,29,4,,1,100,,51945,29,4,,1
600,'20260904',1649,,51947,29,4,,1,100,,51948,29,4,,1,70,,51946,29,4,,1,30,,51949,29,4,,1,100,,51950,29,4,,1
601,'20260716',553,,52039,1,,,1,101,,52040,1,,,1,70,,52042,1,,,1,30,,52041,1,,,1
601,'20260717',553,,52043,1,,,1,101,,52044,1,,,1,70,,52046,1,,,1,30,,52045,1,,,1
601,'20260720',553,,52047,1,,,1,101,,52048,1,,,1,70,,52050,1,,,1,30,,52049,1,,,1
601,'20260721',553,,52051,1,,,1,101,,52052,1,,,1,70,,52054,1,,,1,30,,52053,1,,,1
601,'20260722',553,,52055,1,,,1,101,,52056,1,,,1,70,,52058,1,,,1,30,,52057,1,,,1
601,'20260723',553,,52059,1,,,1,101,,52060,1,,,1,70,,52062,1,,,1,30,,52061,1,,,1
601,'20260724',553,,52063,1,,,1,101,,52064,1,,,1,70,,52066,1,,,1,30,,52065,1,,,1
601,'20260727',553,,52067,1,,,1,101,,52068,1,,,1,70,,52070,1,,,1,30,,52069,1,,,1
601,'20260728',553,,52071,1,,,1,101,,52072,1,,,1,70,,52074,1,,,1,30,,52073,1,,,1
601,'20260729',553,,52075,1,,,1,101,,52076,1,,,1,70,,52078,1,,,1,30,,52077,1,,,1
601,'20260730',553,,52079,1,,,1,101,,52080,1,,,1,70,,52082,1,,,1,30,,52081,1,,,1
601,'20260731',553,,52083,1,,,1,101,,52084,1,,,1,70,,52086,1,,,1,30,,52085,1,,,1
601,'20260804',553,,52091,1,,,1,101,,52092,1,,,1,70,,52094,1,,,1,30,,52093,1,,,1
601,'20260805',553,,52095,1,,,1,101,,52096,1,,,1,70,,52098,1,,,1,30,,52097,1,,,1
601,'20260806',553,,52099,1,,,1,101,,52100,1,,,1,70,,52102,1,,,1,30,,52101,1,,,1
601,'20260807',553,,52103,1,,,1,101,,52104,1,,,1,70,,52106,1,,,1,30,,52105,1,,,1
601,'20260810',553,,65235,1,,,1,101,,65236,1,,,1,70,,65238,1,,,1,30,,65237,1,,,1
601,'20260811',553,,52111,1,,,1,101,,52112,1,,,1,70,,52114,1,,,1,30,,52113,1,,,1
601,'20260812',553,,52115,1,,,1,101,,52116,1,,,1,70,,52118,1,,,1,30,,52117,1,,,1
601,'20260813',553,,52119,1,,,1,101,,52120,1,,,1,70,,52122,1,,,1,30,,52121,1,,,1
601,'20260814',553,,52123,1,,,1,101,,52124,1,,,1,70,,52126,1,,,1,30,,52125,1,,,1
601,'20260817',553,,65239,1,,,1,101,,65240,1,,,1,70,,65242,1,,,1,30,,65241,1,,,1
601,'20260818',553,,52131,1,,,1,101,,52132,1,,,1,70,,52134,1,,,1,30,,52133,1,,,1
601,'20260819',553,,52135,1,,,1,101,,52136,1,,,1,70,,52138,1,,,1,30,,52137,1,,,1
601,'20260820',553,,52139,1,,,1,101,,52140,1,,,1,70,,52142,1,,,1,30,,52141,1,,,1
601,'20260821',553,,52143,1,,,1,101,,52144,1,,,1,70,,52146,1,,,1,30,,52145,1,,,1
601,'20260824',553,,65243,1,,,1,101,,65244,1,,,1,70,,65246,1,,,1,30,,65245,1,,,1
601,'20260825',553,,52151,1,,,1,101,,52152,1,,,1,70,,52154,1,,,1,30,,52153,1,,,1
601,'20260826',553,,52155,1,,,1,101,,52156,1,,,1,70,,52158,1,,,1,30,,52157,1,,,1
601,'20260827',553,,52159,1,,,1,101,,52160,1,,,1,70,,52162,1,,,1,30,,52161,1,,,1
601,'20260828',553,,52163,1,,,1,101,,52164,1,,,1,70,,52166,1,,,1,30,,52165,1,,,1
601,'20260831',553,,65247,1,,,1,101,,65248,1,,,1,70,,65250,1,,,1,30,,65249,1,,,1
601,'20260901',553,,52171,1,,,1,101,,52172,1,,,1,70,,52174,1,,,1,30,,52173,1,,,1
601,'20260902',553,,52175,1,,,1,101,,52176,1,,,1,70,,52178,1,,,1,30,,52177,1,,,1
601,'20260903',553,,52179,1,,,1,101,,52180,1,,,1,70,,52182,1,,,1,30,,52181,1,,,1
601,'20260904',553,,52183,1,,,1,101,,52184,1,,,1,70,,52186,1,,,1,30,,52185,1,,,1
