700,'20260716',1607,,52806,27,,,1,100,,52807,27,,,1,30,,52811,27,,,1,70,,52808,27,,,1,32,,52812,27,,,1,567,,52809,27,,,1,100,,52810,27,,,1
700,'20260717',1607,,52826,27,,,1,100,,52827,27,,,1,30,,52831,27,,,1,70,,52828,27,,,1,32,,52832,27,,,1,567,,52829,27,,,1,100,,52830,27,,,1
700,'20260718',2206,,52845,27,,,1,100,,52846,27,,,1,100,,52847,27,,,1
700,'20260719',2206,,52860,27,,,1,100,,52861,27,,,1,100,,52862,27,,,1
700,'20260720',1607,,52876,27,,,1,100,,52877,27,,,1,30,,52881,27,,,1,70,,52878,27,,,1,32,,52882,27,,,1,567,,52879,27,,,1,100,,52880,27,,,1
700,'20260721',1607,,52896,27,,,1,100,,52897,27,,,1,30,,52901,27,,,1,70,,52898,27,,,1,32,,52902,27,,,1,567,,52899,27,,,1,100,,52900,27,,,1
700,'20260722',1607,,52916,27,,,1,100,,52917,27,,,1,30,,52921,27,,,1,70,,52918,27,,,1,32,,52922,27,,,1,567,,52919,27,,,1,100,,52920,27,,,1
700,'20260723',1607,,52936,27,,,1,100,,52937,27,,,1,30,,52941,27,,,1,70,,52938,27,,,1,32,,52942,27,,,1,567,,52939,27,,,1,100,,52940,27,,,1
700,'20260724',1607,,52956,27,,,1,100,,52957,27,,,1,30,,52961,27,,,1,70,,52958,27,,,1,32,,52962,27,,,1,567,,52959,27,,,1,100,,52960,27,,,1
700,'20260725',2206,,52975,27,,,1,100,,52976,27,,,1,100,,52977,27,,,1
700,'20260726',2206,,52990,27,,,1,100,,52991,27,,,1,100,,52992,27,,,1
700,'20260727',1607,,53006,27,,,1,100,,53007,27,,,1,30,,53011,27,,,1,70,,53008,27,,,1,32,,53012,27,,,1,567,,53009,27,,,1,100,,53010,27,,,1
700,'20260728',1607,,53026,27,,,1,100,,53027,27,,,1,30,,53031,27,,,1,70,,53028,27,,,1,32,,53032,27,,,1,567,,53029,27,,,1,100,,53030,27,,,1
700,'20260729',1607,,53046,27,,,1,100,,53047,27,,,1,30,,53051,27,,,1,70,,53048,27,,,1,32,,53052,27,,,1,567,,53049,27,,,1,100,,53050,27,,,1
700,'20260730',1607,,53066,27,,,1,100,,53067,27,,,1,30,,53071,27,,,1,70,,53068,27,,,1,32,,53072,27,,,1,567,,53069,27,,,1,100,,53070,27,,,1
700,'20260731',1607,,53086,27,,,1,100,,53087,27,,,1,30,,53091,27,,,1,70,,53088,27,,,1,32,,53092,27,,,1,567,,53089,27,,,1,100,,53090,27,,,1
700,'20260801',2206,,53105,27,,,1,100,,53106,27,,,1,100,,53107,27,,,1
700,'20260802',2206,,53120,27,,,1,100,,53121,27,,,1,100,,53122,27,,,1
700,'20260803',2206,,64423,27,,,1,100,,64424,27,,,1,100,,53139,27,,,1
700,'20260804',1607,,53156,27,,,1,100,,53157,27,,,1,30,,53161,27,,,1,70,,53158,27,,,1,32,,53162,27,,,1,567,,53159,27,,,1,100,,53160,27,,,1
700,'20260805',1607,,53176,27,,,1,100,,53177,27,,,1,30,,53181,27,,,1,70,,53178,27,,,1,32,,53182,27,,,1,567,,53179,27,,,1,100,,53180,27,,,1
700,'20260806',1607,,53196,27,,,1,100,,53197,27,,,1,30,,53201,27,,,1,70,,53198,27,,,1,32,,53202,27,,,1,567,,53199,27,,,1,100,,53200,27,,,1
700,'20260807',1607,,53216,27,,,1,100,,53217,27,,,1,30,,53221,27,,,1,70,,53218,27,,,1,32,,53222,27,,,1,567,,53219,27,,,1,100,,53220,27,,,1
700,'20260808',2206,,53235,27,,,1,100,,53236,27,,,1,100,,53237,27,,,1
700,'20260809',2206,,53250,27,,,1,100,,53251,27,,,1,100,,53252,27,,,1
700,'20260810',1607,,65255,27,,,1,100,,65256,27,,,1,30,,65259,27,,,1,70,,65257,27,,,1,32,,65260,27,,,1,567,,53269,27,,,1,100,,65258,27,,,1
700,'20260811',1607,,53286,27,,,1,100,,53287,27,,,1,30,,53291,27,,,1,70,,53288,27,,,1,32,,53292,27,,,1,567,,53289,27,,,1,100,,53290,27,,,1
700,'20260812',1607,,53306,27,,,1,100,,53307,27,,,1,30,,53311,27,,,1,70,,53308,27,,,1,32,,53312,27,,,1,567,,53309,27,,,1,100,,53310,27,,,1
700,'20260813',1607,,53326,27,,,1,100,,53327,27,,,1,30,,53331,27,,,1,70,,53328,27,,,1,32,,53332,27,,,1,567,,53329,27,,,1,100,,53330,27,,,1
700,'20260814',1607,,53346,27,,,1,100,,53347,27,,,1,30,,53351,27,,,1,70,,53348,27,,,1,32,,53352,27,,,1,567,,53349,27,,,1,100,,53350,27,,,1
700,'20260815',2206,,53365,27,,,1,100,,53366,27,,,1,100,,53367,27,,,1
700,'20260816',2206,,53380,27,,,1,100,,53381,27,,,1,100,,53382,27,,,1
700,'20260817',1607,,65265,27,,,1,100,,65266,27,,,1,30,,65269,27,,,1,70,,65267,27,,,1,32,,65270,27,,,1,567,,53399,27,,,1,100,,65268,27,,,1
700,'20260818',1607,,53416,27,,,1,100,,53417,27,,,1,30,,53421,27,,,1,70,,53418,27,,,1,32,,53422,27,,,1,567,,53419,27,,,1,100,,53420,27,,,1
700,'20260819',1607,,53436,27,,,1,100,,53437,27,,,1,30,,53441,27,,,1,70,,53438,27,,,1,32,,53442,27,,,1,567,,53439,27,,,1,100,,53440,27,,,1
700,'20260820',1607,,53456,27,,,1,100,,53457,27,,,1,30,,53461,27,,,1,70,,53458,27,,,1,32,,53462,27,,,1,567,,53459,27,,,1,100,,53460,27,,,1
700,'20260821',1607,,53476,27,,,1,100,,53477,27,,,1,30,,53481,27,,,1,70,,53478,27,,,1,32,,53482,27,,,1,567,,53479,27,,,1,100,,53480,27,,,1
700,'20260822',2206,,53495,27,,,1,100,,53496,27,,,1,100,,53497,27,,,1
700,'20260823',2206,,53510,27,,,1,100,,53511,27,,,1,100,,53512,27,,,1
700,'20260824',1607,,65275,27,,,1,100,,65276,27,,,1,30,,65279,27,,,1,70,,65277,27,,,1,32,,65280,27,,,1,567,,53529,27,,,1,100,,65278,27,,,1
700,'20260825',1607,,53546,27,,,1,100,,53547,27,,,1,30,,53551,27,,,1,70,,53548,27,,,1,32,,53552,27,,,1,567,,53549,27,,,1,100,,53550,27,,,1
700,'20260826',1607,,53566,27,,,1,100,,53567,27,,,1,30,,53571,27,,,1,70,,53568,27,,,1,32,,53572,27,,,1,567,,53569,27,,,1,100,,53570,27,,,1
700,'20260827',1607,,53586,27,,,1,100,,53587,27,,,1,30,,53591,27,,,1,70,,53588,27,,,1,32,,53592,27,,,1,567,,53589,27,,,1,100,,53590,27,,,1
700,'20260828',1607,,53606,27,,,1,100,,53607,27,,,1,30,,53611,27,,,1,70,,53608,27,,,1,32,,53612,27,,,1,567,,53609,27,,,1,100,,53610,27,,,1
700,'20260829',2206,,53625,27,,,1,100,,53626,27,,,1,100,,53627,27,,,1
700,'20260830',2206,,53640,27,,,1,100,,53641,27,,,1,100,,53642,27,,,1
700,'20260831',1607,,65285,27,,,1,100,,65286,27,,,1,30,,65289,27,,,1,70,,65287,27,,,1,32,,65290,27,,,1,567,,53659,27,,,1,100,,65288,27,,,1
700,'20260901',1607,,53676,27,,,1,100,,53677,27,,,1,30,,53681,27,,,1,70,,53678,27,,,1,32,,53682,27,,,1,567,,53679,27,,,1,100,,53680,27,,,1
700,'20260902',1607,,53696,27,,,1,100,,53697,27,,,1,30,,53701,27,,,1,70,,53698,27,,,1,32,,53702,27,,,1,567,,53699,27,,,1,100,,53700,27,,,1
700,'20260903',1607,,53716,27,,,1,100,,53717,27,,,1,30,,53721,27,,,1,70,,53718,27,,,1,32,,53722,27,,,1,567,,53719,27,,,1,100,,53720,27,,,1
700,'20260904',1607,,53736,27,,,1,100,,53737,27,,,1,30,,53741,27,,,1,70,,53738,27,,,1,32,,53742,27,,,1,567,,53739,27,,,1,100,,53740,27,,,1
701,'20260716',512,,54355,2,,,1,100,,54356,2,,,1,30,,54360,2,,,1,70,,54357,2,,,1,30,,54361,2,,,1,70,,54358,2,,,1,100,,54359,2,,,1
701,'20260717',512,,54374,2,,,1,100,,54375,2,,,1,30,,54379,2,,,1,70,,54376,2,,,1,30,,54380,2,,,1,70,,54377,2,,,1,100,,54378,2,,,1
701,'20260718',713,,54393,2,,,1,100,,54394,2,,,1,100,,54395,2,,,1
701,'20260719',713,,54408,2,,,1,100,,54409,2,,,1,100,,54410,2,,,1
701,'20260720',512,,54423,2,,,1,100,,54424,2,,,1,30,,54428,2,,,1,70,,54425,2,,,1,30,,54429,2,,,1,70,,54426,2,,,1,100,,54427,2,,,1
701,'20260721',512,,54442,2,,,1,100,,54443,2,,,1,30,,54447,2,,,1,70,,54444,2,,,1,30,,54448,2,,,1,70,,54445,2,,,1,100,,54446,2,,,1
701,'20260722',512,,54461,2,,,1,100,,54462,2,,,1,30,,54466,2,,,1,70,,54463,2,,,1,30,,54467,2,,,1,70,,54464,2,,,1,100,,54465,2,,,1
701,'20260723',512,,54480,2,,,1,100,,54481,2,,,1,30,,54485,2,,,1,70,,54482,2,,,1,30,,54486,2,,,1,70,,54483,2,,,1,100,,54484,2,,,1
701,'20260724',512,,54499,2,,,1,100,,54500,2,,,1,30,,54504,2,,,1,70,,54501,2,,,1,30,,54505,2,,,1,70,,54502,2,,,1,100,,54503,2,,,1
701,'20260725',713,,54518,2,,,1,100,,54519,2,,,1,100,,54520,2,,,1
701,'20260726',713,,54533,2,,,1,100,,54534,2,,,1,100,,54535,2,,,1
701,'20260727',512,,54548,2,,,1,100,,54549,2,,,1,30,,54553,2,,,1,70,,54550,2,,,1,30,,54554,2,,,1,70,,54551,2,,,1,100,,54552,2,,,1
701,'20260728',512,,54567,2,,,1,100,,54568,2,,,1,30,,54572,2,,,1,70,,54569,2,,,1,30,,54573,2,,,1,70,,54570,2,,,1,100,,54571,2,,,1
701,'20260729',512,,54586,2,,,1,100,,54587,2,,,1,30,,54591,2,,,1,70,,54588,2,,,1,30,,54592,2,,,1,70,,54589,2,,,1,100,,54590,2,,,1
701,'20260730',512,,54605,2,,,1,100,,54606,2,,,1,30,,54610,2,,,1,70,,54607,2,,,1,30,,54611,2,,,1,70,,54608,2,,,1,100,,54609,2,,,1
701,'20260731',512,,54624,2,,,1,100,,54625,2,,,1,30,,54629,2,,,1,70,,54626,2,,,1,30,,54630,2,,,1,70,,54627,2,,,1,100,,54628,2,,,1
701,'20260801',713,,54643,2,,,1,100,,54644,2,,,1,100,,54645,2,,,1
701,'20260802',713,,54658,2,,,1,100,,54659,2,,,1,100,,54660,2,,,1
701,'20260803',713,,54675,2,,,1,100,,54676,2,,,1,100,,54677,2,,,1
701,'20260804',512,,54692,2,,,1,100,,54693,2,,,1,30,,54697,2,,,1,70,,54694,2,,,1,30,,54698,2,,,1,70,,54695,2,,,1,100,,54696,2,,,1
701,'20260805',512,,54711,2,,,1,100,,54712,2,,,1,30,,54716,2,,,1,70,,54713,2,,,1,30,,54717,2,,,1,70,,54714,2,,,1,100,,54715,2,,,1
701,'20260806',512,,54730,2,,,1,100,,54731,2,,,1,30,,54735,2,,,1,70,,54732,2,,,1,30,,54736,2,,,1,70,,54733,2,,,1,100,,54734,2,,,1
701,'20260807',512,,54749,2,,,1,100,,54750,2,,,1,30,,54754,2,,,1,70,,54751,2,,,1,30,,54755,2,,,1,70,,54752,2,,,1,100,,54753,2,,,1
701,'20260808',713,,54768,2,,,1,100,,54769,2,,,1,100,,54770,2,,,1
701,'20260809',713,,54783,2,,,1,100,,54784,2,,,1,100,,54785,2,,,1
701,'20260810',512,,65294,2,,,1,100,,65295,2,,,1,30,,65296,2,,,1,70,,54800,2,,,1,30,,65297,2,,,1,70,,54801,2,,,1,100,,54802,2,,,1
701,'20260811',512,,54817,2,,,1,100,,54818,2,,,1,30,,54822,2,,,1,70,,54819,2,,,1,30,,54823,2,,,1,70,,54820,2,,,1,100,,54821,2,,,1
701,'20260812',512,,54836,2,,,1,100,,54837,2,,,1,30,,54841,2,,,1,70,,54838,2,,,1,30,,54842,2,,,1,70,,54839,2,,,1,100,,54840,2,,,1
701,'20260813',512,,54855,2,,,1,100,,54856,2,,,1,30,,54860,2,,,1,70,,54857,2,,,1,30,,54861,2,,,1,70,,54858,2,,,1,100,,54859,2,,,1
701,'20260814',512,,54874,2,,,1,100,,54875,2,,,1,30,,54879,2,,,1,70,,54876,2,,,1,30,,54880,2,,,1,70,,54877,2,,,1,100,,54878,2,,,1
701,'20260815',713,,54893,2,,,1,100,,54894,2,,,1,100,,54895,2,,,1
701,'20260816',713,,54908,2,,,1,100,,54909,2,,,1,100,,54910,2,,,1
701,'20260817',512,,65301,2,,,1,100,,65302,2,,,1,30,,65303,2,,,1,70,,54925,2,,,1,30,,65304,2,,,1,70,,54926,2,,,1,100,,54927,2,,,1
701,'20260818',512,,54942,2,,,1,100,,54943,2,,,1,30,,54947,2,,,1,70,,54944,2,,,1,30,,54948,2,,,1,70,,54945,2,,,1,100,,54946,2,,,1
701,'20260819',512,,54961,2,,,1,100,,54962,2,,,1,30,,54966,2,,,1,70,,54963,2,,,1,30,,54967,2,,,1,70,,54964,2,,,1,100,,54965,2,,,1
701,'20260820',512,,54980,2,,,1,100,,54981,2,,,1,30,,54985,2,,,1,70,,54982,2,,,1,30,,54986,2,,,1,70,,54983,2,,,1,100,,54984,2,,,1
701,'20260821',512,,54999,2,,,1,100,,55000,2,,,1,30,,55004,2,,,1,70,,55001,2,,,1,30,,55005,2,,,1,70,,55002,2,,,1,100,,55003,2,,,1
701,'20260822',713,,55018,2,,,1,100,,55019,2,,,1,100,,55020,2,,,1
701,'20260823',713,,55033,2,,,1,100,,55034,2,,,1,100,,55035,2,,,1
701,'20260824',512,,65308,2,,,1,100,,65309,2,,,1,30,,65310,2,,,1,70,,55050,2,,,1,30,,65311,2,,,1,70,,55051,2,,,1,100,,55052,2,,,1
701,'20260825',512,,55067,2,,,1,100,,55068,2,,,1,30,,55072,2,,,1,70,,55069,2,,,1,30,,55073,2,,,1,70,,55070,2,,,1,100,,55071,2,,,1
701,'20260826',512,,55086,2,,,1,100,,55087,2,,,1,30,,55091,2,,,1,70,,55088,2,,,1,30,,55092,2,,,1,70,,55089,2,,,1,100,,55090,2,,,1
701,'20260827',512,,55105,2,,,1,100,,55106,2,,,1,30,,55110,2,,,1,70,,55107,2,,,1,30,,55111,2,,,1,70,,55108,2,,,1,100,,55109,2,,,1
701,'20260828',512,,55124,2,,,1,100,,55125,2,,,1,30,,55129,2,,,1,70,,55126,2,,,1,30,,55130,2,,,1,70,,55127,2,,,1,100,,55128,2,,,1
701,'20260829',713,,55143,2,,,1,100,,55144,2,,,1,100,,55145,2,,,1
701,'20260830',713,,55158,2,,,1,100,,55159,2,,,1,100,,55160,2,,,1
701,'20260831',512,,65315,2,,,1,100,,65316,2,,,1,30,,65317,2,,,1,70,,55175,2,,,1,30,,65318,2,,,1,70,,55176,2,,,1,100,,55177,2,,,1
701,'20260901',512,,55192,2,,,1,100,,55193,2,,,1,30,,55197,2,,,1,70,,55194,2,,,1,30,,55198,2,,,1,70,,55195,2,,,1,100,,55196,2,,,1
701,'20260902',512,,55211,2,,,1,100,,55212,2,,,1,30,,55216,2,,,1,70,,55213,2,,,1,30,,55217,2,,,1,70,,55214,2,,,1,100,,55215,2,,,1
701,'20260903',512,,55230,2,,,1,100,,55231,2,,,1,30,,55235,2,,,1,70,,55232,2,,,1,30,,55236,2,,,1,70,,55233,2,,,1,100,,55234,2,,,1
701,'20260904',512,,55249,2,,,1,100,,55250,2,,,1,30,,55254,2,,,1,70,,55251,2,,,1,30,,55255,2,,,1,70,,55252,2,,,1,100,,55253,2,,,1
