300,'20260305',712,,13569,4,,1,30,,13554,4,,1,70,,13570,4,,1,30,,13555,4,,1,70,,13571,4,,1,30,,13556,4,,1,69,,13586,,,1,31,,13557,4,,1,69,,13573,0,20 24,1,31,,13558,4,,1,69,,13574,0,20 24,1,31,,13559,4,,1,69,,13587,,,1,31,,13560,4,,1,69,,13575,0,20 24,1,31,,13561,4,,1,69,,13576,0,20 24,1,31,,13562,4,,1,69,,13588,,,1,31,,13563,4,,1,7,,13583,,,1,62,,13581,0,25,1,9,,13591,,,1,21,,13582,0,25,1,9,,13584,,,1,62,,13572,4,,1,9,,13592,,,1,21,,13564,4,,1,6,,13585,,,1,63,,13577,0,20 24,1,31,,13565,4,,1,69,,13578,0,20 24,1,31,,13566,4,,1,69,,13579,0,20 24,1,31,,13567,4,,1,69,,13589,,,1,31,,13568,4,,1,69,,13590,,,1,100,,13580,0,20 24,1
300,'20260306',712,,13608,4,,1,30,,13593,4,,1,70,,13609,4,,1,30,,13594,4,,1,70,,13610,4,,1,30,,13595,4,,1,69,,13625,,,1,31,,13596,4,,1,69,,13612,0,20 24,1,31,,13597,4,,1,69,,13613,0,20 24,1,31,,13598,4,,1,69,,13626,,,1,31,,13599,4,,1,69,,13614,0,20 24,1,31,,13600,4,,1,69,,13615,0,20 24,1,31,,13601,4,,1,69,,13627,,,1,31,,13602,4,,1,7,,13622,,,1,62,,13620,0,25,1,9,,13630,,,1,21,,13621,0,25,1,9,,13623,,,1,62,,13611,4,,1,9,,13631,,,1,21,,13603,4,,1,6,,13624,,,1,63,,13616,0,20 24,1,31,,13604,4,,1,69,,13617,0,20 24,1,31,,13605,4,,1,69,,13618,0,20 24,1,31,,13606,4,,1,69,,13628,,,1,31,,13607,4,,1,69,,13629,,,1,100,,13619,0,20 24,1
300,'20260307',923,,13641,0,20 24,1,100,,13642,0,20 24,1,100,,13643,0,20 24,1,100,,13644,0,20 24,1,100,,13645,0,20 24,1,100,,13646,0,20 24,1,100,,13647,0,20 24,1,31,,13632,4,,1,69,,13648,0,20 24,1,31,,13633,4,,1,69,,13655,,,1,31,,13634,4,,1,69,,13649,0,20 24,1,31,,13635,4,,1,69,,13650,0,20 24,1,31,,13636,4,,1,69,,13651,0,20 24,1,31,,13637,4,,1,69,,13652,0,20 24,1,31,,13638,4,,1,69,,13653,0,20 24,1,31,,13639,4,,1,69,,13656,,,1,31,,13640,4,,1,69,,13654,0,20 24,1
300,'20260308',923,,13666,0,20 24,1,100,,13667,0,20 24,1,100,,13668,0,20 24,1,100,,13669,0,20 24,1,100,,13670,0,20 24,1,100,,13671,0,20 24,1,100,,13672,0,20 24,1,31,,13657,4,,1,69,,13673,0,20 24,1,31,,13658,4,,1,69,,13680,,,1,31,,13659,4,,1,69,,13674,0,20 24,1,31,,13660,4,,1,69,,13675,0,20 24,1,31,,13661,4,,1,69,,13676,0,20 24,1,31,,13662,4,,1,69,,13677,0,20 24,1,31,,13663,4,,1,69,,13678,0,20 24,1,31,,13664,4,,1,69,,13681,,,1,31,,13665,4,,1,69,,13679,0,20 24,1
300,'20260309',712,,13697,4,,1,30,,13682,4,,1,70,,13698,4,,1,30,,13683,4,,1,70,,13699,4,,1,30,,13684,4,,1,69,,13714,,,1,31,,13685,4,,1,69,,13701,0,20 24,1,31,,13686,4,,1,69,,13702,0,20 24,1,31,,13687,4,,1,69,,13715,,,1,31,,13688,4,,1,69,,13703,0,20 24,1,31,,13689,4,,1,69,,13704,0,20 24,1,31,,13690,4,,1,69,,13716,,,1,31,,13691,4,,1,7,,13711,,,1,62,,13709,0,25,1,9,,13719,,,1,21,,13710,0,25,1,9,,13712,,,1,62,,13700,4,,1,9,,13720,,,1,21,,13692,4,,1,6,,13713,,,1,63,,13705,0,20 24,1,31,,13693,4,,1,69,,13706,0,20 24,1,31,,13694,4,,1,69,,13707,0,20 24,1,31,,13695,4,,1,69,,13717,,,1,31,,13696,4,,1,69,,13718,,,1,100,,13708,0,20 24,1
300,'20260310',712,,13736,4,,1,30,,13721,4,,1,70,,13737,4,,1,30,,13722,4,,1,70,,13738,4,,1,30,,13723,4,,1,69,,13753,,,1,31,,13724,4,,1,69,,13740,0,20 24,1,31,,13725,4,,1,69,,13741,0,20 24,1,31,,13726,4,,1,69,,13754,,,1,31,,13727,4,,1,69,,13742,0,20 24,1,31,,13728,4,,1,69,,13743,0,20 24,1,31,,13729,4,,1,69,,13755,,,1,31,,13730,4,,1,7,,13750,,,1,62,,13748,0,25,1,9,,13758,,,1,21,,13749,0,25,1,9,,13751,,,1,62,,13739,4,,1,9,,13759,,,1,21,,13731,4,,1,6,,13752,,,1,63,,13744,0,20 24,1,31,,13732,4,,1,69,,13745,0,20 24,1,31,,13733,4,,1,69,,13746,0,20 24,1,31,,13734,4,,1,69,,13756,,,1,31,,13735,4,,1,69,,13757,,,1,100,,13747,0,20 24,1
300,'20260311',712,,13775,4,,1,30,,13760,4,,1,70,,13776,4,,1,30,,13761,4,,1,70,,13777,4,,1,30,,13762,4,,1,69,,13792,,,1,31,,13763,4,,1,69,,13779,0,20 24,1,31,,13764,4,,1,69,,13780,0,20 24,1,31,,13765,4,,1,69,,13793,,,1,31,,13766,4,,1,69,,13781,0,20 24,1,31,,13767,4,,1,69,,13782,0,20 24,1,31,,13768,4,,1,69,,13794,,,1,31,,13769,4,,1,7,,13789,,,1,62,,13787,0,25,1,9,,13797,,,1,21,,13788,0,25,1,9,,13790,,,1,62,,13778,4,,1,9,,13798,,,1,21,,13770,4,,1,6,,13791,,,1,63,,13783,0,20 24,1,31,,13771,4,,1,69,,13784,0,20 24,1,31,,13772,4,,1,69,,13785,0,20 24,1,31,,13773,4,,1,69,,13795,,,1,31,,13774,4,,1,69,,13796,,,1,100,,13786,0,20 24,1
300,'20260312',712,,13814,4,,1,30,,13799,4,,1,70,,13815,4,,1,30,,13800,4,,1,70,,13816,4,,1,30,,13801,4,,1,69,,13831,,,1,31,,13802,4,,1,69,,13818,0,20 24,1,31,,13803,4,,1,69,,13819,0,20 24,1,31,,13804,4,,1,69,,13832,,,1,31,,13805,4,,1,69,,13820,0,20 24,1,31,,13806,4,,1,69,,13821,0,20 24,1,31,,13807,4,,1,69,,13833,,,1,31,,13808,4,,1,7,,13828,,,1,62,,13826,0,25,1,9,,13836,,,1,21,,13827,0,25,1,9,,13829,,,1,62,,13817,4,,1,9,,13837,,,1,21,,13809,4,,1,6,,13830,,,1,63,,13822,0,20 24,1,31,,13810,4,,1,69,,13823,0,20 24,1,31,,13811,4,,1,69,,13824,0,20 24,1,31,,13812,4,,1,69,,13834,,,1,31,,13813,4,,1,69,,13835,,,1,100,,13825,0,20 24,1
300,'20260313',712,,13853,4,,1,30,,13838,4,,1,70,,13854,4,,1,30,,13839,4,,1,70,,13855,4,,1,30,,13840,4,,1,69,,13870,,,1,31,,13841,4,,1,69,,13857,0,20 24,1,31,,13842,4,,1,69,,13858,0,20 24,1,31,,13843,4,,1,69,,13871,,,1,31,,13844,4,,1,69,,13859,0,20 24,1,31,,13845,4,,1,69,,13860,0,20 24,1,31,,13846,4,,1,69,,13872,,,1,31,,13847,4,,1,7,,13867,,,1,62,,13865,0,25,1,9,,13875,,,1,21,,13866,0,25,1,9,,13868,,,1,62,,13856,4,,1,9,,13876,,,1,21,,13848,4,,1,6,,13869,,,1,63,,13861,0,20 24,1,31,,13849,4,,1,69,,13862,0,20 24,1,31,,13850,4,,1,69,,13863,0,20 24,1,31,,13851,4,,1,69,,13873,,,1,31,,13852,4,,1,69,,13874,,,1,100,,13864,0,20 24,1
300,'20260314',923,,13886,0,20 24,1,100,,13887,0,20 24,1,100,,13888,0,20 24,1,100,,13889,0,20 24,1,100,,13890,0,20 24,1,100,,13891,0,20 24,1,100,,13892,0,20 24,1,31,,13877,4,,1,69,,13893,0,20 24,1,31,,13878,4,,1,69,,13900,,,1,31,,13879,4,,1,69,,13894,0,20 24,1,31,,13880,4,,1,69,,13895,0,20 24,1,31,,13881,4,,1,69,,13896,0,20 24,1,31,,13882,4,,1,69,,13897,0,20 24,1,31,,13883,4,,1,69,,13898,0,20 24,1,31,,13884,4,,1,69,,13901,,,1,31,,13885,4,,1,69,,13899,0,20 24,1
300,'20260315',923,,13911,0,20 24,1,100,,13912,0,20 24,1,100,,13913,0,20 24,1,100,,13914,0,20 24,1,100,,13915,0,20 24,1,100,,13916,0,20 24,1,100,,13917,0,20 24,1,31,,13902,4,,1,69,,13918,0,20 24,1,31,,13903,4,,1,69,,13925,,,1,31,,13904,4,,1,69,,13919,0,20 24,1,31,,13905,4,,1,69,,13920,0,20 24,1,31,,13906,4,,1,69,,13921,0,20 24,1,31,,13907,4,,1,69,,13922,0,20 24,1,31,,13908,4,,1,69,,13923,0,20 24,1,31,,13909,4,,1,69,,13926,,,1,31,,13910,4,,1,69,,13924,0,20 24,1
300,'20260316',712,,13942,4,,1,30,,13927,4,,1,70,,13943,4,,1,30,,13928,4,,1,70,,13944,4,,1,30,,13929,4,,1,69,,13959,,,1,31,,13930,4,,1,69,,13946,0,20 24,1,31,,13931,4,,1,69,,13947,0,20 24,1,31,,13932,4,,1,69,,13960,,,1,31,,13933,4,,1,69,,13948,0,20 24,1,31,,13934,4,,1,69,,13949,0,20 24,1,31,,13935,4,,1,69,,13961,,,1,31,,13936,4,,1,7,,13956,,,1,62,,13954,0,25,1,9,,13964,,,1,21,,13955,0,25,1,9,,13957,,,1,62,,13945,4,,1,9,,13965,,,1,21,,13937,4,,1,6,,13958,,,1,63,,13950,0,20 24,1,31,,13938,4,,1,69,,13951,0,20 24,1,31,,13939,4,,1,69,,13952,0,20 24,1,31,,13940,4,,1,69,,13962,,,1,31,,13941,4,,1,69,,13963,,,1,100,,13953,0,20 24,1
300,'20260317',712,,13981,4,,1,30,,13966,4,,1,70,,13982,4,,1,30,,13967,4,,1,70,,13983,4,,1,30,,13968,4,,1,69,,13998,,,1,31,,13969,4,,1,69,,13985,0,20 24,1,31,,13970,4,,1,69,,13986,0,20 24,1,31,,13971,4,,1,69,,13999,,,1,31,,13972,4,,1,69,,13987,0,20 24,1,31,,13973,4,,1,69,,13988,0,20 24,1,31,,13974,4,,1,69,,14000,,,1,31,,13975,4,,1,7,,13995,,,1,62,,13993,0,25,1,9,,14003,,,1,21,,13994,0,25,1,9,,13996,,,1,62,,13984,4,,1,9,,14004,,,1,21,,13976,4,,1,6,,13997,,,1,63,,13989,0,20 24,1,31,,13977,4,,1,69,,13990,0,20 24,1,31,,13978,4,,1,69,,13991,0,20 24,1,31,,13979,4,,1,69,,14001,,,1,31,,13980,4,,1,69,,14002,,,1,100,,13992,0,20 24,1
300,'20260318',712,,14020,4,,1,30,,14005,4,,1,70,,14021,4,,1,30,,14006,4,,1,70,,14022,4,,1,30,,14007,4,,1,69,,14037,,,1,31,,14008,4,,1,69,,14024,0,20 24,1,31,,14009,4,,1,69,,14025,0,20 24,1,31,,14010,4,,1,69,,14038,,,1,31,,14011,4,,1,69,,14026,0,20 24,1,31,,14012,4,,1,69,,14027,0,20 24,1,31,,14013,4,,1,69,,14039,,,1,31,,14014,4,,1,7,,14034,,,1,62,,14032,0,25,1,9,,14042,,,1,21,,14033,0,25,1,9,,14035,,,1,62,,14023,4,,1,9,,14043,,,1,21,,14015,4,,1,6,,14036,,,1,63,,14028,0,20 24,1,31,,14016,4,,1,69,,14029,0,20 24,1,31,,14017,4,,1,69,,14030,0,20 24,1,31,,14018,4,,1,69,,14040,,,1,31,,14019,4,,1,69,,14041,,,1,100,,14031,0,20 24,1
300,'20260319',712,,14059,4,,1,30,,14044,4,,1,70,,14060,4,,1,30,,14045,4,,1,70,,14061,4,,1,30,,14046,4,,1,69,,14076,,,1,31,,14047,4,,1,69,,14063,0,20 24,1,31,,14048,4,,1,69,,14064,0,20 24,1,31,,14049,4,,1,69,,14077,,,1,31,,14050,4,,1,69,,14065,0,20 24,1,31,,14051,4,,1,69,,14066,0,20 24,1,31,,14052,4,,1,69,,14078,,,1,31,,14053,4,,1,7,,14073,,,1,62,,14071,0,25,1,9,,14081,,,1,21,,14072,0,25,1,9,,14074,,,1,62,,14062,4,,1,9,,14082,,,1,21,,14054,4,,1,6,,14075,,,1,63,,14067,0,20 24,1,31,,14055,4,,1,69,,14068,0,20 24,1,31,,14056,4,,1,69,,14069,0,20 24,1,31,,14057,4,,1,69,,14079,,,1,31,,14058,4,,1,69,,14080,,,1,100,,14070,0,20 24,1
300,'20260320',712,,14098,4,,1,30,,14083,4,,1,70,,14099,4,,1,30,,14084,4,,1,70,,14100,4,,1,30,,14085,4,,1,69,,14115,,,1,31,,14086,4,,1,69,,14102,0,20 24,1,31,,14087,4,,1,69,,14103,0,20 24,1,31,,14088,4,,1,69,,14116,,,1,31,,14089,4,,1,69,,14104,0,20 24,1,31,,14090,4,,1,69,,14105,0,20 24,1,31,,14091,4,,1,69,,14117,,,1,31,,14092,4,,1,7,,14112,,,1,62,,14110,0,25,1,9,,14120,,,1,21,,14111,0,25,1,9,,14113,,,1,62,,14101,4,,1,9,,14121,,,1,21,,14093,4,,1,6,,14114,,,1,63,,14106,0,20 24,1,31,,14094,4,,1,69,,14107,0,20 24,1,31,,14095,4,,1,69,,14108,0,20 24,1,31,,14096,4,,1,69,,14118,,,1,31,,14097,4,,1,69,,14119,,,1,100,,14109,0,20 24,1
300,'20260321',923,,14131,0,20 24,1,100,,14132,0,20 24,1,100,,14133,0,20 24,1,100,,14134,0,20 24,1,100,,14135,0,20 24,1,100,,14136,0,20 24,1,100,,14137,0,20 24,1,31,,14122,4,,1,69,,14138,0,20 24,1,31,,14123,4,,1,69,,14145,,,1,31,,14124,4,,1,69,,14139,0,20 24,1,31,,14125,4,,1,69,,14140,0,20 24,1,31,,14126,4,,1,69,,14141,0,20 24,1,31,,14127,4,,1,69,,14142,0,20 24,1,31,,14128,4,,1,69,,14143,0,20 24,1,31,,14129,4,,1,69,,14146,,,1,31,,14130,4,,1,69,,14144,0,20 24,1
300,'20260322',923,,14156,0,20 24,1,100,,14157,0,20 24,1,100,,14158,0,20 24,1,100,,14159,0,20 24,1,100,,14160,0,20 24,1,100,,14161,0,20 24,1,100,,14162,0,20 24,1,31,,14147,4,,1,69,,14163,0,20 24,1,31,,14148,4,,1,69,,14170,,,1,31,,14149,4,,1,69,,14164,0,20 24,1,31,,14150,4,,1,69,,14165,0,20 24,1,31,,14151,4,,1,69,,14166,0,20 24,1,31,,14152,4,,1,69,,14167,0,20 24,1,31,,14153,4,,1,69,,14168,0,20 24,1,31,,14154,4,,1,69,,14171,,,1,31,,14155,4,,1,69,,14169,0,20 24,1
300,'20260323',712,,14187,4,,1,30,,14172,4,,1,70,,14188,4,,1,30,,14173,4,,1,70,,14189,4,,1,30,,14174,4,,1,69,,14204,,,1,31,,14175,4,,1,69,,14191,0,20 24,1,31,,14176,4,,1,69,,14192,0,20 24,1,31,,14177,4,,1,69,,14205,,,1,31,,14178,4,,1,69,,14193,0,20 24,1,31,,14179,4,,1,69,,14194,0,20 24,1,31,,14180,4,,1,69,,14206,,,1,31,,14181,4,,1,7,,14201,,,1,62,,14199,0,25,1,9,,14209,,,1,21,,14200,0,25,1,9,,14202,,,1,62,,14190,4,,1,9,,14210,,,1,21,,14182,4,,1,6,,14203,,,1,63,,14195,0,20 24,1,31,,14183,4,,1,69,,14196,0,20 24,1,31,,14184,4,,1,69,,14197,0,20 24,1,31,,14185,4,,1,69,,14207,,,1,31,,14186,4,,1,69,,14208,,,1,100,,14198,0,20 24,1
300,'20260324',712,,14226,4,,1,30,,14211,4,,1,70,,14227,4,,1,30,,14212,4,,1,70,,14228,4,,1,30,,14213,4,,1,69,,14243,,,1,31,,14214,4,,1,69,,14230,0,20 24,1,31,,14215,4,,1,69,,14231,0,20 24,1,31,,14216,4,,1,69,,14244,,,1,31,,14217,4,,1,69,,14232,0,20 24,1,31,,14218,4,,1,69,,14233,0,20 24,1,31,,14219,4,,1,69,,14245,,,1,31,,14220,4,,1,7,,14240,,,1,62,,14238,0,25,1,9,,14248,,,1,21,,14239,0,25,1,9,,14241,,,1,62,,14229,4,,1,9,,14249,,,1,21,,14221,4,,1,6,,14242,,,1,63,,14234,0,20 24,1,31,,14222,4,,1,69,,14235,0,20 24,1,31,,14223,4,,1,69,,14236,0,20 24,1,31,,14224,4,,1,69,,14246,,,1,31,,14225,4,,1,69,,14247,,,1,100,,14237,0,20 24,1
300,'20260325',712,,14265,4,,1,30,,14250,4,,1,70,,14266,4,,1,30,,14251,4,,1,70,,14267,4,,1,30,,14252,4,,1,69,,14282,,,1,31,,14253,4,,1,69,,14269,0,20 24,1,31,,14254,4,,1,69,,14270,0,20 24,1,31,,14255,4,,1,69,,14283,,,1,31,,14256,4,,1,69,,14271,0,20 24,1,31,,14257,4,,1,69,,14272,0,20 24,1,31,,14258,4,,1,69,,14284,,,1,31,,14259,4,,1,7,,14279,,,1,62,,14277,0,25,1,9,,14287,,,1,21,,14278,0,25,1,9,,14280,,,1,62,,14268,4,,1,9,,14288,,,1,21,,14260,4,,1,6,,14281,,,1,63,,14273,0,20 24,1,31,,14261,4,,1,69,,14274,0,20 24,1,31,,14262,4,,1,69,,14275,0,20 24,1,31,,14263,4,,1,69,,14285,,,1,31,,14264,4,,1,69,,14286,,,1,100,,14276,0,20 24,1
300,'20260326',712,,14304,4,,1,30,,14289,4,,1,70,,14305,4,,1,30,,14290,4,,1,70,,14306,4,,1,30,,14291,4,,1,69,,14321,,,1,31,,14292,4,,1,69,,14308,0,20 24,1,31,,14293,4,,1,69,,14309,0,20 24,1,31,,14294,4,,1,69,,14322,,,1,31,,14295,4,,1,69,,14310,0,20 24,1,31,,14296,4,,1,69,,14311,0,20 24,1,31,,14297,4,,1,69,,14323,,,1,31,,14298,4,,1,7,,14318,,,1,62,,14316,0,25,1,9,,14326,,,1,21,,14317,0,25,1,9,,14319,,,1,62,,14307,4,,1,9,,14327,,,1,21,,14299,4,,1,6,,14320,,,1,63,,14312,0,20 24,1,31,,14300,4,,1,69,,14313,0,20 24,1,31,,14301,4,,1,69,,14314,0,20 24,1,31,,14302,4,,1,69,,14324,,,1,31,,14303,4,,1,69,,14325,,,1,100,,14315,0,20 24,1
300,'20260327',712,,14343,4,,1,30,,14328,4,,1,70,,14344,4,,1,30,,14329,4,,1,70,,14345,4,,1,30,,14330,4,,1,69,,14360,,,1,31,,14331,4,,1,69,,14347,0,20 24,1,31,,14332,4,,1,69,,14348,0,20 24,1,31,,14333,4,,1,69,,14361,,,1,31,,14334,4,,1,69,,14349,0,20 24,1,31,,14335,4,,1,69,,14350,0,20 24,1,31,,14336,4,,1,69,,14362,,,1,31,,14337,4,,1,7,,14357,,,1,62,,14355,0,25,1,9,,14365,,,1,21,,14356,0,25,1,9,,14358,,,1,62,,14346,4,,1,9,,14366,,,1,21,,14338,4,,1,6,,14359,,,1,63,,14351,0,20 24,1,31,,14339,4,,1,69,,14352,0,20 24,1,31,,14340,4,,1,69,,14353,0,20 24,1,31,,14341,4,,1,69,,14363,,,1,31,,14342,4,,1,69,,14364,,,1
300,'20260328',923,,14376,0,20 24,1,100,,14377,0,20 24,1,100,,14378,0,20 24,1,100,,14379,0,20 24,1,100,,14380,0,20 24,1,100,,14381,0,20 24,1,100,,14382,0,20 24,1,100,,14383,0,20 24,1,100,,14390,,,1,100,,14384,0,20 24,1,100,,14385,0,20 24,1,100,,14386,0,20 24,1,100,,14387,0,20 24,1,100,,14388,0,20 24,1,100,,14391,,,1
300,'20260329',923,,14401,0,20 24,1,100,,14402,0,20 24,1,100,,14403,0,20 24,1,100,,14404,0,20 24,1,100,,14405,0,20 24,1,100,,14406,0,20 24,1,100,,14407,0,20 24,1,100,,14408,0,20 24,1,100,,14415,,,1,100,,14409,0,20 24,1,100,,14410,0,20 24,1,100,,14411,0,20 24,1,100,,14412,0,20 24,1,100,,14413,0,20 24,1,100,,14416,,,1
300,'20260330',712,,14432,4,,1,30,,14417,4,,1,70,,14433,4,,1,30,,14418,4,,1,70,,14434,4,,1,30,,14419,4,,1,71,,14449,,,1,29,,14420,4,,1,71,,14436,0,20 24,1,29,,14421,4,,1,71,,14437,0,20 24,1,29,,14422,4,,1,71,,14450,,,1,29,,14423,4,,1,71,,14438,0,20 24,1,29,,14424,4,,1,71,,14439,0,20 24,1,29,,14425,4,,1,71,,14451,,,1,31,,14426,4,,1,7,,14446,,,1,62,,14444,0,25,1,9,,14454,,,1,21,,14445,0,25,1,9,,14447,,,1,60,,14435,4,,1,11,,14455,,,1,21,,14427,4,,1,6,,14448,,,1,63,,14440,0,20 24,1,29,,14428,4,,1,71,,14441,0,20 24,1,29,,14429,4,,1,71,,14442,0,20 24,1,29,,14430,4,,1,71,,14452,,,1,29,,14431,4,,1,71,,14453,,,1,100,,14443,0,20 24,1
300,'20260331',712,,14471,4,,1,30,,14456,4,,1,70,,14472,4,,1,30,,14457,4,,1,70,,14473,4,,1,30,,14458,4,,1,71,,14488,,,1,29,,14459,4,,1,71,,14475,0,20 24,1,29,,14460,4,,1,71,,14476,0,20 24,1,29,,14461,4,,1,71,,14489,,,1,29,,14462,4,,1,71,,14477,0,20 24,1,29,,14463,4,,1,71,,14478,0,20 24,1,29,,14464,4,,1,71,,14490,,,1,31,,14465,4,,1,7,,14485,,,1,62,,14483,0,25,1,9,,14493,,,1,21,,14484,0,25,1,9,,14486,,,1,60,,14474,4,,1,11,,14494,,,1,21,,14466,4,,1,6,,14487,,,1,63,,14479,0,20 24,1,29,,14467,4,,1,71,,14480,0,20 24,1,29,,14468,4,,1,71,,14481,0,20 24,1,29,,14469,4,,1,71,,14491,,,1,29,,14470,4,,1,71,,14492,,,1,100,,14482,0,20 24,1
300,'20260401',712,,14510,4,,1,30,,14495,4,,1,70,,14511,4,,1,30,,14496,4,,1,70,,14512,4,,1,30,,14497,4,,1,71,,14527,,,1,29,,14498,4,,1,71,,14514,0,20 24,1,29,,14499,4,,1,71,,14515,0,20 24,1,29,,14500,4,,1,71,,14528,,,1,29,,14501,4,,1,71,,14516,0,20 24,1,29,,14502,4,,1,71,,14517,0,20 24,1,29,,14503,4,,1,71,,14529,,,1,31,,14504,4,,1,7,,14524,,,1,62,,14522,0,25,1,9,,14532,,,1,21,,14523,0,25,1,9,,14525,,,1,60,,14513,4,,1,11,,14533,,,1,21,,14505,4,,1,6,,14526,,,1,63,,14518,0,20 24,1,29,,14506,4,,1,71,,14519,0,20 24,1,29,,14507,4,,1,71,,14520,0,20 24,1,29,,14508,4,,1,71,,14530,,,1,29,,14509,4,,1,71,,14531,,,1,100,,14521,0,20 24,1
300,'20260402',712,,14549,4,,1,30,,14534,4,,1,70,,14550,4,,1,30,,14535,4,,1,70,,14551,4,,1,30,,14536,4,,1,71,,14566,,,1,29,,14537,4,,1,71,,14553,0,20 24,1,29,,14538,4,,1,71,,14554,0,20 24,1,29,,14539,4,,1,71,,14567,,,1,29,,14540,4,,1,71,,14555,0,20 24,1,29,,14541,4,,1,71,,14556,0,20 24,1,29,,14542,4,,1,71,,14568,,,1,31,,14543,4,,1,7,,14563,,,1,62,,14561,0,25,1,9,,14571,,,1,21,,14562,0,25,1,9,,14564,,,1,60,,14552,4,,1,11,,14572,,,1,21,,14544,4,,1,6,,14565,,,1,63,,14557,0,20 24,1,29,,14545,4,,1,71,,14558,0,20 24,1,29,,14546,4,,1,71,,14559,0,20 24,1,29,,14547,4,,1,71,,14569,,,1,29,,14548,4,,1,71,,14570,,,1,100,,14560,0,20 24,1
300,'20260403',923,,36615,0,20 24,1,100,,36616,0,20 24,1,100,,14592,0,20 24,1,100,,14593,0,20 24,1,100,,36617,0,20 24,1,100,,14594,0,20 24,1,100,,14595,0,20 24,1,31,,36606,4,,1,69,,36618,0,20 24,1,31,,36607,4,,1,69,,36621,,,1,31,,36608,4,,1,69,,36619,0,20 24,1,31,,36609,4,,1,69,,14596,0,20 24,1,31,,36610,4,,1,69,,14597,0,20 24,1,31,,36611,4,,1,69,,14598,0,20 24,1,31,,36612,4,,1,69,,36620,0,20 24,1,31,,36613,4,,1,69,,14609,,,1,31,,36614,4,,1,69,,14599,0,20 24,1
300,'20260404',923,,14621,0,20 24,1,100,,14622,0,20 24,1,100,,14623,0,20 24,1,100,,14624,0,20 24,1,100,,14625,0,20 24,1,100,,14626,0,20 24,1,100,,14627,0,20 24,1,31,,14612,4,,1,69,,14628,0,20 24,1,31,,14613,4,,1,69,,14635,,,1,31,,14614,4,,1,69,,14629,0,20 24,1,31,,14615,4,,1,69,,14630,0,20 24,1,31,,14616,4,,1,69,,14631,0,20 24,1,31,,14617,4,,1,69,,14632,0,20 24,1,31,,14618,4,,1,69,,14633,0,20 24,1,31,,14619,4,,1,69,,14636,,,1,31,,14620,4,,1,69,,14634,0,20 24,1
300,'20260405',923,,14646,0,20 24,1,100,,14647,0,20 24,1,100,,14648,0,20 24,1,100,,14649,0,20 24,1,100,,14650,0,20 24,1,100,,14651,0,20 24,1,100,,14652,0,20 24,1,31,,14637,4,,1,69,,14653,0,20 24,1,31,,14638,4,,1,69,,14660,,,1,31,,14639,4,,1,69,,14654,0,20 24,1,31,,14640,4,,1,69,,14655,0,20 24,1,31,,14641,4,,1,69,,14656,0,20 24,1,31,,14642,4,,1,69,,14657,0,20 24,1,31,,14643,4,,1,69,,14658,0,20 24,1,31,,14644,4,,1,69,,14661,,,1,31,,14645,4,,1,69,,14659,0,20 24,1
300,'20260406',712,,14677,4,,1,30,,14662,4,,1,70,,14678,4,,1,30,,14663,4,,1,70,,14679,4,,1,30,,14664,4,,1,69,,14694,,,1,31,,14665,4,,1,69,,14681,0,20 24,1,31,,14666,4,,1,69,,14682,0,20 24,1,31,,14667,4,,1,69,,14695,,,1,31,,14668,4,,1,69,,14683,0,20 24,1,31,,14669,4,,1,69,,14684,0,20 24,1,31,,14670,4,,1,69,,14696,,,1,31,,14671,4,,1,7,,14691,,,1,62,,14689,0,25,1,9,,14699,,,1,21,,14690,0,25,1,9,,14692,,,1,62,,14680,4,,1,9,,14700,,,1,21,,14672,4,,1,6,,14693,,,1,63,,14685,0,20 24,1,31,,14673,4,,1,69,,14686,0,20 24,1,31,,14674,4,,1,69,,14687,0,20 24,1,31,,14675,4,,1,69,,14697,,,1,31,,14676,4,,1,69,,14698,,,1,100,,14688,0,20 24,1
300,'20260407',712,,14716,4,,1,30,,14701,4,,1,70,,14717,4,,1,30,,14702,4,,1,70,,14718,4,,1,30,,14703,4,,1,69,,14733,,,1,31,,14704,4,,1,69,,14720,0,20 24,1,31,,14705,4,,1,69,,14721,0,20 24,1,31,,14706,4,,1,69,,14734,,,1,31,,14707,4,,1,69,,14722,0,20 24,1,31,,14708,4,,1,69,,14723,0,20 24,1,31,,14709,4,,1,69,,14735,,,1,31,,14710,4,,1,7,,14730,,,1,62,,14728,0,25,1,9,,14738,,,1,21,,14729,0,25,1,9,,14731,,,1,62,,14719,4,,1,9,,14739,,,1,21,,14711,4,,1,6,,14732,,,1,63,,14724,0,20 24,1,31,,14712,4,,1,69,,14725,0,20 24,1,31,,14713,4,,1,69,,14726,0,20 24,1,31,,14714,4,,1,69,,14736,,,1,31,,14715,4,,1,69,,14737,,,1,100,,14727,0,20 24,1
300,'20260408',712,,14755,4,,1,30,,14740,4,,1,70,,14756,4,,1,30,,14741,4,,1,70,,14757,4,,1,30,,14742,4,,1,69,,14772,,,1,31,,14743,4,,1,69,,14759,0,20 24,1,31,,14744,4,,1,69,,14760,0,20 24,1,31,,14745,4,,1,69,,14773,,,1,31,,14746,4,,1,69,,14761,0,20 24,1,31,,14747,4,,1,69,,14762,0,20 24,1,31,,14748,4,,1,69,,14774,,,1,31,,14749,4,,1,7,,14769,,,1,62,,14767,0,25,1,9,,14777,,,1,21,,14768,0,25,1,9,,14770,,,1,62,,14758,4,,1,9,,14778,,,1,21,,14750,4,,1,6,,14771,,,1,63,,14763,0,20 24,1,31,,14751,4,,1,69,,14764,0,20 24,1,31,,14752,4,,1,69,,14765,0,20 24,1,31,,14753,4,,1,69,,14775,,,1,31,,14754,4,,1,69,,14776,,,1,100,,14766,0,20 24,1
300,'20260409',712,,14794,4,,1,30,,14779,4,,1,70,,14795,4,,1,30,,14780,4,,1,70,,14796,4,,1,30,,14781,4,,1,69,,14811,,,1,31,,14782,4,,1,69,,14798,0,20 24,1,31,,14783,4,,1,69,,14799,0,20 24,1,31,,14784,4,,1,69,,14812,,,1,31,,14785,4,,1,69,,14800,0,20 24,1,31,,14786,4,,1,69,,14801,0,20 24,1,31,,14787,4,,1,69,,14813,,,1,31,,14788,4,,1,7,,14808,,,1,62,,14806,0,25,1,9,,14816,,,1,21,,14807,0,25,1,9,,14809,,,1,62,,14797,4,,1,9,,14817,,,1,21,,14789,4,,1,6,,14810,,,1,63,,14802,0,20 24,1,31,,14790,4,,1,69,,14803,0,20 24,1,31,,14791,4,,1,69,,14804,0,20 24,1,31,,14792,4,,1,69,,14814,,,1,31,,14793,4,,1,69,,14815,,,1,100,,14805,0,20 24,1
300,'20260410',712,,14833,4,,1,30,,14818,4,,1,70,,14834,4,,1,30,,14819,4,,1,70,,14835,4,,1,30,,14820,4,,1,69,,14850,,,1,31,,14821,4,,1,69,,14837,0,20 24,1,31,,14822,4,,1,69,,14838,0,20 24,1,31,,14823,4,,1,69,,14851,,,1,31,,14824,4,,1,69,,14839,0,20 24,1,31,,14825,4,,1,69,,14840,0,20 24,1,31,,14826,4,,1,69,,14852,,,1,31,,14827,4,,1,7,,14847,,,1,62,,14845,0,25,1,9,,14855,,,1,21,,14846,0,25,1,9,,14848,,,1,62,,14836,4,,1,9,,14856,,,1,21,,14828,4,,1,6,,14849,,,1,63,,14841,0,20 24,1,31,,14829,4,,1,69,,14842,0,20 24,1,31,,14830,4,,1,69,,14843,0,20 24,1,31,,14831,4,,1,69,,14853,,,1,31,,14832,4,,1,69,,14854,,,1,100,,14844,0,20 24,1
300,'20260411',923,,14866,0,20 24,1,100,,14867,0,20 24,1,100,,14868,0,20 24,1,100,,14869,0,20 24,1,100,,14870,0,20 24,1,100,,14871,0,20 24,1,100,,14872,0,20 24,1,31,,14857,4,,1,69,,14873,0,20 24,1,31,,14858,4,,1,69,,14880,,,1,31,,14859,4,,1,69,,14874,0,20 24,1,31,,14860,4,,1,69,,14875,0,20 24,1,31,,14861,4,,1,69,,14876,0,20 24,1,31,,14862,4,,1,69,,14877,0,20 24,1,31,,14863,4,,1,69,,14878,0,20 24,1,31,,14864,4,,1,69,,14881,,,1,31,,14865,4,,1,69,,14879,0,20 24,1
300,'20260412',923,,14891,0,20 24,1,100,,14892,0,20 24,1,100,,14893,0,20 24,1,100,,14894,0,20 24,1,100,,14895,0,20 24,1,100,,14896,0,20 24,1,100,,14897,0,20 24,1,31,,14882,4,,1,69,,14898,0,20 24,1,31,,14883,4,,1,69,,14905,,,1,31,,14884,4,,1,69,,14899,0,20 24,1,31,,14885,4,,1,69,,14900,0,20 24,1,31,,14886,4,,1,69,,14901,0,20 24,1,31,,14887,4,,1,69,,14902,0,20 24,1,31,,14888,4,,1,69,,14903,0,20 24,1,31,,14889,4,,1,69,,14906,,,1,31,,14890,4,,1,69,,14904,0,20 24,1
300,'20260413',712,,14922,4,,1,30,,14907,4,,1,70,,14923,4,,1,30,,14908,4,,1,70,,14924,4,,1,30,,14909,4,,1,69,,14939,,,1,31,,14910,4,,1,69,,14926,0,20 24,1,31,,14911,4,,1,69,,14927,0,20 24,1,31,,14912,4,,1,69,,14940,,,1,31,,14913,4,,1,69,,14928,0,20 24,1,31,,14914,4,,1,69,,14929,0,20 24,1,31,,14915,4,,1,69,,14941,,,1,31,,14916,4,,1,7,,14936,,,1,62,,14934,0,25,1,9,,14944,,,1,21,,14935,0,25,1,9,,14937,,,1,62,,14925,4,,1,9,,14945,,,1,21,,14917,4,,1,6,,14938,,,1,63,,14930,0,20 24,1,31,,14918,4,,1,69,,14931,0,20 24,1,31,,14919,4,,1,69,,14932,0,20 24,1,31,,14920,4,,1,69,,14942,,,1,31,,14921,4,,1,69,,14943,,,1,100,,14933,0,20 24,1
300,'20260414',712,,14961,4,,1,30,,14946,4,,1,70,,14962,4,,1,30,,14947,4,,1,70,,14963,4,,1,30,,14948,4,,1,69,,14978,,,1,31,,14949,4,,1,69,,14965,0,20 24,1,31,,14950,4,,1,69,,14966,0,20 24,1,31,,14951,4,,1,69,,14979,,,1,31,,14952,4,,1,69,,14967,0,20 24,1,31,,14953,4,,1,69,,14968,0,20 24,1,31,,14954,4,,1,69,,14980,,,1,31,,14955,4,,1,7,,14975,,,1,62,,14973,0,25,1,9,,14983,,,1,21,,14974,0,25,1,9,,14976,,,1,62,,14964,4,,1,9,,14984,,,1,21,,14956,4,,1,6,,14977,,,1,63,,14969,0,20 24,1,31,,14957,4,,1,69,,14970,0,20 24,1,31,,14958,4,,1,69,,14971,0,20 24,1,31,,14959,4,,1,69,,14981,,,1,31,,14960,4,,1,69,,14982,,,1,100,,14972,0,20 24,1
300,'20260415',712,,15000,4,,1,30,,14985,4,,1,70,,15001,4,,1,30,,14986,4,,1,70,,15002,4,,1,30,,14987,4,,1,69,,15017,,,1,31,,14988,4,,1,69,,15004,0,20 24,1,31,,14989,4,,1,69,,15005,0,20 24,1,31,,14990,4,,1,69,,15018,,,1,31,,14991,4,,1,69,,15006,0,20 24,1,31,,14992,4,,1,69,,15007,0,20 24,1,31,,14993,4,,1,69,,15019,,,1,31,,14994,4,,1,7,,15014,,,1,62,,15012,0,25,1,9,,15022,,,1,21,,15013,0,25,1,9,,15015,,,1,62,,15003,4,,1,9,,15023,,,1,21,,14995,4,,1,6,,15016,,,1,63,,15008,0,20 24,1,31,,14996,4,,1,69,,15009,0,20 24,1,31,,14997,4,,1,69,,15010,0,20 24,1,31,,14998,4,,1,69,,15020,,,1,31,,14999,4,,1,69,,15021,,,1,100,,15011,0,20 24,1
300,'20260416',712,,15039,4,,1,30,,15024,4,,1,70,,15040,4,,1,30,,15025,4,,1,70,,15041,4,,1,30,,15026,4,,1,69,,15056,,,1,31,,15027,4,,1,69,,15043,0,20 24,1,31,,15028,4,,1,69,,15044,0,20 24,1,31,,15029,4,,1,69,,15057,,,1,31,,15030,4,,1,69,,15045,0,20 24,1,31,,15031,4,,1,69,,15046,0,20 24,1,31,,15032,4,,1,69,,15058,,,1,31,,15033,4,,1,7,,15053,,,1,62,,15051,0,25,1,9,,15061,,,1,21,,15052,0,25,1,9,,15054,,,1,62,,15042,4,,1,9,,15062,,,1,21,,15034,4,,1,6,,15055,,,1,63,,15047,0,20 24,1,31,,15035,4,,1,69,,15048,0,20 24,1,31,,15036,4,,1,69,,15049,0,20 24,1,31,,15037,4,,1,69,,15059,,,1,31,,15038,4,,1,69,,15060,,,1,100,,15050,0,20 24,1
300,'20260417',712,,15078,4,,1,30,,15063,4,,1,70,,15079,4,,1,30,,15064,4,,1,70,,15080,4,,1,30,,15065,4,,1,69,,15095,,,1,31,,15066,4,,1,69,,15082,0,20 24,1,31,,15067,4,,1,69,,15083,0,20 24,1,31,,15068,4,,1,69,,15096,,,1,31,,15069,4,,1,69,,15084,0,20 24,1,31,,15070,4,,1,69,,15085,0,20 24,1,31,,15071,4,,1,69,,15097,,,1,31,,15072,4,,1,7,,15092,,,1,62,,15090,0,25,1,9,,15100,,,1,21,,15091,0,25,1,9,,15093,,,1,62,,15081,4,,1,9,,15101,,,1,21,,15073,4,,1,6,,15094,,,1,63,,15086,0,20 24,1,31,,15074,4,,1,69,,15087,0,20 24,1,31,,15075,4,,1,69,,15088,0,20 24,1,31,,15076,4,,1,69,,15098,,,1,31,,15077,4,,1,69,,15099,,,1,100,,15089,0,20 24,1
300,'20260418',923,,15111,0,20 24,1,100,,15112,0,20 24,1,100,,15113,0,20 24,1,100,,15114,0,20 24,1,100,,15115,0,20 24,1,100,,15116,0,20 24,1,100,,15117,0,20 24,1,31,,15102,4,,1,69,,15118,0,20 24,1,31,,15103,4,,1,69,,15125,,,1,31,,15104,4,,1,69,,15119,0,20 24,1,31,,15105,4,,1,69,,15120,0,20 24,1,31,,15106,4,,1,69,,15121,0,20 24,1,31,,15107,4,,1,69,,15122,0,20 24,1,31,,15108,4,,1,69,,15123,0,20 24,1,31,,15109,4,,1,69,,15126,,,1,31,,15110,4,,1,69,,15124,0,20 24,1
300,'20260419',923,,15136,0,20 24,1,100,,15137,0,20 24,1,100,,15138,0,20 24,1,100,,15139,0,20 24,1,100,,15140,0,20 24,1,100,,15141,0,20 24,1,100,,15142,0,20 24,1,31,,15127,4,,1,69,,15143,0,20 24,1,31,,15128,4,,1,69,,15150,,,1,31,,15129,4,,1,69,,15144,0,20 24,1,31,,15130,4,,1,69,,15145,0,20 24,1,31,,15131,4,,1,69,,15146,0,20 24,1,31,,15132,4,,1,69,,15147,0,20 24,1,31,,15133,4,,1,69,,15148,0,20 24,1,31,,15134,4,,1,69,,15151,,,1,31,,15135,4,,1,69,,15149,0,20 24,1
300,'20260420',712,,15167,4,,1,30,,15152,4,,1,70,,15168,4,,1,30,,15153,4,,1,70,,15169,4,,1,30,,15154,4,,1,69,,15184,,,1,31,,15155,4,,1,69,,15171,0,20 24,1,31,,15156,4,,1,69,,15172,0,20 24,1,31,,15157,4,,1,69,,15185,,,1,31,,15158,4,,1,69,,15173,0,20 24,1,31,,15159,4,,1,69,,15174,0,20 24,1,31,,15160,4,,1,69,,15186,,,1,31,,15161,4,,1,7,,15181,,,1,62,,15179,0,25,1,9,,15189,,,1,21,,15180,0,25,1,9,,15182,,,1,62,,15170,4,,1,9,,15190,,,1,21,,15162,4,,1,6,,15183,,,1,63,,15175,0,20 24,1,31,,15163,4,,1,69,,15176,0,20 24,1,31,,15164,4,,1,69,,15177,0,20 24,1,31,,15165,4,,1,69,,15187,,,1,31,,15166,4,,1,69,,15188,,,1,100,,15178,0,20 24,1
300,'20260421',712,,15206,4,,1,30,,15191,4,,1,70,,15207,4,,1,30,,15192,4,,1,70,,15208,4,,1,30,,15193,4,,1,69,,15223,,,1,31,,15194,4,,1,69,,15210,0,20 24,1,31,,15195,4,,1,69,,15211,0,20 24,1,31,,15196,4,,1,69,,15224,,,1,31,,15197,4,,1,69,,15212,0,20 24,1,31,,15198,4,,1,69,,15213,0,20 24,1,31,,15199,4,,1,69,,15225,,,1,31,,15200,4,,1,7,,15220,,,1,62,,15218,0,25,1,9,,15228,,,1,21,,15219,0,25,1,9,,15221,,,1,62,,15209,4,,1,9,,15229,,,1,21,,15201,4,,1,6,,15222,,,1,63,,15214,0,20 24,1,31,,15202,4,,1,69,,15215,0,20 24,1,31,,15203,4,,1,69,,15216,0,20 24,1,31,,15204,4,,1,69,,15226,,,1,31,,15205,4,,1,69,,15227,,,1,100,,15217,0,20 24,1
300,'20260422',712,,15245,4,,1,30,,15230,4,,1,70,,15246,4,,1,30,,15231,4,,1,70,,15247,4,,1,30,,15232,4,,1,69,,15262,,,1,31,,15233,4,,1,69,,15249,0,20 24,1,31,,15234,4,,1,69,,15250,0,20 24,1,31,,15235,4,,1,69,,15263,,,1,31,,15236,4,,1,69,,15251,0,20 24,1,31,,15237,4,,1,69,,15252,0,20 24,1,31,,15238,4,,1,69,,15264,,,1,31,,15239,4,,1,7,,15259,,,1,62,,15257,0,25,1,9,,15267,,,1,21,,15258,0,25,1,9,,15260,,,1,62,,15248,4,,1,9,,15268,,,1,21,,15240,4,,1,6,,15261,,,1,63,,15253,0,20 24,1,31,,15241,4,,1,69,,15254,0,20 24,1,31,,15242,4,,1,69,,15255,0,20 24,1,31,,15243,4,,1,69,,15265,,,1,31,,15244,4,,1,69,,15266,,,1,100,,15256,0,20 24,1
300,'20260423',712,,15284,4,,1,30,,15269,4,,1,70,,15285,4,,1,30,,15270,4,,1,70,,15286,4,,1,30,,15271,4,,1,69,,15301,,,1,31,,15272,4,,1,69,,15288,0,20 24,1,31,,15273,4,,1,69,,15289,0,20 24,1,31,,15274,4,,1,69,,15302,,,1,31,,15275,4,,1,69,,15290,0,20 24,1,31,,15276,4,,1,69,,15291,0,20 24,1,31,,15277,4,,1,69,,15303,,,1,31,,15278,4,,1,7,,15298,,,1,62,,15296,0,25,1,9,,15306,,,1,21,,15297,0,25,1,9,,15299,,,1,62,,15287,4,,1,9,,15307,,,1,21,,15279,4,,1,6,,15300,,,1,63,,15292,0,20 24,1,31,,15280,4,,1,69,,15293,0,20 24,1,31,,15281,4,,1,69,,15294,0,20 24,1,31,,15282,4,,1,69,,15304,,,1,31,,15283,4,,1,69,,15305,,,1,100,,15295,0,20 24,1
300,'20260424',712,,15323,4,,1,30,,15308,4,,1,70,,15324,4,,1,30,,15309,4,,1,70,,15325,4,,1,30,,15310,4,,1,69,,15340,,,1,31,,15311,4,,1,69,,15327,0,20 24,1,31,,15312,4,,1,69,,15328,0,20 24,1,31,,15313,4,,1,69,,15341,,,1,31,,15314,4,,1,69,,15329,0,20 24,1,31,,15315,4,,1,69,,15330,0,20 24,1,31,,15316,4,,1,69,,15342,,,1,31,,15317,4,,1,7,,15337,,,1,62,,15335,0,25,1,9,,15345,,,1,21,,15336,0,25,1,9,,15338,,,1,62,,15326,4,,1,9,,15346,,,1,21,,15318,4,,1,6,,15339,,,1,63,,15331,0,20 24,1,31,,15319,4,,1,69,,15332,0,20 24,1,31,,15320,4,,1,69,,15333,0,20 24,1,31,,15321,4,,1,69,,15343,,,1,31,,15322,4,,1,69,,15344,,,1,100,,15334,0,20 24,1
301,'20260305',558,,17403,,,1,70,,17405,,,1,22,,17404,,,1,6,,17392,,,1,64,,17411,,,1,6,,17376,,,1,24,,17406,,,1,6,,17393,,,1,64,,17412,,,1,6,,17377,,,1,24,,17407,,,1,6,,17394,,,1,64,,17413,,,1,6,,17378,,,1,22,,17414,,,1,8,,17395,,,1,70,,17379,,,1,74,,17397,,,1,26,,17380,,,1,74,,17398,,,1,26,,17381,,,1,74,,17408,,,1,26,,17382,,,1,74,,17399,,,1,26,,17383,,,1,74,,17400,,,1,26,,17384,,,1,74,,17409,,,1,28,,17385,,,1,100,,17386,,,1,100,,17387,,,1,30,,17396,,,1,142,,17401,,,1,26,,17388,,,1,74,,17402,,,1,26,,17389,,,1,74,,17410,,,1,26,,17390,,,1,100,,17391,,,1
301,'20260306',558,,17442,,,1,70,,17444,,,1,22,,17443,,,1,6,,17431,,,1,64,,17450,,,1,6,,17415,,,1,24,,17445,,,1,6,,17432,,,1,64,,17451,,,1,6,,17416,,,1,24,,17446,,,1,6,,17433,,,1,64,,17452,,,1,6,,17417,,,1,22,,17453,,,1,8,,17434,,,1,70,,17418,,,1,74,,17436,,,1,26,,17419,,,1,74,,17437,,,1,26,,17420,,,1,74,,17447,,,1,26,,17421,,,1,74,,17438,,,1,26,,17422,,,1,74,,17439,,,1,26,,17423,,,1,74,,17448,,,1,28,,17424,,,1,100,,17425,,,1,100,,17426,,,1,30,,17435,,,1,142,,17440,,,1,26,,17427,,,1,74,,17441,,,1,26,,17428,,,1,74,,17449,,,1,26,,17429,,,1,100,,17430,,,1
301,'20260307',800,,17463,,,1,100,,17477,,,1,100,,17464,,,1,100,,17465,,,1,100,,17466,,,1,100,,17467,,,1,100,,17468,,,1,28,,17454,,,1,72,,17469,,,1,28,,17455,,,1,72,,17470,,,1,28,,17456,,,1,72,,17478,,,1,28,,17457,,,1,72,,17471,,,1,28,,17458,,,1,72,,17472,,,1,28,,17459,,,1,72,,17473,,,1,28,,17460,,,1,72,,17474,,,1,28,,17461,,,1,72,,17475,,,1,28,,17462,,,1,72,,17476,,,1
301,'20260308',800,,17488,,,1,100,,17502,,,1,100,,17489,,,1,100,,17490,,,1,100,,17491,,,1,100,,17492,,,1,100,,17493,,,1,28,,17479,,,1,72,,17494,,,1,28,,17480,,,1,72,,17495,,,1,28,,17481,,,1,72,,17503,,,1,28,,17482,,,1,72,,17496,,,1,28,,17483,,,1,72,,17497,,,1,28,,17484,,,1,72,,17498,,,1,28,,17485,,,1,72,,17499,,,1,28,,17486,,,1,72,,17500,,,1,28,,17487,,,1,72,,17501,,,1
301,'20260309',558,,17531,,,1,70,,17533,,,1,22,,17532,,,1,6,,17520,,,1,64,,17539,,,1,6,,17504,,,1,24,,17534,,,1,6,,17521,,,1,64,,17540,,,1,6,,17505,,,1,24,,17535,,,1,6,,17522,,,1,64,,17541,,,1,6,,17506,,,1,22,,17542,,,1,8,,17523,,,1,70,,17507,,,1,74,,17525,,,1,26,,17508,,,1,74,,17526,,,1,26,,17509,,,1,74,,17536,,,1,26,,17510,,,1,74,,17527,,,1,26,,17511,,,1,74,,17528,,,1,26,,17512,,,1,74,,17537,,,1,28,,17513,,,1,100,,17514,,,1,100,,17515,,,1,30,,17524,,,1,142,,17529,,,1,26,,17516,,,1,74,,17530,,,1,26,,17517,,,1,74,,17538,,,1,26,,17518,,,1,100,,17519,,,1
301,'20260310',558,,17570,,,1,70,,17572,,,1,22,,17571,,,1,6,,17559,,,1,64,,17578,,,1,6,,17543,,,1,24,,17573,,,1,6,,17560,,,1,64,,17579,,,1,6,,17544,,,1,24,,17574,,,1,6,,17561,,,1,64,,17580,,,1,6,,17545,,,1,22,,17581,,,1,8,,17562,,,1,70,,17546,,,1,74,,17564,,,1,26,,17547,,,1,74,,17565,,,1,26,,17548,,,1,74,,17575,,,1,26,,17549,,,1,74,,17566,,,1,26,,17550,,,1,74,,17567,,,1,26,,17551,,,1,74,,17576,,,1,28,,17552,,,1,100,,17553,,,1,100,,17554,,,1,30,,17563,,,1,142,,17568,,,1,26,,17555,,,1,74,,17569,,,1,26,,17556,,,1,74,,17577,,,1,26,,17557,,,1,100,,17558,,,1
301,'20260311',558,,17609,,,1,70,,17611,,,1,22,,17610,,,1,6,,17598,,,1,64,,17617,,,1,6,,17582,,,1,24,,17612,,,1,6,,17599,,,1,64,,17618,,,1,6,,17583,,,1,24,,17613,,,1,6,,17600,,,1,64,,17619,,,1,6,,17584,,,1,22,,17620,,,1,8,,17601,,,1,70,,17585,,,1,74,,17603,,,1,26,,17586,,,1,74,,17604,,,1,26,,17587,,,1,74,,17614,,,1,26,,17588,,,1,74,,17605,,,1,26,,17589,,,1,74,,17606,,,1,26,,17590,,,1,74,,17615,,,1,28,,17591,,,1,100,,17592,,,1,100,,17593,,,1,30,,17602,,,1,142,,17607,,,1,26,,17594,,,1,74,,17608,,,1,26,,17595,,,1,74,,17616,,,1,26,,17596,,,1,100,,17597,,,1
301,'20260312',558,,17648,,,1,70,,17650,,,1,22,,17649,,,1,6,,17637,,,1,64,,17656,,,1,6,,17621,,,1,24,,17651,,,1,6,,17638,,,1,64,,17657,,,1,6,,17622,,,1,24,,17652,,,1,6,,17639,,,1,64,,17658,,,1,6,,17623,,,1,22,,17659,,,1,8,,17640,,,1,70,,17624,,,1,74,,17642,,,1,26,,17625,,,1,74,,17643,,,1,26,,17626,,,1,74,,17653,,,1,26,,17627,,,1,74,,17644,,,1,26,,17628,,,1,74,,17645,,,1,26,,17629,,,1,74,,17654,,,1,28,,17630,,,1,100,,17631,,,1,100,,17632,,,1,30,,17641,,,1,142,,17646,,,1,26,,17633,,,1,74,,17647,,,1,26,,17634,,,1,74,,17655,,,1,26,,17635,,,1,100,,17636,,,1
301,'20260313',558,,17687,,,1,70,,17689,,,1,22,,17688,,,1,6,,17676,,,1,64,,17695,,,1,6,,17660,,,1,24,,17690,,,1,6,,17677,,,1,64,,17696,,,1,6,,17661,,,1,24,,17691,,,1,6,,17678,,,1,64,,17697,,,1,6,,17662,,,1,22,,17698,,,1,8,,17679,,,1,70,,17663,,,1,74,,17681,,,1,26,,17664,,,1,74,,17682,,,1,26,,17665,,,1,74,,17692,,,1,26,,17666,,,1,74,,17683,,,1,26,,17667,,,1,74,,17684,,,1,26,,17668,,,1,74,,17693,,,1,28,,17669,,,1,100,,17670,,,1,100,,17671,,,1,30,,17680,,,1,142,,17685,,,1,26,,17672,,,1,74,,17686,,,1,26,,17673,,,1,74,,17694,,,1,26,,17674,,,1,100,,17675,,,1
301,'20260314',800,,17708,,,1,100,,17722,,,1,100,,17709,,,1,100,,17710,,,1,100,,17711,,,1,100,,17712,,,1,100,,17713,,,1,28,,17699,,,1,72,,17714,,,1,28,,17700,,,1,72,,17715,,,1,28,,17701,,,1,72,,17723,,,1,28,,17702,,,1,72,,17716,,,1,28,,17703,,,1,72,,17717,,,1,28,,17704,,,1,72,,17718,,,1,28,,17705,,,1,72,,17719,,,1,28,,17706,,,1,72,,17720,,,1,28,,17707,,,1,72,,17721,,,1
301,'20260315',800,,17733,,,1,100,,17747,,,1,100,,17734,,,1,100,,17735,,,1,100,,17736,,,1,100,,17737,,,1,100,,17738,,,1,28,,17724,,,1,72,,17739,,,1,28,,17725,,,1,72,,17740,,,1,28,,17726,,,1,72,,17748,,,1,28,,17727,,,1,72,,17741,,,1,28,,17728,,,1,72,,17742,,,1,28,,17729,,,1,72,,17743,,,1,28,,17730,,,1,72,,17744,,,1,28,,17731,,,1,72,,17745,,,1,28,,17732,,,1,72,,17746,,,1
301,'20260316',558,,17776,,,1,70,,17778,,,1,22,,17777,,,1,6,,17765,,,1,64,,17784,,,1,6,,17749,,,1,24,,17779,,,1,6,,17766,,,1,64,,17785,,,1,6,,17750,,,1,24,,17780,,,1,6,,17767,,,1,64,,17786,,,1,6,,17751,,,1,22,,17787,,,1,8,,17768,,,1,70,,17752,,,1,74,,17770,,,1,26,,17753,,,1,74,,17771,,,1,26,,17754,,,1,74,,17781,,,1,26,,17755,,,1,74,,17772,,,1,26,,17756,,,1,74,,17773,,,1,26,,17757,,,1,74,,17782,,,1,28,,17758,,,1,100,,17759,,,1,100,,17760,,,1,30,,17769,,,1,142,,17774,,,1,26,,17761,,,1,74,,17775,,,1,26,,17762,,,1,74,,17783,,,1,26,,17763,,,1,100,,17764,,,1
301,'20260317',558,,17815,,,1,70,,17817,,,1,22,,17816,,,1,6,,17804,,,1,64,,17823,,,1,6,,17788,,,1,24,,17818,,,1,6,,17805,,,1,64,,17824,,,1,6,,17789,,,1,24,,17819,,,1,6,,17806,,,1,64,,17825,,,1,6,,17790,,,1,22,,17826,,,1,8,,17807,,,1,70,,17791,,,1,74,,17809,,,1,26,,17792,,,1,74,,17810,,,1,26,,17793,,,1,74,,17820,,,1,26,,17794,,,1,74,,17811,,,1,26,,17795,,,1,74,,17812,,,1,26,,17796,,,1,74,,17821,,,1,28,,17797,,,1,100,,17798,,,1,100,,17799,,,1,30,,17808,,,1,142,,17813,,,1,26,,17800,,,1,74,,17814,,,1,26,,17801,,,1,74,,17822,,,1,26,,17802,,,1,100,,17803,,,1
301,'20260318',558,,17854,,,1,70,,17856,,,1,22,,17855,,,1,6,,17843,,,1,64,,17862,,,1,6,,17827,,,1,24,,17857,,,1,6,,17844,,,1,64,,17863,,,1,6,,17828,,,1,24,,17858,,,1,6,,17845,,,1,64,,17864,,,1,6,,17829,,,1,22,,17865,,,1,8,,17846,,,1,70,,17830,,,1,74,,17848,,,1,26,,17831,,,1,74,,17849,,,1,26,,17832,,,1,74,,17859,,,1,26,,17833,,,1,74,,17850,,,1,26,,17834,,,1,74,,17851,,,1,26,,17835,,,1,74,,17860,,,1,28,,17836,,,1,100,,17837,,,1,100,,17838,,,1,30,,17847,,,1,142,,17852,,,1,26,,17839,,,1,74,,17853,,,1,26,,17840,,,1,74,,17861,,,1,26,,17841,,,1,100,,17842,,,1
301,'20260319',558,,17893,,,1,70,,17895,,,1,22,,17894,,,1,6,,17882,,,1,64,,17901,,,1,6,,17866,,,1,24,,17896,,,1,6,,17883,,,1,64,,17902,,,1,6,,17867,,,1,24,,17897,,,1,6,,17884,,,1,64,,17903,,,1,6,,17868,,,1,22,,17904,,,1,8,,17885,,,1,70,,17869,,,1,74,,17887,,,1,26,,17870,,,1,74,,17888,,,1,26,,17871,,,1,74,,17898,,,1,26,,17872,,,1,74,,17889,,,1,26,,17873,,,1,74,,17890,,,1,26,,17874,,,1,74,,17899,,,1,28,,17875,,,1,100,,17876,,,1,100,,17877,,,1,30,,17886,,,1,142,,17891,,,1,26,,17878,,,1,74,,17892,,,1,26,,17879,,,1,74,,17900,,,1,26,,17880,,,1,100,,17881,,,1
301,'20260320',558,,17932,,,1,70,,17934,,,1,22,,17933,,,1,6,,17921,,,1,64,,17940,,,1,6,,17905,,,1,24,,17935,,,1,6,,17922,,,1,64,,17941,,,1,6,,17906,,,1,24,,17936,,,1,6,,17923,,,1,64,,17942,,,1,6,,17907,,,1,22,,17943,,,1,8,,17924,,,1,70,,17908,,,1,74,,17926,,,1,26,,17909,,,1,74,,17927,,,1,26,,17910,,,1,74,,17937,,,1,26,,17911,,,1,74,,17928,,,1,26,,17912,,,1,74,,17929,,,1,26,,17913,,,1,74,,17938,,,1,28,,17914,,,1,100,,17915,,,1,100,,17916,,,1,30,,17925,,,1,142,,17930,,,1,26,,17917,,,1,74,,17931,,,1,26,,17918,,,1,74,,17939,,,1,26,,17919,,,1,100,,17920,,,1
301,'20260321',800,,17953,,,1,100,,17967,,,1,100,,17954,,,1,100,,17955,,,1,100,,17956,,,1,100,,17957,,,1,100,,17958,,,1,28,,17944,,,1,72,,17959,,,1,28,,17945,,,1,72,,17960,,,1,28,,17946,,,1,72,,17968,,,1,28,,17947,,,1,72,,17961,,,1,28,,17948,,,1,72,,17962,,,1,28,,17949,,,1,72,,17963,,,1,28,,17950,,,1,72,,17964,,,1,28,,17951,,,1,72,,17965,,,1,28,,17952,,,1,72,,17966,,,1
301,'20260322',800,,17978,,,1,100,,17992,,,1,100,,17979,,,1,100,,17980,,,1,100,,17981,,,1,100,,17982,,,1,100,,17983,,,1,28,,17969,,,1,72,,17984,,,1,28,,17970,,,1,72,,17985,,,1,28,,17971,,,1,72,,17993,,,1,28,,17972,,,1,72,,17986,,,1,28,,17973,,,1,72,,17987,,,1,28,,17974,,,1,72,,17988,,,1,28,,17975,,,1,72,,17989,,,1,28,,17976,,,1,72,,17990,,,1,28,,17977,,,1,72,,17991,,,1
301,'20260323',558,,18021,,,1,70,,18023,,,1,22,,18022,,,1,6,,18010,,,1,64,,18029,,,1,6,,17994,,,1,24,,18024,,,1,6,,18011,,,1,64,,18030,,,1,6,,17995,,,1,24,,18025,,,1,6,,18012,,,1,64,,18031,,,1,6,,17996,,,1,22,,18032,,,1,8,,18013,,,1,70,,17997,,,1,74,,18015,,,1,26,,17998,,,1,74,,18016,,,1,26,,17999,,,1,74,,18026,,,1,26,,18000,,,1,74,,18017,,,1,26,,18001,,,1,74,,18018,,,1,26,,18002,,,1,74,,18027,,,1,28,,18003,,,1,100,,18004,,,1,100,,18005,,,1,30,,18014,,,1,142,,18019,,,1,26,,18006,,,1,74,,18020,,,1,26,,18007,,,1,74,,18028,,,1,26,,18008,,,1,100,,18009,,,1
301,'20260324',558,,18060,,,1,70,,18062,,,1,22,,18061,,,1,6,,18049,,,1,64,,18068,,,1,6,,18033,,,1,24,,18063,,,1,6,,18050,,,1,64,,18069,,,1,6,,18034,,,1,24,,18064,,,1,6,,18051,,,1,64,,18070,,,1,6,,18035,,,1,22,,18071,,,1,8,,18052,,,1,70,,18036,,,1,74,,18054,,,1,26,,18037,,,1,74,,18055,,,1,26,,18038,,,1,74,,18065,,,1,26,,18039,,,1,74,,18056,,,1,26,,18040,,,1,74,,18057,,,1,26,,18041,,,1,74,,18066,,,1,28,,18042,,,1,100,,18043,,,1,100,,18044,,,1,30,,18053,,,1,142,,18058,,,1,26,,18045,,,1,74,,18059,,,1,26,,18046,,,1,74,,18067,,,1,26,,18047,,,1,100,,18048,,,1
301,'20260325',558,,18099,,,1,70,,18101,,,1,22,,18100,,,1,6,,18088,,,1,64,,18107,,,1,6,,18072,,,1,24,,18102,,,1,6,,18089,,,1,64,,18108,,,1,6,,18073,,,1,24,,18103,,,1,6,,18090,,,1,64,,18109,,,1,6,,18074,,,1,22,,18110,,,1,8,,18091,,,1,70,,18075,,,1,74,,18093,,,1,26,,18076,,,1,74,,18094,,,1,26,,18077,,,1,74,,18104,,,1,26,,18078,,,1,74,,18095,,,1,26,,18079,,,1,74,,18096,,,1,26,,18080,,,1,74,,18105,,,1,28,,18081,,,1,100,,18082,,,1,100,,18083,,,1,30,,18092,,,1,142,,18097,,,1,26,,18084,,,1,74,,18098,,,1,26,,18085,,,1,74,,18106,,,1,26,,18086,,,1,100,,18087,,,1
301,'20260326',558,,18138,,,1,70,,18140,,,1,22,,18139,,,1,6,,18127,,,1,64,,18146,,,1,6,,18111,,,1,24,,18141,,,1,6,,18128,,,1,64,,18147,,,1,6,,18112,,,1,24,,18142,,,1,6,,18129,,,1,64,,18148,,,1,6,,18113,,,1,22,,18149,,,1,8,,18130,,,1,70,,18114,,,1,74,,18132,,,1,26,,18115,,,1,74,,18133,,,1,26,,18116,,,1,74,,18143,,,1,26,,18117,,,1,74,,18134,,,1,26,,18118,,,1,74,,18135,,,1,26,,18119,,,1,74,,18144,,,1,28,,18120,,,1,100,,18121,,,1,100,,18122,,,1,30,,18131,,,1,142,,18136,,,1,26,,18123,,,1,74,,18137,,,1,26,,18124,,,1,74,,18145,,,1,26,,18125,,,1,100,,18126,,,1
301,'20260327',558,,18177,,,1,70,,18179,,,1,22,,18178,,,1,6,,18166,,,1,64,,18185,,,1,6,,18150,,,1,24,,18180,,,1,6,,18167,,,1,64,,18186,,,1,6,,18151,,,1,24,,18181,,,1,6,,18168,,,1,64,,18187,,,1,6,,18152,,,1,22,,18188,,,1,8,,18169,,,1,70,,18153,,,1,74,,18171,,,1,26,,18154,,,1,74,,18172,,,1,26,,18155,,,1,74,,18182,,,1,26,,18156,,,1,74,,18173,,,1,26,,18157,,,1,74,,18174,,,1,26,,18158,,,1,74,,18183,,,1,28,,18159,,,1,100,,18160,,,1,100,,18161,,,1,30,,18170,,,1,142,,18175,,,1,26,,18162,,,1,74,,18176,,,1,26,,18163,,,1,74,,18184,,,1,26,,18164,,,1,100,,18165,,,1
301,'20260328',900,,18212,4,,1,100,,18199,4,,1,100,,18200,4,,1,100,,18201,4,,1,100,,18202,4,,1,100,,18203,4,,1,100,,18204,4,,1,100,,18205,4,,1,100,,18213,4,,1,100,,18206,4,,1,100,,18207,4,,1,100,,18208,4,,1,100,,18209,4,,1,100,,18210,4,,1,100,,18211,4,,1
301,'20260329',900,,18237,4,,1,100,,18224,4,,1,100,,18225,4,,1,100,,18226,4,,1,100,,18227,4,,1,100,,18228,4,,1,100,,18229,4,,1,100,,18230,4,,1,100,,18238,4,,1,100,,18231,4,,1,100,,18232,4,,1,100,,18233,4,,1,100,,18234,4,,1,100,,18235,4,,1,100,,18236,4,,1
301,'20260330',556,,18266,,,1,70,,18268,,,1,22,,18267,,,1,6,,18255,,,1,64,,18274,,,1,6,,18239,,,1,24,,18269,,,1,6,,18256,,,1,64,,18275,,,1,6,,18240,,,1,24,,18270,,,1,6,,18257,,,1,64,,18276,,,1,6,,18241,,,1,24,,18277,,,1,10,,18258,,,1,66,,18242,,,1,76,,18260,,,1,24,,18243,,,1,76,,18261,,,1,24,,18244,,,1,76,,18271,,,1,24,,18245,,,1,76,,18262,,,1,24,,18246,,,1,76,,18263,,,1,24,,18247,,,1,76,,18272,,,1,28,,18248,,,1,100,,18249,,,1,100,,18250,,,1,30,,18259,,,1,142,,18264,,,1,24,,18251,,,1,76,,18265,,,1,24,,18252,,,1,76,,18273,,,1,24,,18253,,,1,100,,18254,,,1
301,'20260331',556,,18305,,,1,70,,18307,,,1,22,,18306,,,1,6,,18294,,,1,64,,18313,,,1,6,,18278,,,1,24,,18308,,,1,6,,18295,,,1,64,,18314,,,1,6,,18279,,,1,24,,18309,,,1,6,,18296,,,1,64,,18315,,,1,6,,18280,,,1,24,,18316,,,1,10,,18297,,,1,66,,18281,,,1,76,,18299,,,1,24,,18282,,,1,76,,18300,,,1,24,,18283,,,1,76,,18310,,,1,24,,18284,,,1,76,,18301,,,1,24,,18285,,,1,76,,18302,,,1,24,,18286,,,1,76,,18311,,,1,28,,18287,,,1,100,,18288,,,1,100,,18289,,,1,30,,18298,,,1,142,,18303,,,1,24,,18290,,,1,76,,18304,,,1,24,,18291,,,1,76,,18312,,,1,24,,18292,,,1,100,,18293,,,1
301,'20260401',556,,18344,,,1,70,,18346,,,1,22,,18345,,,1,6,,18333,,,1,64,,18352,,,1,6,,18317,,,1,24,,18347,,,1,6,,18334,,,1,64,,18353,,,1,6,,18318,,,1,24,,18348,,,1,6,,18335,,,1,64,,18354,,,1,6,,18319,,,1,24,,18355,,,1,10,,18336,,,1,66,,18320,,,1,76,,18338,,,1,24,,18321,,,1,76,,18339,,,1,24,,18322,,,1,76,,18349,,,1,24,,18323,,,1,76,,18340,,,1,24,,18324,,,1,76,,18341,,,1,24,,18325,,,1,76,,18350,,,1,28,,18326,,,1,100,,18327,,,1,100,,18328,,,1,30,,18337,,,1,142,,18342,,,1,24,,18329,,,1,76,,18343,,,1,24,,18330,,,1,76,,18351,,,1,24,,18331,,,1,100,,18332,,,1
301,'20260402',556,,18383,,,1,70,,18385,,,1,22,,18384,,,1,6,,18372,,,1,64,,18391,,,1,6,,18356,,,1,24,,18386,,,1,6,,18373,,,1,64,,18392,,,1,6,,18357,,,1,24,,18387,,,1,6,,18374,,,1,64,,18393,,,1,6,,18358,,,1,24,,18394,,,1,10,,18375,,,1,66,,18359,,,1,76,,18377,,,1,24,,18360,,,1,76,,18378,,,1,24,,18361,,,1,76,,18388,,,1,24,,18362,,,1,76,,18379,,,1,24,,18363,,,1,76,,18380,,,1,24,,18364,,,1,76,,18389,,,1,28,,18365,,,1,100,,18366,,,1,100,,18367,,,1,30,,18376,,,1,142,,18381,,,1,24,,18368,,,1,76,,18382,,,1,24,,18369,,,1,76,,18390,,,1,24,,18370,,,1,100,,18371,,,1
301,'20260403',800,,36623,,,1,100,,36637,,,1,100,,36624,,,1,100,,36625,,,1,100,,36626,,,1,100,,36627,,,1,100,,36628,,,1,28,,18402,,,1,72,,36629,,,1,28,,18403,,,1,72,,36630,,,1,28,,18404,,,1,72,,36638,,,1,28,,18405,,,1,72,,36631,,,1,28,,18406,,,1,72,,36632,,,1,28,,36622,,,1,72,,36633,,,1,28,,18407,,,1,72,,36634,,,1,28,,18408,,,1,72,,36635,,,1,28,,18409,,,1,72,,36636,,,1
301,'20260404',800,,18443,,,1,100,,18457,,,1,100,,18444,,,1,100,,18445,,,1,100,,18446,,,1,100,,18447,,,1,100,,18448,,,1,28,,18434,,,1,72,,18449,,,1,28,,18435,,,1,72,,18450,,,1,28,,18436,,,1,72,,18458,,,1,28,,18437,,,1,72,,18451,,,1,28,,18438,,,1,72,,18452,,,1,28,,18439,,,1,72,,18453,,,1,28,,18440,,,1,72,,18454,,,1,28,,18441,,,1,72,,18455,,,1,28,,18442,,,1,72,,18456,,,1
301,'20260405',800,,18468,,,1,100,,18482,,,1,100,,18469,,,1,100,,18470,,,1,100,,18471,,,1,100,,18472,,,1,100,,18473,,,1,28,,18459,,,1,72,,18474,,,1,28,,18460,,,1,72,,18475,,,1,28,,18461,,,1,72,,18483,,,1,28,,18462,,,1,72,,18476,,,1,28,,18463,,,1,72,,18477,,,1,28,,18464,,,1,72,,18478,,,1,28,,18465,,,1,72,,18479,,,1,28,,18466,,,1,72,,18480,,,1,28,,18467,,,1,72,,18481,,,1
301,'20260406',558,,18511,,,1,70,,18513,,,1,22,,18512,,,1,6,,18500,,,1,64,,18519,,,1,6,,18484,,,1,24,,18514,,,1,6,,18501,,,1,64,,18520,,,1,6,,18485,,,1,24,,18515,,,1,6,,18502,,,1,64,,18521,,,1,6,,18486,,,1,22,,18522,,,1,8,,18503,,,1,70,,18487,,,1,74,,18505,,,1,26,,18488,,,1,74,,18506,,,1,26,,18489,,,1,74,,18516,,,1,26,,18490,,,1,74,,18507,,,1,26,,18491,,,1,74,,18508,,,1,26,,18492,,,1,74,,18517,,,1,28,,18493,,,1,100,,18494,,,1,100,,18495,,,1,30,,18504,,,1,142,,18509,,,1,26,,18496,,,1,74,,18510,,,1,26,,18497,,,1,74,,18518,,,1,26,,18498,,,1,100,,18499,,,1
301,'20260407',558,,18550,,,1,70,,18552,,,1,22,,18551,,,1,6,,18539,,,1,64,,18558,,,1,6,,18523,,,1,24,,18553,,,1,6,,18540,,,1,64,,18559,,,1,6,,18524,,,1,24,,18554,,,1,6,,18541,,,1,64,,18560,,,1,6,,18525,,,1,22,,18561,,,1,8,,18542,,,1,70,,18526,,,1,74,,18544,,,1,26,,18527,,,1,74,,18545,,,1,26,,18528,,,1,74,,18555,,,1,26,,18529,,,1,74,,18546,,,1,26,,18530,,,1,74,,18547,,,1,26,,18531,,,1,74,,18556,,,1,28,,18532,,,1,100,,18533,,,1,100,,18534,,,1,30,,18543,,,1,142,,18548,,,1,26,,18535,,,1,74,,18549,,,1,26,,18536,,,1,74,,18557,,,1,26,,18537,,,1,100,,18538,,,1
301,'20260408',558,,18589,,,1,70,,18591,,,1,22,,18590,,,1,6,,18578,,,1,64,,18597,,,1,6,,18562,,,1,24,,18592,,,1,6,,18579,,,1,64,,18598,,,1,6,,18563,,,1,24,,18593,,,1,6,,18580,,,1,64,,18599,,,1,6,,18564,,,1,22,,18600,,,1,8,,18581,,,1,70,,18565,,,1,74,,18583,,,1,26,,18566,,,1,74,,18584,,,1,26,,18567,,,1,74,,18594,,,1,26,,18568,,,1,74,,18585,,,1,26,,18569,,,1,74,,18586,,,1,26,,18570,,,1,74,,18595,,,1,28,,18571,,,1,100,,18572,,,1,100,,18573,,,1,30,,18582,,,1,142,,18587,,,1,26,,18574,,,1,74,,18588,,,1,26,,18575,,,1,74,,18596,,,1,26,,18576,,,1,100,,18577,,,1
301,'20260409',558,,18628,,,1,70,,18630,,,1,22,,18629,,,1,6,,18617,,,1,64,,18636,,,1,6,,18601,,,1,24,,18631,,,1,6,,18618,,,1,64,,18637,,,1,6,,18602,,,1,24,,18632,,,1,6,,18619,,,1,64,,18638,,,1,6,,18603,,,1,22,,18639,,,1,8,,18620,,,1,70,,18604,,,1,74,,18622,,,1,26,,18605,,,1,74,,18623,,,1,26,,18606,,,1,74,,18633,,,1,26,,18607,,,1,74,,18624,,,1,26,,18608,,,1,74,,18625,,,1,26,,18609,,,1,74,,18634,,,1,28,,18610,,,1,100,,18611,,,1,100,,18612,,,1,30,,18621,,,1,142,,18626,,,1,26,,18613,,,1,74,,18627,,,1,26,,18614,,,1,74,,18635,,,1,26,,18615,,,1,100,,18616,,,1
301,'20260410',558,,18667,,,1,70,,18669,,,1,22,,18668,,,1,6,,18656,,,1,64,,18675,,,1,6,,18640,,,1,24,,18670,,,1,6,,18657,,,1,64,,18676,,,1,6,,18641,,,1,24,,18671,,,1,6,,18658,,,1,64,,18677,,,1,6,,18642,,,1,22,,18678,,,1,8,,18659,,,1,70,,18643,,,1,74,,18661,,,1,26,,18644,,,1,74,,18662,,,1,26,,18645,,,1,74,,18672,,,1,26,,18646,,,1,74,,18663,,,1,26,,18647,,,1,74,,18664,,,1,26,,18648,,,1,74,,18673,,,1,28,,18649,,,1,100,,18650,,,1,100,,18651,,,1,30,,18660,,,1,142,,18665,,,1,26,,18652,,,1,74,,18666,,,1,26,,18653,,,1,74,,18674,,,1,26,,18654,,,1,100,,18655,,,1
301,'20260411',800,,18688,,,1,100,,18702,,,1,100,,18689,,,1,100,,18690,,,1,100,,18691,,,1,100,,18692,,,1,100,,18693,,,1,28,,18679,,,1,72,,18694,,,1,28,,18680,,,1,72,,18695,,,1,28,,18681,,,1,72,,18703,,,1,28,,18682,,,1,72,,18696,,,1,28,,18683,,,1,72,,18697,,,1,28,,18684,,,1,72,,18698,,,1,28,,18685,,,1,72,,18699,,,1,28,,18686,,,1,72,,18700,,,1,28,,18687,,,1,72,,18701,,,1
301,'20260412',800,,18713,,,1,100,,18727,,,1,100,,18714,,,1,100,,18715,,,1,100,,18716,,,1,100,,18717,,,1,100,,18718,,,1,28,,18704,,,1,72,,18719,,,1,28,,18705,,,1,72,,18720,,,1,28,,18706,,,1,72,,18728,,,1,28,,18707,,,1,72,,18721,,,1,28,,18708,,,1,72,,18722,,,1,28,,18709,,,1,72,,18723,,,1,28,,18710,,,1,72,,18724,,,1,28,,18711,,,1,72,,18725,,,1,28,,18712,,,1,72,,18726,,,1
301,'20260413',558,,18756,,,1,70,,18758,,,1,22,,18757,,,1,6,,18745,,,1,64,,18764,,,1,6,,18729,,,1,24,,18759,,,1,6,,18746,,,1,64,,18765,,,1,6,,18730,,,1,24,,18760,,,1,6,,18747,,,1,64,,18766,,,1,6,,18731,,,1,22,,18767,,,1,8,,18748,,,1,70,,18732,,,1,74,,18750,,,1,26,,18733,,,1,74,,18751,,,1,26,,18734,,,1,74,,18761,,,1,26,,18735,,,1,74,,18752,,,1,26,,18736,,,1,74,,18753,,,1,26,,18737,,,1,74,,18762,,,1,28,,18738,,,1,100,,18739,,,1,100,,18740,,,1,30,,18749,,,1,142,,18754,,,1,26,,18741,,,1,74,,18755,,,1,26,,18742,,,1,74,,18763,,,1,26,,18743,,,1,100,,18744,,,1
301,'20260414',558,,18795,,,1,70,,18797,,,1,22,,18796,,,1,6,,18784,,,1,64,,18803,,,1,6,,18768,,,1,24,,18798,,,1,6,,18785,,,1,64,,18804,,,1,6,,18769,,,1,24,,18799,,,1,6,,18786,,,1,64,,18805,,,1,6,,18770,,,1,22,,18806,,,1,8,,18787,,,1,70,,18771,,,1,74,,18789,,,1,26,,18772,,,1,74,,18790,,,1,26,,18773,,,1,74,,18800,,,1,26,,18774,,,1,74,,18791,,,1,26,,18775,,,1,74,,18792,,,1,26,,18776,,,1,74,,18801,,,1,28,,18777,,,1,100,,18778,,,1,100,,18779,,,1,30,,18788,,,1,142,,18793,,,1,26,,18780,,,1,74,,18794,,,1,26,,18781,,,1,74,,18802,,,1,26,,18782,,,1,100,,18783,,,1
301,'20260415',558,,18834,,,1,70,,18836,,,1,22,,18835,,,1,6,,18823,,,1,64,,18842,,,1,6,,18807,,,1,24,,18837,,,1,6,,18824,,,1,64,,18843,,,1,6,,18808,,,1,24,,18838,,,1,6,,18825,,,1,64,,18844,,,1,6,,18809,,,1,22,,18845,,,1,8,,18826,,,1,70,,18810,,,1,74,,18828,,,1,26,,18811,,,1,74,,18829,,,1,26,,18812,,,1,74,,18839,,,1,26,,18813,,,1,74,,18830,,,1,26,,18814,,,1,74,,18831,,,1,26,,18815,,,1,74,,18840,,,1,28,,18816,,,1,100,,18817,,,1,100,,18818,,,1,30,,18827,,,1,142,,18832,,,1,26,,18819,,,1,74,,18833,,,1,26,,18820,,,1,74,,18841,,,1,26,,18821,,,1,100,,18822,,,1
301,'20260416',558,,18873,,,1,70,,18875,,,1,22,,18874,,,1,6,,18862,,,1,64,,18881,,,1,6,,18846,,,1,24,,18876,,,1,6,,18863,,,1,64,,18882,,,1,6,,18847,,,1,24,,18877,,,1,6,,18864,,,1,64,,18883,,,1,6,,18848,,,1,22,,18884,,,1,8,,18865,,,1,70,,18849,,,1,74,,18867,,,1,26,,18850,,,1,74,,18868,,,1,26,,18851,,,1,74,,18878,,,1,26,,18852,,,1,74,,18869,,,1,26,,18853,,,1,74,,18870,,,1,26,,18854,,,1,74,,18879,,,1,28,,18855,,,1,100,,18856,,,1,100,,18857,,,1,30,,18866,,,1,142,,18871,,,1,26,,18858,,,1,74,,18872,,,1,26,,18859,,,1,74,,18880,,,1,26,,18860,,,1,100,,18861,,,1
301,'20260417',558,,18912,,,1,70,,18914,,,1,22,,18913,,,1,6,,18901,,,1,64,,18920,,,1,6,,18885,,,1,24,,18915,,,1,6,,18902,,,1,64,,18921,,,1,6,,18886,,,1,24,,18916,,,1,6,,18903,,,1,64,,18922,,,1,6,,18887,,,1,22,,18923,,,1,8,,18904,,,1,70,,18888,,,1,74,,18906,,,1,26,,18889,,,1,74,,18907,,,1,26,,18890,,,1,74,,18917,,,1,26,,18891,,,1,74,,18908,,,1,26,,18892,,,1,74,,18909,,,1,26,,18893,,,1,74,,18918,,,1,28,,18894,,,1,100,,18895,,,1,100,,18896,,,1,30,,18905,,,1,142,,18910,,,1,26,,18897,,,1,74,,18911,,,1,26,,18898,,,1,74,,18919,,,1,26,,18899,,,1,100,,18900,,,1
301,'20260418',800,,18933,,,1,100,,18947,,,1,100,,18934,,,1,100,,18935,,,1,100,,18936,,,1,100,,18937,,,1,100,,18938,,,1,28,,18924,,,1,72,,18939,,,1,28,,18925,,,1,72,,18940,,,1,28,,18926,,,1,72,,18948,,,1,28,,18927,,,1,72,,18941,,,1,28,,18928,,,1,72,,18942,,,1,28,,18929,,,1,72,,18943,,,1,28,,18930,,,1,72,,18944,,,1,28,,18931,,,1,72,,18945,,,1,28,,18932,,,1,72,,18946,,,1
301,'20260419',800,,18958,,,1,100,,18972,,,1,100,,18959,,,1,100,,18960,,,1,100,,18961,,,1,100,,18962,,,1,100,,18963,,,1,28,,18949,,,1,72,,18964,,,1,28,,18950,,,1,72,,18965,,,1,28,,18951,,,1,72,,18973,,,1,28,,18952,,,1,72,,18966,,,1,28,,18953,,,1,72,,18967,,,1,28,,18954,,,1,72,,18968,,,1,28,,18955,,,1,72,,18969,,,1,28,,18956,,,1,72,,18970,,,1,28,,18957,,,1,72,,18971,,,1
301,'20260420',558,,19001,,,1,70,,19003,,,1,22,,19002,,,1,6,,18990,,,1,64,,19009,,,1,6,,18974,,,1,24,,19004,,,1,6,,18991,,,1,64,,19010,,,1,6,,18975,,,1,24,,19005,,,1,6,,18992,,,1,64,,19011,,,1,6,,18976,,,1,22,,19012,,,1,8,,18993,,,1,70,,18977,,,1,74,,18995,,,1,26,,18978,,,1,74,,18996,,,1,26,,18979,,,1,74,,19006,,,1,26,,18980,,,1,74,,18997,,,1,26,,18981,,,1,74,,18998,,,1,26,,18982,,,1,74,,19007,,,1,28,,18983,,,1,100,,18984,,,1,100,,18985,,,1,30,,18994,,,1,142,,18999,,,1,26,,18986,,,1,74,,19000,,,1,26,,18987,,,1,74,,19008,,,1,26,,18988,,,1,100,,18989,,,1
301,'20260421',558,,19040,,,1,70,,19042,,,1,22,,19041,,,1,6,,19029,,,1,64,,19048,,,1,6,,19013,,,1,24,,19043,,,1,6,,19030,,,1,64,,19049,,,1,6,,19014,,,1,24,,19044,,,1,6,,19031,,,1,64,,19050,,,1,6,,19015,,,1,22,,19051,,,1,8,,19032,,,1,70,,19016,,,1,74,,19034,,,1,26,,19017,,,1,74,,19035,,,1,26,,19018,,,1,74,,19045,,,1,26,,19019,,,1,74,,19036,,,1,26,,19020,,,1,74,,19037,,,1,26,,19021,,,1,74,,19046,,,1,28,,19022,,,1,100,,19023,,,1,100,,19024,,,1,30,,19033,,,1,142,,19038,,,1,26,,19025,,,1,74,,19039,,,1,26,,19026,,,1,74,,19047,,,1,26,,19027,,,1,100,,19028,,,1
301,'20260422',558,,19079,,,1,70,,19081,,,1,22,,19080,,,1,6,,19068,,,1,64,,19087,,,1,6,,19052,,,1,24,,19082,,,1,6,,19069,,,1,64,,19088,,,1,6,,19053,,,1,24,,19083,,,1,6,,19070,,,1,64,,19089,,,1,6,,19054,,,1,22,,19090,,,1,8,,19071,,,1,70,,19055,,,1,74,,19073,,,1,26,,19056,,,1,74,,19074,,,1,26,,19057,,,1,74,,19084,,,1,26,,19058,,,1,74,,19075,,,1,26,,19059,,,1,74,,19076,,,1,26,,19060,,,1,74,,19085,,,1,28,,19061,,,1,100,,19062,,,1,100,,19063,,,1,30,,19072,,,1,142,,19077,,,1,26,,19064,,,1,74,,19078,,,1,26,,19065,,,1,74,,19086,,,1,26,,19066,,,1,100,,19067,,,1
301,'20260423',558,,19118,,,1,70,,19120,,,1,22,,19119,,,1,6,,19107,,,1,64,,19126,,,1,6,,19091,,,1,24,,19121,,,1,6,,19108,,,1,64,,19127,,,1,6,,19092,,,1,24,,19122,,,1,6,,19109,,,1,64,,19128,,,1,6,,19093,,,1,22,,19129,,,1,8,,19110,,,1,70,,19094,,,1,74,,19112,,,1,26,,19095,,,1,74,,19113,,,1,26,,19096,,,1,74,,19123,,,1,26,,19097,,,1,74,,19114,,,1,26,,19098,,,1,74,,19115,,,1,26,,19099,,,1,74,,19124,,,1,28,,19100,,,1,100,,19101,,,1,100,,19102,,,1,30,,19111,,,1,142,,19116,,,1,26,,19103,,,1,74,,19117,,,1,26,,19104,,,1,74,,19125,,,1,26,,19105,,,1,100,,19106,,,1
301,'20260424',558,,19157,,,1,70,,19159,,,1,22,,19158,,,1,6,,19146,,,1,64,,19165,,,1,6,,19130,,,1,24,,19160,,,1,6,,19147,,,1,64,,19166,,,1,6,,19131,,,1,24,,19161,,,1,6,,19148,,,1,64,,19167,,,1,6,,19132,,,1,22,,19168,,,1,8,,19149,,,1,70,,19133,,,1,74,,19151,,,1,26,,19134,,,1,74,,19152,,,1,26,,19135,,,1,74,,19162,,,1,26,,19136,,,1,74,,19153,,,1,26,,19137,,,1,74,,19154,,,1,26,,19138,,,1,74,,19163,,,1,28,,19139,,,1,100,,19140,,,1,100,,19141,,,1,30,,19150,,,1,142,,19155,,,1,26,,19142,,,1,74,,19156,,,1,26,,19143,,,1,74,,19164,,,1,26,,19144,,,1,100,,19145,,,1
