200,'20260722',1609,,41940,21,,,1,30,,41941,21,,,1,15,,41942,21,,,1,55,,41943,21,,,1,15,,41944,21,,,1,15,,41945,21,,,1,15,,41946,21,,,1,70,,41947,21,,,1,30,,41948,21,,,1,85,,41949,21,,,1
200,'20260723',1609,,41950,21,,,1,30,,41951,21,,,1,15,,41952,21,,,1,55,,41953,21,,,1,15,,41954,21,,,1,15,,41955,21,,,1,15,,41956,21,,,1,70,,41957,21,,,1,30,,41958,21,,,1,85,,41959,21,,,1
200,'20260724',1609,,41960,21,,,1,30,,41961,21,,,1,15,,41962,21,,,1,55,,41963,21,,,1,15,,41964,21,,,1,15,,41965,21,,,1,15,,41966,21,,,1,70,,41967,21,,,1,30,,41968,21,,,1,85,,41969,21,,,1
200,'20260727',1609,,41970,21,,,1,30,,41971,21,,,1,15,,41972,21,,,1,55,,41973,21,,,1,15,,41974,21,,,1,15,,41975,21,,,1,15,,41976,21,,,1,70,,41977,21,,,1,30,,41978,21,,,1,85,,41979,21,,,1
200,'20260728',1609,,41980,21,,,1,30,,41981,21,,,1,15,,41982,21,,,1,55,,41983,21,,,1,15,,41984,21,,,1,15,,41985,21,,,1,15,,41986,21,,,1,70,,41987,21,,,1,30,,41988,21,,,1,85,,41989,21,,,1
200,'20260729',1609,,41990,21,,,1,30,,41991,21,,,1,15,,41992,21,,,1,55,,41993,21,,,1,15,,41994,21,,,1,15,,41995,21,,,1,15,,41996,21,,,1,70,,41997,21,,,1,30,,41998,21,,,1,85,,41999,21,,,1
200,'20260730',1609,,42000,21,,,1,30,,42001,21,,,1,15,,42002,21,,,1,55,,42003,21,,,1,15,,42004,21,,,1,15,,42005,21,,,1,15,,42006,21,,,1,70,,42007,21,,,1,30,,42008,21,,,1,85,,42009,21,,,1
200,'20260731',1609,,42010,21,,,1,30,,42011,21,,,1,15,,42012,21,,,1,55,,42013,21,,,1,15,,42014,21,,,1,15,,42015,21,,,1,15,,42016,21,,,1,70,,42017,21,,,1,30,,42018,21,,,1,85,,42019,21,,,1
200,'20260804',1609,,42030,21,,,1,30,,42031,21,,,1,15,,42032,21,,,1,55,,42033,21,,,1,15,,42034,21,,,1,15,,42035,21,,,1,15,,42036,21,,,1,70,,42037,21,,,1,30,,42038,21,,,1,85,,42039,21,,,1
200,'20260805',1609,,42040,21,,,1,30,,42041,21,,,1,15,,42042,21,,,1,55,,42043,21,,,1,15,,42044,21,,,1,15,,42045,21,,,1,15,,42046,21,,,1,70,,42047,21,,,1,30,,42048,21,,,1,85,,42049,21,,,1
200,'20260806',1609,,42050,21,,,1,30,,42051,21,,,1,15,,42052,21,,,1,55,,42053,21,,,1,15,,42054,21,,,1,15,,42055,21,,,1,15,,42056,21,,,1,70,,42057,21,,,1,30,,42058,21,,,1,85,,42059,21,,,1
200,'20260807',1609,,42060,21,,,1,30,,42061,21,,,1,15,,42062,21,,,1,55,,42063,21,,,1,15,,42064,21,,,1,15,,42065,21,,,1,15,,42066,21,,,1,70,,42067,21,,,1,30,,42068,21,,,1,85,,42069,21,,,1
200,'20260810',1609,,64795,21,,,1,30,,64796,21,,,1,15,,64797,21,,,1,55,,64798,21,,,1,15,,64799,21,,,1,15,,64800,21,,,1,15,,64801,21,,,1,70,,64802,21,,,1,30,,64803,21,,,1,85,,64804,21,,,1
200,'20260811',1609,,42080,21,,,1,30,,42081,21,,,1,15,,42082,21,,,1,55,,42083,21,,,1,15,,42084,21,,,1,15,,42085,21,,,1,15,,42086,21,,,1,70,,42087,21,,,1,30,,42088,21,,,1,85,,42089,21,,,1
200,'20260812',1609,,42090,21,,,1,30,,42091,21,,,1,15,,42092,21,,,1,55,,42093,21,,,1,15,,42094,21,,,1,15,,42095,21,,,1,15,,42096,21,,,1,70,,42097,21,,,1,30,,42098,21,,,1,85,,42099,21,,,1
200,'20260813',1609,,42100,21,,,1,30,,42101,21,,,1,15,,42102,21,,,1,55,,42103,21,,,1,15,,42104,21,,,1,15,,42105,21,,,1,15,,42106,21,,,1,70,,42107,21,,,1,30,,42108,21,,,1,85,,42109,21,,,1
200,'20260814',1609,,42110,21,,,1,30,,42111,21,,,1,15,,42112,21,,,1,55,,42113,21,,,1,15,,42114,21,,,1,15,,42115,21,,,1,15,,42116,21,,,1,70,,42117,21,,,1,30,,42118,21,,,1,85,,42119,21,,,1
200,'20260817',1609,,64805,21,,,1,30,,64806,21,,,1,15,,64807,21,,,1,55,,64808,21,,,1,15,,64809,21,,,1,15,,64810,21,,,1,15,,64811,21,,,1,70,,64812,21,,,1,30,,64813,21,,,1,85,,64814,21,,,1
200,'20260818',1609,,42130,21,,,1,30,,42131,21,,,1,15,,42132,21,,,1,55,,42133,21,,,1,15,,42134,21,,,1,15,,42135,21,,,1,15,,42136,21,,,1,70,,42137,21,,,1,30,,42138,21,,,1,85,,42139,21,,,1
200,'20260819',1609,,42140,21,,,1,30,,42141,21,,,1,15,,42142,21,,,1,55,,42143,21,,,1,15,,42144,21,,,1,15,,42145,21,,,1,15,,42146,21,,,1,70,,42147,21,,,1,30,,42148,21,,,1,85,,42149,21,,,1
200,'20260820',1609,,42150,21,,,1,30,,42151,21,,,1,15,,42152,21,,,1,55,,42153,21,,,1,15,,42154,21,,,1,15,,42155,21,,,1,15,,42156,21,,,1,70,,42157,21,,,1,30,,42158,21,,,1,85,,42159,21,,,1
200,'20260821',1609,,42160,21,,,1,30,,42161,21,,,1,15,,42162,21,,,1,55,,42163,21,,,1,15,,42164,21,,,1,15,,42165,21,,,1,15,,42166,21,,,1,70,,42167,21,,,1,30,,42168,21,,,1,85,,42169,21,,,1
200,'20260824',1609,,64815,21,,,1,30,,64816,21,,,1,15,,64817,21,,,1,55,,64818,21,,,1,15,,64819,21,,,1,15,,64820,21,,,1,15,,64821,21,,,1,70,,64822,21,,,1,30,,64823,21,,,1,85,,64824,21,,,1
200,'20260825',1609,,42180,21,,,1,30,,42181,21,,,1,15,,42182,21,,,1,55,,42183,21,,,1,15,,42184,21,,,1,15,,42185,21,,,1,15,,42186,21,,,1,70,,42187,21,,,1,30,,42188,21,,,1,85,,42189,21,,,1
200,'20260826',1609,,42190,21,,,1,30,,42191,21,,,1,15,,42192,21,,,1,55,,42193,21,,,1,15,,42194,21,,,1,15,,42195,21,,,1,15,,42196,21,,,1,70,,42197,21,,,1,30,,42198,21,,,1,85,,42199,21,,,1
200,'20260827',1609,,42200,21,,,1,30,,42201,21,,,1,15,,42202,21,,,1,55,,42203,21,,,1,15,,42204,21,,,1,15,,42205,21,,,1,15,,42206,21,,,1,70,,42207,21,,,1,30,,42208,21,,,1,85,,42209,21,,,1
200,'20260828',1609,,42210,21,,,1,30,,42211,21,,,1,15,,42212,21,,,1,55,,42213,21,,,1,15,,42214,21,,,1,15,,42215,21,,,1,15,,42216,21,,,1,70,,42217,21,,,1,30,,42218,21,,,1,85,,42219,21,,,1
200,'20260831',1609,,64825,21,,,1,30,,64826,21,,,1,15,,64827,21,,,1,55,,64828,21,,,1,15,,64829,21,,,1,15,,64830,21,,,1,15,,64831,21,,,1,70,,64832,21,,,1,30,,64833,21,,,1,85,,64834,21,,,1
200,'20260901',1609,,42230,21,,,1,30,,42231,21,,,1,15,,42232,21,,,1,55,,42233,21,,,1,15,,42234,21,,,1,15,,42235,21,,,1,15,,42236,21,,,1,70,,42237,21,,,1,30,,42238,21,,,1,85,,42239,21,,,1
200,'20260902',1609,,42240,21,,,1,30,,42241,21,,,1,15,,42242,21,,,1,55,,42243,21,,,1,15,,42244,21,,,1,15,,42245,21,,,1,15,,42246,21,,,1,70,,42247,21,,,1,30,,42248,21,,,1,85,,42249,21,,,1
200,'20260903',1609,,42250,21,,,1,30,,42251,21,,,1,15,,42252,21,,,1,55,,42253,21,,,1,15,,42254,21,,,1,15,,42255,21,,,1,15,,42256,21,,,1,70,,42257,21,,,1,30,,42258,21,,,1,85,,42259,21,,,1
200,'20260904',1609,,42260,21,,,1,30,,42261,21,,,1,15,,42262,21,,,1,55,,42263,21,,,1,15,,42264,21,,,1,15,,42265,21,,,1,15,,42266,21,,,1,70,,42267,21,,,1,30,,42268,21,,,1,85,,42269,21,,,1
201,'20260722',631,,42530,15,,,1,70,,42531,15,,,1,15,,42532,15,,,1,15,,42533,15,,,1,15,,42534,15,,,1,55,,42535,15,,,1,15,,42536,15,,,1,15,,42537,15,,,1,15,,42538,15,,,1,55,,42539,15,,,1
201,'20260723',631,,42540,15,,,1,70,,42541,15,,,1,15,,42542,15,,,1,15,,42543,15,,,1,15,,42544,15,,,1,55,,42545,15,,,1,15,,42546,15,,,1,15,,42547,15,,,1,15,,42548,15,,,1,55,,42549,15,,,1
201,'20260724',631,,42550,15,,,1,70,,42551,15,,,1,15,,42552,15,,,1,15,,42553,15,,,1,15,,42554,15,,,1,55,,42555,15,,,1,15,,42556,15,,,1,15,,42557,15,,,1,15,,42558,15,,,1,55,,42559,15,,,1
201,'20260727',631,,42560,15,,,1,70,,42561,15,,,1,15,,42562,15,,,1,15,,42563,15,,,1,15,,42564,15,,,1,55,,42565,15,,,1,15,,42566,15,,,1,15,,42567,15,,,1,15,,42568,15,,,1,55,,42569,15,,,1
201,'20260728',631,,42570,15,,,1,70,,42571,15,,,1,15,,42572,15,,,1,15,,42573,15,,,1,15,,42574,15,,,1,55,,42575,15,,,1,15,,42576,15,,,1,15,,42577,15,,,1,15,,42578,15,,,1,55,,42579,15,,,1
201,'20260729',631,,42580,15,,,1,70,,42581,15,,,1,15,,42582,15,,,1,15,,42583,15,,,1,15,,42584,15,,,1,55,,42585,15,,,1,15,,42586,15,,,1,15,,42587,15,,,1,15,,42588,15,,,1,55,,42589,15,,,1
201,'20260730',631,,42590,15,,,1,70,,42591,15,,,1,15,,42592,15,,,1,15,,42593,15,,,1,15,,42594,15,,,1,55,,42595,15,,,1,15,,42596,15,,,1,15,,42597,15,,,1,15,,42598,15,,,1,55,,42599,15,,,1
201,'20260731',631,,42600,15,,,1,70,,42601,15,,,1,15,,42602,15,,,1,15,,42603,15,,,1,15,,42604,15,,,1,55,,42605,15,,,1,15,,42606,15,,,1,15,,42607,15,,,1,15,,42608,15,,,1,55,,42609,15,,,1
201,'20260804',631,,42620,15,,,1,70,,42621,15,,,1,15,,42622,15,,,1,15,,42623,15,,,1,15,,42624,15,,,1,55,,42625,15,,,1,15,,42626,15,,,1,15,,42627,15,,,1,15,,42628,15,,,1,55,,42629,15,,,1
201,'20260805',631,,42630,15,,,1,70,,42631,15,,,1,15,,42632,15,,,1,15,,42633,15,,,1,15,,42634,15,,,1,55,,42635,15,,,1,15,,42636,15,,,1,15,,42637,15,,,1,15,,42638,15,,,1,55,,42639,15,,,1
201,'20260806',631,,42640,15,,,1,70,,42641,15,,,1,15,,42642,15,,,1,15,,42643,15,,,1,15,,42644,15,,,1,55,,42645,15,,,1,15,,42646,15,,,1,15,,42647,15,,,1,15,,42648,15,,,1,55,,42649,15,,,1
201,'20260807',631,,42650,15,,,1,70,,42651,15,,,1,15,,42652,15,,,1,15,,42653,15,,,1,15,,42654,15,,,1,55,,42655,15,,,1,15,,42656,15,,,1,15,,42657,15,,,1,15,,42658,15,,,1,55,,42659,15,,,1
201,'20260810',631,,64835,15,,,1,70,,64836,15,,,1,15,,64837,15,,,1,15,,64838,15,,,1,15,,64839,15,,,1,55,,64840,15,,,1,15,,64841,15,,,1,15,,64842,15,,,1,15,,64843,15,,,1,55,,64844,15,,,1
201,'20260811',631,,42670,15,,,1,70,,42671,15,,,1,15,,42672,15,,,1,15,,42673,15,,,1,15,,42674,15,,,1,55,,42675,15,,,1,15,,42676,15,,,1,15,,42677,15,,,1,15,,42678,15,,,1,55,,42679,15,,,1
201,'20260812',631,,42680,15,,,1,70,,42681,15,,,1,15,,42682,15,,,1,15,,42683,15,,,1,15,,42684,15,,,1,55,,42685,15,,,1,15,,42686,15,,,1,15,,42687,15,,,1,15,,42688,15,,,1,55,,42689,15,,,1
201,'20260813',631,,42690,15,,,1,70,,42691,15,,,1,15,,42692,15,,,1,15,,42693,15,,,1,15,,42694,15,,,1,55,,42695,15,,,1,15,,42696,15,,,1,15,,42697,15,,,1,15,,42698,15,,,1,55,,42699,15,,,1
201,'20260814',631,,42700,15,,,1,70,,42701,15,,,1,15,,42702,15,,,1,15,,42703,15,,,1,15,,42704,15,,,1,55,,42705,15,,,1,15,,42706,15,,,1,15,,42707,15,,,1,15,,42708,15,,,1,55,,42709,15,,,1
201,'20260817',631,,64845,15,,,1,70,,64846,15,,,1,15,,64847,15,,,1,15,,64848,15,,,1,15,,64849,15,,,1,55,,64850,15,,,1,15,,64851,15,,,1,15,,64852,15,,,1,15,,64853,15,,,1,55,,64854,15,,,1
201,'20260818',631,,42720,15,,,1,70,,42721,15,,,1,15,,42722,15,,,1,15,,42723,15,,,1,15,,42724,15,,,1,55,,42725,15,,,1,15,,42726,15,,,1,15,,42727,15,,,1,15,,42728,15,,,1,55,,42729,15,,,1
201,'20260819',631,,42730,15,,,1,70,,42731,15,,,1,15,,42732,15,,,1,15,,42733,15,,,1,15,,42734,15,,,1,55,,42735,15,,,1,15,,42736,15,,,1,15,,42737,15,,,1,15,,42738,15,,,1,55,,42739,15,,,1
201,'20260820',631,,42740,15,,,1,70,,42741,15,,,1,15,,42742,15,,,1,15,,42743,15,,,1,15,,42744,15,,,1,55,,42745,15,,,1,15,,42746,15,,,1,15,,42747,15,,,1,15,,42748,15,,,1,55,,42749,15,,,1
201,'20260821',631,,42750,15,,,1,70,,42751,15,,,1,15,,42752,15,,,1,15,,42753,15,,,1,15,,42754,15,,,1,55,,42755,15,,,1,15,,42756,15,,,1,15,,42757,15,,,1,15,,42758,15,,,1,55,,42759,15,,,1
201,'20260824',631,,64855,15,,,1,70,,64856,15,,,1,15,,64857,15,,,1,15,,64858,15,,,1,15,,64859,15,,,1,55,,64860,15,,,1,15,,64861,15,,,1,15,,64862,15,,,1,15,,64863,15,,,1,55,,64864,15,,,1
201,'20260825',631,,42770,15,,,1,70,,42771,15,,,1,15,,42772,15,,,1,15,,42773,15,,,1,15,,42774,15,,,1,55,,42775,15,,,1,15,,42776,15,,,1,15,,42777,15,,,1,15,,42778,15,,,1,55,,42779,15,,,1
201,'20260826',631,,42780,15,,,1,70,,42781,15,,,1,15,,42782,15,,,1,15,,42783,15,,,1,15,,42784,15,,,1,55,,42785,15,,,1,15,,42786,15,,,1,15,,42787,15,,,1,15,,42788,15,,,1,55,,42789,15,,,1
201,'20260827',631,,42790,15,,,1,70,,42791,15,,,1,15,,42792,15,,,1,15,,42793,15,,,1,15,,42794,15,,,1,55,,42795,15,,,1,15,,42796,15,,,1,15,,42797,15,,,1,15,,42798,15,,,1,55,,42799,15,,,1
201,'20260828',631,,42800,15,,,1,70,,42801,15,,,1,15,,42802,15,,,1,15,,42803,15,,,1,15,,42804,15,,,1,55,,42805,15,,,1,15,,42806,15,,,1,15,,42807,15,,,1,15,,42808,15,,,1,55,,42809,15,,,1
201,'20260831',631,,64865,15,,,1,70,,64866,15,,,1,15,,64867,15,,,1,15,,64868,15,,,1,15,,64869,15,,,1,55,,64870,15,,,1,15,,64871,15,,,1,15,,64872,15,,,1,15,,64873,15,,,1,55,,64874,15,,,1
201,'20260901',631,,42820,15,,,1,70,,42821,15,,,1,15,,42822,15,,,1,15,,42823,15,,,1,15,,42824,15,,,1,55,,42825,15,,,1,15,,42826,15,,,1,15,,42827,15,,,1,15,,42828,15,,,1,55,,42829,15,,,1
201,'20260902',631,,42830,15,,,1,70,,42831,15,,,1,15,,42832,15,,,1,15,,42833,15,,,1,15,,42834,15,,,1,55,,42835,15,,,1,15,,42836,15,,,1,15,,42837,15,,,1,15,,42838,15,,,1,55,,42839,15,,,1
201,'20260903',631,,42840,15,,,1,70,,42841,15,,,1,15,,42842,15,,,1,15,,42843,15,,,1,15,,42844,15,,,1,55,,42845,15,,,1,15,,42846,15,,,1,15,,42847,15,,,1,15,,42848,15,,,1,55,,42849,15,,,1
201,'20260904',631,,42850,15,,,1,70,,42851,15,,,1,15,,42852,15,,,1,15,,42853,15,,,1,15,,42854,15,,,1,55,,42855,15,,,1,15,,42856,15,,,1,15,,42857,15,,,1,15,,42858,15,,,1,55,,42859,15,,,1
