700,'20260716',928,,52795,16,0,23 24,1,100,,52796,16,0,23 24,1,100,,52797,16,0,23 24,1,100,,52798,16,0,23 24,1,100,,52799,16,0,23 24,1,100,,52800,16,0,23 24,1,100,,52806,16,,,1,72,,52793,16,0,25,1,28,,52807,16,,,1,30,,52811,16,,,1,60,,52794,16,0,25,1,10,,52808,16,,,1,72,,52812,16,,,1,43,,52801,16,0,23 24,1,85,,52802,16,0,23 24,1,100,,52803,16,0,23 24,1,100,,52804,16,0,23 24,1,100,,52805,16,0,23 24,1,100,,52809,16,,,1,100,,52810,16,,,1
700,'20260717',928,,52815,16,0,23 24,1,100,,52816,16,0,23 24,1,100,,52817,16,0,23 24,1,100,,52818,16,0,23 24,1,100,,52819,16,0,23 24,1,100,,52820,16,0,23 24,1,100,,52826,16,,,1,72,,52813,16,0,25,1,28,,52827,16,,,1,30,,52831,16,,,1,60,,52814,16,0,25,1,10,,52828,16,,,1,72,,52832,16,,,1,43,,52821,16,0,23 24,1,85,,52822,16,0,23 24,1,100,,52823,16,0,23 24,1,100,,52824,16,0,23 24,1,100,,52825,16,0,23 24,1,100,,52829,16,,,1,100,,52830,16,,,1
700,'20260718',928,,52833,16,0,23 24,1,100,,52834,16,0,23 24,1,100,,52835,16,0,23 24,1,100,,52836,16,0,23 24,1,100,,52837,16,0,23 24,1,100,,52838,16,0,23 24,1,100,,52839,16,0,23 24,1,100,,52840,16,0,23 24,1,100,,52841,16,0,23 24,1,100,,52842,16,0,23 24,1,100,,52843,16,0,23 24,1,100,,52844,16,0,23 24,1,100,,52845,16,,,1,100,,52846,16,,,1,100,,52847,16,,,1
700,'20260719',928,,52848,16,0,23 24,1,100,,52849,16,0,23 24,1,100,,52850,16,0,23 24,1,100,,52851,16,0,23 24,1,100,,52852,16,0,23 24,1,100,,52853,16,0,23 24,1,100,,52854,16,0,23 24,1,100,,52855,16,0,23 24,1,100,,52856,16,0,23 24,1,100,,52857,16,0,23 24,1,100,,52858,16,0,23 24,1,100,,52859,16,0,23 24,1,100,,52860,16,,,1,100,,52861,16,,,1,100,,52862,16,,,1
700,'20260720',928,,52865,16,0,23 24,1,100,,52866,16,0,23 24,1,100,,52867,16,0,23 24,1,100,,52868,16,0,23 24,1,100,,52869,16,0,23 24,1,100,,52870,16,0,23 24,1,100,,52876,16,,,1,72,,52863,16,0,25,1,28,,52877,16,,,1,30,,52881,16,,,1,60,,52864,16,0,25,1,10,,52878,16,,,1,72,,52882,16,,,1,43,,52871,16,0,23 24,1,85,,52872,16,0,23 24,1,100,,52873,16,0,23 24,1,100,,52874,16,0,23 24,1,100,,52875,16,0,23 24,1,100,,52879,16,,,1,100,,52880,16,,,1
700,'20260721',928,,52885,16,0,23 24,1,100,,52886,16,0,23 24,1,100,,52887,16,0,23 24,1,100,,52888,16,0,23 24,1,100,,52889,16,0,23 24,1,100,,52890,16,0,23 24,1,100,,52896,16,,,1,72,,52883,16,0,25,1,28,,52897,16,,,1,30,,52901,16,,,1,60,,52884,16,0,25,1,10,,52898,16,,,1,72,,52902,16,,,1,43,,52891,16,0,23 24,1,85,,52892,16,0,23 24,1,100,,52893,16,0,23 24,1,100,,52894,16,0,23 24,1,100,,52895,16,0,23 24,1,100,,52899,16,,,1,100,,52900,16,,,1
700,'20260722',928,,52905,16,0,23 24,1,100,,52906,16,0,23 24,1,100,,52907,16,0,23 24,1,100,,52908,16,0,23 24,1,100,,52909,16,0,23 24,1,100,,52910,16,0,23 24,1,100,,52916,16,,,1,72,,52903,16,0,25,1,28,,52917,16,,,1,30,,52921,16,,,1,60,,52904,16,0,25,1,10,,52918,16,,,1,72,,52922,16,,,1,43,,52911,16,0,23 24,1,85,,52912,16,0,23 24,1,100,,52913,16,0,23 24,1,100,,52914,16,0,23 24,1,100,,52915,16,0,23 24,1,100,,52919,16,,,1,100,,52920,16,,,1
700,'20260723',928,,52925,16,0,23 24,1,100,,52926,16,0,23 24,1,100,,52927,16,0,23 24,1,100,,52928,16,0,23 24,1,100,,52929,16,0,23 24,1,100,,52930,16,0,23 24,1,100,,52936,16,,,1,72,,52923,16,0,25,1,28,,52937,16,,,1,30,,52941,16,,,1,60,,52924,16,0,25,1,10,,52938,16,,,1,72,,52942,16,,,1,43,,52931,16,0,23 24,1,85,,52932,16,0,23 24,1,100,,52933,16,0,23 24,1,100,,52934,16,0,23 24,1,100,,52935,16,0,23 24,1,100,,52939,16,,,1,100,,52940,16,,,1
700,'20260724',928,,52945,16,0,23 24,1,100,,52946,16,0,23 24,1,100,,52947,16,0,23 24,1,100,,52948,16,0,23 24,1,100,,52949,16,0,23 24,1,100,,52950,16,0,23 24,1,100,,52956,16,,,1,72,,52943,16,0,25,1,28,,52957,16,,,1,30,,52961,16,,,1,60,,52944,16,0,25,1,10,,52958,16,,,1,72,,52962,16,,,1,43,,52951,16,0,23 24,1,85,,52952,16,0,23 24,1,100,,52953,16,0,23 24,1,100,,52954,16,0,23 24,1,100,,52955,16,0,23 24,1,100,,52959,16,,,1,100,,52960,16,,,1
700,'20260725',928,,52963,16,0,23 24,1,100,,52964,16,0,23 24,1,100,,52965,16,0,23 24,1,100,,52966,16,0,23 24,1,100,,52967,16,0,23 24,1,100,,52968,16,0,23 24,1,100,,52969,16,0,23 24,1,100,,52970,16,0,23 24,1,100,,52971,16,0,23 24,1,100,,52972,16,0,23 24,1,100,,52973,16,0,23 24,1,100,,52974,16,0,23 24,1,100,,52975,16,,,1,100,,52976,16,,,1,100,,52977,16,,,1
700,'20260726',928,,52978,16,0,23 24,1,100,,52979,16,0,23 24,1,100,,52980,16,0,23 24,1,100,,52981,16,0,23 24,1,100,,52982,16,0,23 24,1,100,,52983,16,0,23 24,1,100,,52984,16,0,23 24,1,100,,52985,16,0,23 24,1,100,,52986,16,0,23 24,1,100,,52987,16,0,23 24,1,100,,52988,16,0,23 24,1,100,,52989,16,0,23 24,1,100,,52990,16,,,1,100,,52991,16,,,1,100,,52992,16,,,1
700,'20260727',928,,52995,16,0,23 24,1,100,,52996,16,0,23 24,1,100,,52997,16,0,23 24,1,100,,52998,16,0,23 24,1,100,,52999,16,0,23 24,1,100,,53000,16,0,23 24,1,100,,53006,16,,,1,72,,52993,16,0,25,1,28,,53007,16,,,1,30,,53011,16,,,1,60,,52994,16,0,25,1,10,,53008,16,,,1,72,,53012,16,,,1,43,,53001,16,0,23 24,1,85,,53002,16,0,23 24,1,100,,53003,16,0,23 24,1,100,,53004,16,0,23 24,1,100,,53005,16,0,23 24,1,100,,53009,16,,,1,100,,53010,16,,,1
700,'20260728',928,,53015,16,0,23 24,1,100,,53016,16,0,23 24,1,100,,53017,16,0,23 24,1,100,,53018,16,0,23 24,1,100,,53019,16,0,23 24,1,100,,53020,16,0,23 24,1,100,,53026,16,,,1,72,,53013,16,0,25,1,28,,53027,16,,,1,30,,53031,16,,,1,60,,53014,16,0,25,1,10,,53028,16,,,1,72,,53032,16,,,1,43,,53021,16,0,23 24,1,85,,53022,16,0,23 24,1,100,,53023,16,0,23 24,1,100,,53024,16,0,23 24,1,100,,53025,16,0,23 24,1,100,,53029,16,,,1,100,,53030,16,,,1
700,'20260729',928,,53035,16,0,23 24,1,100,,53036,16,0,23 24,1,100,,53037,16,0,23 24,1,100,,53038,16,0,23 24,1,100,,53039,16,0,23 24,1,100,,53040,16,0,23 24,1,100,,53046,16,,,1,72,,53033,16,0,25,1,28,,53047,16,,,1,30,,53051,16,,,1,60,,53034,16,0,25,1,10,,53048,16,,,1,72,,53052,16,,,1,43,,53041,16,0,23 24,1,85,,53042,16,0,23 24,1,100,,53043,16,0,23 24,1,100,,53044,16,0,23 24,1,100,,53045,16,0,23 24,1,100,,53049,16,,,1,100,,53050,16,,,1
700,'20260730',928,,53055,16,0,23 24,1,100,,53056,16,0,23 24,1,100,,53057,16,0,23 24,1,100,,53058,16,0,23 24,1,100,,53059,16,0,23 24,1,100,,53060,16,0,23 24,1,100,,53066,16,,,1,72,,53053,16,0,25,1,28,,53067,16,,,1,30,,53071,16,,,1,60,,53054,16,0,25,1,10,,53068,16,,,1,72,,53072,16,,,1,43,,53061,16,0,23 24,1,85,,53062,16,0,23 24,1,100,,53063,16,0,23 24,1,100,,53064,16,0,23 24,1,100,,53065,16,0,23 24,1,100,,53069,16,,,1,100,,53070,16,,,1
700,'20260731',928,,53075,16,0,23 24,1,100,,53076,16,0,23 24,1,100,,53077,16,0,23 24,1,100,,53078,16,0,23 24,1,100,,53079,16,0,23 24,1,100,,53080,16,0,23 24,1,100,,53086,16,,,1,72,,53073,16,0,25,1,28,,53087,16,,,1,30,,53091,16,,,1,60,,53074,16,0,25,1,10,,53088,16,,,1,72,,53092,16,,,1,43,,53081,16,0,23 24,1,85,,53082,16,0,23 24,1,100,,53083,16,0,23 24,1,100,,53084,16,0,23 24,1,100,,53085,16,0,23 24,1,100,,53089,16,,,1,100,,53090,16,,,1
700,'20260801',928,,53093,16,0,23 24,1,100,,53094,16,0,23 24,1,100,,53095,16,0,23 24,1,100,,53096,16,0,23 24,1,100,,53097,16,0,23 24,1,100,,53098,16,0,23 24,1,100,,53099,16,0,23 24,1,100,,53100,16,0,23 24,1,100,,53101,16,0,23 24,1,100,,53102,16,0,23 24,1,100,,53103,16,0,23 24,1,100,,53104,16,0,23 24,1,100,,53105,16,,,1,100,,53106,16,,,1,100,,53107,16,,,1
700,'20260802',928,,53108,16,0,23 24,1,100,,53109,16,0,23 24,1,100,,53110,16,0,23 24,1,100,,53111,16,0,23 24,1,100,,53112,16,0,23 24,1,100,,53113,16,0,23 24,1,100,,53114,16,0,23 24,1,100,,53115,16,0,23 24,1,100,,53116,16,0,23 24,1,100,,53117,16,0,23 24,1,100,,53118,16,0,23 24,1,100,,53119,16,0,23 24,1,100,,53120,16,,,1,100,,53121,16,,,1,100,,53122,16,,,1
700,'20260803',928,,53125,16,0,23 24,1,100,,53126,16,0,23 24,1,100,,53127,16,0,23 24,1,100,,53128,16,0,23 24,1,100,,53129,16,0,23 24,1,100,,53130,16,0,23 24,1,100,,64420,16,0,23 24,1,100,,64421,16,0,23 24,1,100,,64422,16,0,23 24,1,100,,53131,16,0,23 24,1,100,,53132,16,0,23 24,1,100,,53133,16,0,23 24,1,100,,64423,16,,,1,100,,64424,16,,,1,100,,53139,16,,,1
700,'20260804',928,,53145,16,0,23 24,1,100,,53146,16,0,23 24,1,100,,53147,16,0,23 24,1,100,,53148,16,0,23 24,1,100,,53149,16,0,23 24,1,100,,53150,16,0,23 24,1,100,,53156,16,,,1,72,,53143,16,0,25,1,28,,53157,16,,,1,30,,53161,16,,,1,60,,53144,16,0,25,1,10,,53158,16,,,1,72,,53162,16,,,1,43,,53151,16,0,23 24,1,85,,53152,16,0,23 24,1,100,,53153,16,0,23 24,1,100,,53154,16,0,23 24,1,100,,53155,16,0,23 24,1,100,,53159,16,,,1,100,,53160,16,,,1
700,'20260805',928,,53165,16,0,23 24,1,100,,53166,16,0,23 24,1,100,,53167,16,0,23 24,1,100,,53168,16,0,23 24,1,100,,53169,16,0,23 24,1,100,,53170,16,0,23 24,1,100,,53176,16,,,1,72,,53163,16,0,25,1,28,,53177,16,,,1,30,,53181,16,,,1,60,,53164,16,0,25,1,10,,53178,16,,,1,72,,53182,16,,,1,43,,53171,16,0,23 24,1,85,,53172,16,0,23 24,1,100,,53173,16,0,23 24,1,100,,53174,16,0,23 24,1,100,,53175,16,0,23 24,1,100,,53179,16,,,1,100,,53180,16,,,1
700,'20260806',928,,53185,16,0,23 24,1,100,,53186,16,0,23 24,1,100,,53187,16,0,23 24,1,100,,53188,16,0,23 24,1,100,,53189,16,0,23 24,1,100,,53190,16,0,23 24,1,100,,53196,16,,,1,72,,53183,16,0,25,1,28,,53197,16,,,1,30,,53201,16,,,1,60,,53184,16,0,25,1,10,,53198,16,,,1,72,,53202,16,,,1,43,,53191,16,0,23 24,1,85,,53192,16,0,23 24,1,100,,53193,16,0,23 24,1,100,,53194,16,0,23 24,1,100,,53195,16,0,23 24,1,100,,53199,16,,,1,100,,53200,16,,,1
700,'20260807',928,,53205,16,0,23 24,1,100,,53206,16,0,23 24,1,100,,53207,16,0,23 24,1,100,,53208,16,0,23 24,1,100,,53209,16,0,23 24,1,100,,53210,16,0,23 24,1,100,,53216,16,,,1,72,,53203,16,0,25,1,28,,53217,16,,,1,30,,53221,16,,,1,60,,53204,16,0,25,1,10,,53218,16,,,1,72,,53222,16,,,1,43,,53211,16,0,23 24,1,85,,53212,16,0,23 24,1,100,,53213,16,0,23 24,1,100,,53214,16,0,23 24,1,100,,53215,16,0,23 24,1,100,,53219,16,,,1,100,,53220,16,,,1
700,'20260808',928,,53223,16,0,23 24,1,100,,53224,16,0,23 24,1,100,,53225,16,0,23 24,1,100,,53226,16,0,23 24,1,100,,53227,16,0,23 24,1,100,,53228,16,0,23 24,1,100,,53229,16,0,23 24,1,100,,53230,16,0,23 24,1,100,,53231,16,0,23 24,1,100,,53232,16,0,23 24,1,100,,53233,16,0,23 24,1,100,,53234,16,0,23 24,1,100,,53235,16,,,1,100,,53236,16,,,1,100,,53237,16,,,1
700,'20260809',928,,53238,16,0,23 24,1,100,,53239,16,0,23 24,1,100,,53240,16,0,23 24,1,100,,53241,16,0,23 24,1,100,,53242,16,0,23 24,1,100,,53243,16,0,23 24,1,100,,53244,16,0,23 24,1,100,,53245,16,0,23 24,1,100,,53246,16,0,23 24,1,100,,53247,16,0,23 24,1,100,,53248,16,0,23 24,1,100,,53249,16,0,23 24,1,100,,53250,16,,,1,100,,53251,16,,,1,100,,53252,16,,,1
700,'20260810',928,,53255,16,0,23 24,1,100,,53256,16,0,23 24,1,100,,53257,16,0,23 24,1,100,,53258,16,0,23 24,1,100,,53259,16,0,23 24,1,100,,53260,16,0,23 24,1,100,,65255,16,,,1,72,,65251,16,0,25,1,28,,65256,16,,,1,30,,65259,16,,,1,60,,65252,16,0,25,1,10,,65257,16,,,1,72,,65260,16,,,1,43,,53261,16,0,23 24,1,85,,53262,16,0,23 24,1,100,,53263,16,0,23 24,1,100,,65253,16,0,23 24,1,100,,65254,16,0,23 24,1,100,,53269,16,,,1,100,,65258,16,,,1
700,'20260811',928,,53275,16,0,23 24,1,100,,53276,16,0,23 24,1,100,,53277,16,0,23 24,1,100,,53278,16,0,23 24,1,100,,53279,16,0,23 24,1,100,,53280,16,0,23 24,1,100,,53286,16,,,1,72,,53273,16,0,25,1,28,,53287,16,,,1,30,,53291,16,,,1,60,,53274,16,0,25,1,10,,53288,16,,,1,72,,53292,16,,,1,43,,53281,16,0,23 24,1,85,,53282,16,0,23 24,1,100,,53283,16,0,23 24,1,100,,53284,16,0,23 24,1,100,,53285,16,0,23 24,1,100,,53289,16,,,1,100,,53290,16,,,1
700,'20260812',928,,53295,16,0,23 24,1,100,,53296,16,0,23 24,1,100,,53297,16,0,23 24,1,100,,53298,16,0,23 24,1,100,,53299,16,0,23 24,1,100,,53300,16,0,23 24,1,100,,53306,16,,,1,72,,53293,16,0,25,1,28,,53307,16,,,1,30,,53311,16,,,1,60,,53294,16,0,25,1,10,,53308,16,,,1,72,,53312,16,,,1,43,,53301,16,0,23 24,1,85,,53302,16,0,23 24,1,100,,53303,16,0,23 24,1,100,,53304,16,0,23 24,1,100,,53305,16,0,23 24,1,100,,53309,16,,,1,100,,53310,16,,,1
700,'20260813',928,,53315,16,0,23 24,1,100,,53316,16,0,23 24,1,100,,53317,16,0,23 24,1,100,,53318,16,0,23 24,1,100,,53319,16,0,23 24,1,100,,53320,16,0,23 24,1,100,,53326,16,,,1,72,,53313,16,0,25,1,28,,53327,16,,,1,30,,53331,16,,,1,60,,53314,16,0,25,1,10,,53328,16,,,1,72,,53332,16,,,1,43,,53321,16,0,23 24,1,85,,53322,16,0,23 24,1,100,,53323,16,0,23 24,1,100,,53324,16,0,23 24,1,100,,53325,16,0,23 24,1,100,,53329,16,,,1,100,,53330,16,,,1
700,'20260814',928,,53335,16,0,23 24,1,100,,53336,16,0,23 24,1,100,,53337,16,0,23 24,1,100,,53338,16,0,23 24,1,100,,53339,16,0,23 24,1,100,,53340,16,0,23 24,1,100,,53346,16,,,1,72,,53333,16,0,25,1,28,,53347,16,,,1,30,,53351,16,,,1,60,,53334,16,0,25,1,10,,53348,16,,,1,72,,53352,16,,,1,43,,53341,16,0,23 24,1,85,,53342,16,0,23 24,1,100,,53343,16,0,23 24,1,100,,53344,16,0,23 24,1,100,,53345,16,0,23 24,1,100,,53349,16,,,1,100,,53350,16,,,1
700,'20260815',928,,53353,16,0,23 24,1,100,,53354,16,0,23 24,1,100,,53355,16,0,23 24,1,100,,53356,16,0,23 24,1,100,,53357,16,0,23 24,1,100,,53358,16,0,23 24,1,100,,53359,16,0,23 24,1,100,,53360,16,0,23 24,1,100,,53361,16,0,23 24,1,100,,53362,16,0,23 24,1,100,,53363,16,0,23 24,1,100,,53364,16,0,23 24,1,100,,53365,16,,,1,100,,53366,16,,,1,100,,53367,16,,,1
700,'20260816',928,,53368,16,0,23 24,1,100,,53369,16,0,23 24,1,100,,53370,16,0,23 24,1,100,,53371,16,0,23 24,1,100,,53372,16,0,23 24,1,100,,53373,16,0,23 24,1,100,,53374,16,0,23 24,1,100,,53375,16,0,23 24,1,100,,53376,16,0,23 24,1,100,,53377,16,0,23 24,1,100,,53378,16,0,23 24,1,100,,53379,16,0,23 24,1,100,,53380,16,,,1,100,,53381,16,,,1,100,,53382,16,,,1
700,'20260817',928,,53385,16,0,23 24,1,100,,53386,16,0,23 24,1,100,,53387,16,0,23 24,1,100,,53388,16,0,23 24,1,100,,53389,16,0,23 24,1,100,,53390,16,0,23 24,1,100,,65265,16,,,1,72,,65261,16,0,25,1,28,,65266,16,,,1,30,,65269,16,,,1,60,,65262,16,0,25,1,10,,65267,16,,,1,72,,65270,16,,,1,43,,53391,16,0,23 24,1,85,,53392,16,0,23 24,1,100,,53393,16,0,23 24,1,100,,65263,16,0,23 24,1,100,,65264,16,0,23 24,1,100,,53399,16,,,1,100,,65268,16,,,1
700,'20260818',928,,53405,16,0,23 24,1,100,,53406,16,0,23 24,1,100,,53407,16,0,23 24,1,100,,53408,16,0,23 24,1,100,,53409,16,0,23 24,1,100,,53410,16,0,23 24,1,100,,53416,16,,,1,72,,53403,16,0,25,1,28,,53417,16,,,1,30,,53421,16,,,1,60,,53404,16,0,25,1,10,,53418,16,,,1,72,,53422,16,,,1,43,,53411,16,0,23 24,1,85,,53412,16,0,23 24,1,100,,53413,16,0,23 24,1,100,,53414,16,0,23 24,1,100,,53415,16,0,23 24,1,100,,53419,16,,,1,100,,53420,16,,,1
700,'20260819',928,,53425,16,0,23 24,1,100,,53426,16,0,23 24,1,100,,53427,16,0,23 24,1,100,,53428,16,0,23 24,1,100,,53429,16,0,23 24,1,100,,53430,16,0,23 24,1,100,,53436,16,,,1,72,,53423,16,0,25,1,28,,53437,16,,,1,30,,53441,16,,,1,60,,53424,16,0,25,1,10,,53438,16,,,1,72,,53442,16,,,1,43,,53431,16,0,23 24,1,85,,53432,16,0,23 24,1,100,,53433,16,0,23 24,1,100,,53434,16,0,23 24,1,100,,53435,16,0,23 24,1,100,,53439,16,,,1,100,,53440,16,,,1
700,'20260820',928,,53445,16,0,23 24,1,100,,53446,16,0,23 24,1,100,,53447,16,0,23 24,1,100,,53448,16,0,23 24,1,100,,53449,16,0,23 24,1,100,,53450,16,0,23 24,1,100,,53456,16,,,1,72,,53443,16,0,25,1,28,,53457,16,,,1,30,,53461,16,,,1,60,,53444,16,0,25,1,10,,53458,16,,,1,72,,53462,16,,,1,43,,53451,16,0,23 24,1,85,,53452,16,0,23 24,1,100,,53453,16,0,23 24,1,100,,53454,16,0,23 24,1,100,,53455,16,0,23 24,1,100,,53459,16,,,1,100,,53460,16,,,1
700,'20260821',928,,53465,16,0,23 24,1,100,,53466,16,0,23 24,1,100,,53467,16,0,23 24,1,100,,53468,16,0,23 24,1,100,,53469,16,0,23 24,1,100,,53470,16,0,23 24,1,100,,53476,16,,,1,72,,53463,16,0,25,1,28,,53477,16,,,1,30,,53481,16,,,1,60,,53464,16,0,25,1,10,,53478,16,,,1,72,,53482,16,,,1,43,,53471,16,0,23 24,1,85,,53472,16,0,23 24,1,100,,53473,16,0,23 24,1,100,,53474,16,0,23 24,1,100,,53475,16,0,23 24,1,100,,53479,16,,,1,100,,53480,16,,,1
700,'20260822',928,,53483,16,0,23 24,1,100,,53484,16,0,23 24,1,100,,53485,16,0,23 24,1,100,,53486,16,0,23 24,1,100,,53487,16,0,23 24,1,100,,53488,16,0,23 24,1,100,,53489,16,0,23 24,1,100,,53490,16,0,23 24,1,100,,53491,16,0,23 24,1,100,,53492,16,0,23 24,1,100,,53493,16,0,23 24,1,100,,53494,16,0,23 24,1,100,,53495,16,,,1,100,,53496,16,,,1,100,,53497,16,,,1
700,'20260823',928,,53498,16,0,23 24,1,100,,53499,16,0,23 24,1,100,,53500,16,0,23 24,1,100,,53501,16,0,23 24,1,100,,53502,16,0,23 24,1,100,,53503,16,0,23 24,1,100,,53504,16,0,23 24,1,100,,53505,16,0,23 24,1,100,,53506,16,0,23 24,1,100,,53507,16,0,23 24,1,100,,53508,16,0,23 24,1,100,,53509,16,0,23 24,1,100,,53510,16,,,1,100,,53511,16,,,1,100,,53512,16,,,1
700,'20260824',928,,53515,16,0,23 24,1,100,,53516,16,0,23 24,1,100,,53517,16,0,23 24,1,100,,53518,16,0,23 24,1,100,,53519,16,0,23 24,1,100,,53520,16,0,23 24,1,100,,65275,16,,,1,72,,65271,16,0,25,1,28,,65276,16,,,1,30,,65279,16,,,1,60,,65272,16,0,25,1,10,,65277,16,,,1,72,,65280,16,,,1,43,,53521,16,0,23 24,1,85,,53522,16,0,23 24,1,100,,53523,16,0,23 24,1,100,,65273,16,0,23 24,1,100,,65274,16,0,23 24,1,100,,53529,16,,,1,100,,65278,16,,,1
700,'20260825',928,,53535,16,0,23 24,1,100,,53536,16,0,23 24,1,100,,53537,16,0,23 24,1,100,,53538,16,0,23 24,1,100,,53539,16,0,23 24,1,100,,53540,16,0,23 24,1,100,,53546,16,,,1,72,,53533,16,0,25,1,28,,53547,16,,,1,30,,53551,16,,,1,60,,53534,16,0,25,1,10,,53548,16,,,1,72,,53552,16,,,1,43,,53541,16,0,23 24,1,85,,53542,16,0,23 24,1,100,,53543,16,0,23 24,1,100,,53544,16,0,23 24,1,100,,53545,16,0,23 24,1,100,,53549,16,,,1,100,,53550,16,,,1
700,'20260826',928,,53555,16,0,23 24,1,100,,53556,16,0,23 24,1,100,,53557,16,0,23 24,1,100,,53558,16,0,23 24,1,100,,53559,16,0,23 24,1,100,,53560,16,0,23 24,1,100,,53566,16,,,1,72,,53553,16,0,25,1,28,,53567,16,,,1,30,,53571,16,,,1,60,,53554,16,0,25,1,10,,53568,16,,,1,72,,53572,16,,,1,43,,53561,16,0,23 24,1,85,,53562,16,0,23 24,1,100,,53563,16,0,23 24,1,100,,53564,16,0,23 24,1,100,,53565,16,0,23 24,1,100,,53569,16,,,1,100,,53570,16,,,1
700,'20260827',928,,53575,16,0,23 24,1,100,,53576,16,0,23 24,1,100,,53577,16,0,23 24,1,100,,53578,16,0,23 24,1,100,,53579,16,0,23 24,1,100,,53580,16,0,23 24,1,100,,53586,16,,,1,72,,53573,16,0,25,1,28,,53587,16,,,1,30,,53591,16,,,1,60,,53574,16,0,25,1,10,,53588,16,,,1,72,,53592,16,,,1,43,,53581,16,0,23 24,1,85,,53582,16,0,23 24,1,100,,53583,16,0,23 24,1,100,,53584,16,0,23 24,1,100,,53585,16,0,23 24,1,100,,53589,16,,,1,100,,53590,16,,,1
700,'20260828',928,,53595,16,0,23 24,1,100,,53596,16,0,23 24,1,100,,53597,16,0,23 24,1,100,,53598,16,0,23 24,1,100,,53599,16,0,23 24,1,100,,53600,16,0,23 24,1,100,,53606,16,,,1,72,,53593,16,0,25,1,28,,53607,16,,,1,30,,53611,16,,,1,60,,53594,16,0,25,1,10,,53608,16,,,1,72,,53612,16,,,1,43,,53601,16,0,23 24,1,85,,53602,16,0,23 24,1,100,,53603,16,0,23 24,1,100,,53604,16,0,23 24,1,100,,53605,16,0,23 24,1,100,,53609,16,,,1,100,,53610,16,,,1
700,'20260829',928,,53613,16,0,23 24,1,100,,53614,16,0,23 24,1,100,,53615,16,0,23 24,1,100,,53616,16,0,23 24,1,100,,53617,16,0,23 24,1,100,,53618,16,0,23 24,1,100,,53619,16,0,23 24,1,100,,53620,16,0,23 24,1,100,,53621,16,0,23 24,1,100,,53622,16,0,23 24,1,100,,53623,16,0,23 24,1,100,,53624,16,0,23 24,1,100,,53625,16,,,1,100,,53626,16,,,1,100,,53627,16,,,1
700,'20260830',928,,53628,16,0,23 24,1,100,,53629,16,0,23 24,1,100,,53630,16,0,23 24,1,100,,53631,16,0,23 24,1,100,,53632,16,0,23 24,1,100,,53633,16,0,23 24,1,100,,53634,16,0,23 24,1,100,,53635,16,0,23 24,1,100,,53636,16,0,23 24,1,100,,53637,16,0,23 24,1,100,,53638,16,0,23 24,1,100,,53639,16,0,23 24,1,100,,53640,16,,,1,100,,53641,16,,,1,100,,53642,16,,,1
700,'20260831',928,,53645,16,0,23 24,1,100,,53646,16,0,23 24,1,100,,53647,16,0,23 24,1,100,,53648,16,0,23 24,1,100,,53649,16,0,23 24,1,100,,53650,16,0,23 24,1,100,,65285,16,,,1,72,,65281,16,0,25,1,28,,65286,16,,,1,30,,65289,16,,,1,60,,65282,16,0,25,1,10,,65287,16,,,1,72,,65290,16,,,1,43,,53651,16,0,23 24,1,85,,53652,16,0,23 24,1,100,,53653,16,0,23 24,1,100,,65283,16,0,23 24,1,100,,65284,16,0,23 24,1,100,,53659,16,,,1,100,,65288,16,,,1
700,'20260901',928,,53665,16,0,23 24,1,100,,53666,16,0,23 24,1,100,,53667,16,0,23 24,1,100,,53668,16,0,23 24,1,100,,53669,16,0,23 24,1,100,,53670,16,0,23 24,1,100,,53676,16,,,1,72,,53663,16,0,25,1,28,,53677,16,,,1,30,,53681,16,,,1,60,,53664,16,0,25,1,10,,53678,16,,,1,72,,53682,16,,,1,43,,53671,16,0,23 24,1,85,,53672,16,0,23 24,1,100,,53673,16,0,23 24,1,100,,53674,16,0,23 24,1,100,,53675,16,0,23 24,1,100,,53679,16,,,1,100,,53680,16,,,1
700,'20260902',928,,53685,16,0,23 24,1,100,,53686,16,0,23 24,1,100,,53687,16,0,23 24,1,100,,53688,16,0,23 24,1,100,,53689,16,0,23 24,1,100,,53690,16,0,23 24,1,100,,53696,16,,,1,72,,53683,16,0,25,1,28,,53697,16,,,1,30,,53701,16,,,1,60,,53684,16,0,25,1,10,,53698,16,,,1,72,,53702,16,,,1,43,,53691,16,0,23 24,1,85,,53692,16,0,23 24,1,100,,53693,16,0,23 24,1,100,,53694,16,0,23 24,1,100,,53695,16,0,23 24,1,100,,53699,16,,,1,100,,53700,16,,,1
700,'20260903',928,,53705,16,0,23 24,1,100,,53706,16,0,23 24,1,100,,53707,16,0,23 24,1,100,,53708,16,0,23 24,1,100,,53709,16,0,23 24,1,100,,53710,16,0,23 24,1,100,,53716,16,,,1,72,,53703,16,0,25,1,28,,53717,16,,,1,30,,53721,16,,,1,60,,53704,16,0,25,1,10,,53718,16,,,1,72,,53722,16,,,1,43,,53711,16,0,23 24,1,85,,53712,16,0,23 24,1,100,,53713,16,0,23 24,1,100,,53714,16,0,23 24,1,100,,53715,16,0,23 24,1,100,,53719,16,,,1,100,,53720,16,,,1
700,'20260904',928,,53725,16,0,23 24,1,100,,53726,16,0,23 24,1,100,,53727,16,0,23 24,1,100,,53728,16,0,23 24,1,100,,53729,16,0,23 24,1,100,,53730,16,0,23 24,1,100,,53736,16,,,1,72,,53723,16,0,25,1,28,,53737,16,,,1,30,,53741,16,,,1,60,,53724,16,0,25,1,10,,53738,16,,,1,72,,53742,16,,,1,43,,53731,16,0,23 24,1,85,,53732,16,0,23 24,1,100,,53733,16,0,23 24,1,100,,53734,16,0,23 24,1,100,,53735,16,0,23 24,1,100,,53739,16,,,1,100,,53740,16,,,1
701,'20260716',551,,54355,13,,,1,100,,54356,13,,,1,70,,54360,13,,,1,30,,54357,13,,,1,60,,54344,5,,,1,10,,54361,13,,,1,30,,54358,13,,,1,100,,54359,13,,,1,100,,54345,10,,,1,100,,54346,10,,,1,100,,54347,10,,,1,100,,54348,10,,,1,100,,54349,10,,,1,100,,54350,10,,,1,200,,54343,5,,,1,200,,54351,10,,,1,100,,54352,10,,,1,100,,54353,10,,,1,100,,54354,10,,,1
701,'20260717',551,,54374,13,,,1,100,,54375,13,,,1,70,,54379,13,,,1,30,,54376,13,,,1,60,,54363,5,,,1,10,,54380,13,,,1,30,,54377,13,,,1,100,,54378,13,,,1,100,,54364,10,,,1,100,,54365,10,,,1,100,,54366,10,,,1,100,,54367,10,,,1,100,,54368,10,,,1,100,,54369,10,,,1,200,,54362,5,,,1,200,,54370,10,,,1,100,,54371,10,,,1,100,,54372,10,,,1,100,,54373,10,,,1
701,'20260718',751,,54393,13,,,1,100,,54394,13,,,1,100,,54395,13,,,1,100,,54381,10,,,1,100,,54382,10,,,1,100,,54383,10,,,1,100,,54384,10,,,1,100,,54385,10,,,1,100,,54386,10,,,1,100,,54387,10,,,1,100,,54388,10,,,1,100,,54389,10,,,1,100,,54390,10,,,1,100,,54391,10,,,1,100,,54392,10,,,1
701,'20260719',751,,54408,13,,,1,100,,54409,13,,,1,100,,54410,13,,,1,100,,54396,10,,,1,100,,54397,10,,,1,100,,54398,10,,,1,100,,54399,10,,,1,100,,54400,10,,,1,100,,54401,10,,,1,100,,54402,10,,,1,100,,54403,10,,,1,100,,54404,10,,,1,100,,54405,10,,,1,100,,54406,10,,,1,100,,54407,10,,,1
701,'20260720',551,,54423,13,,,1,100,,54424,13,,,1,70,,54428,13,,,1,30,,54425,13,,,1,60,,54412,5,,,1,10,,54429,13,,,1,30,,54426,13,,,1,100,,54427,13,,,1,100,,54413,10,,,1,100,,54414,10,,,1,100,,54415,10,,,1,100,,54416,10,,,1,100,,54417,10,,,1,100,,54418,10,,,1,200,,54411,5,,,1,200,,54419,10,,,1,100,,54420,10,,,1,100,,54421,10,,,1,100,,54422,10,,,1
701,'20260721',551,,54442,13,,,1,100,,54443,13,,,1,70,,54447,13,,,1,30,,54444,13,,,1,60,,54431,5,,,1,10,,54448,13,,,1,30,,54445,13,,,1,100,,54446,13,,,1,100,,54432,10,,,1,100,,54433,10,,,1,100,,54434,10,,,1,100,,54435,10,,,1,100,,54436,10,,,1,100,,54437,10,,,1,200,,54430,5,,,1,200,,54438,10,,,1,100,,54439,10,,,1,100,,54440,10,,,1,100,,54441,10,,,1
701,'20260722',551,,54461,13,,,1,100,,54462,13,,,1,70,,54466,13,,,1,30,,54463,13,,,1,60,,54450,5,,,1,10,,54467,13,,,1,30,,54464,13,,,1,100,,54465,13,,,1,100,,54451,10,,,1,100,,54452,10,,,1,100,,54453,10,,,1,100,,54454,10,,,1,100,,54455,10,,,1,100,,54456,10,,,1,200,,54449,5,,,1,200,,54457,10,,,1,100,,54458,10,,,1,100,,54459,10,,,1,100,,54460,10,,,1
701,'20260723',551,,54480,13,,,1,100,,54481,13,,,1,70,,54485,13,,,1,30,,54482,13,,,1,60,,54469,5,,,1,10,,54486,13,,,1,30,,54483,13,,,1,100,,54484,13,,,1,100,,54470,10,,,1,100,,54471,10,,,1,100,,54472,10,,,1,100,,54473,10,,,1,100,,54474,10,,,1,100,,54475,10,,,1,200,,54468,5,,,1,200,,54476,10,,,1,100,,54477,10,,,1,100,,54478,10,,,1,100,,54479,10,,,1
701,'20260724',551,,54499,13,,,1,100,,54500,13,,,1,70,,54504,13,,,1,30,,54501,13,,,1,60,,54488,5,,,1,10,,54505,13,,,1,30,,54502,13,,,1,100,,54503,13,,,1,100,,54489,10,,,1,100,,54490,10,,,1,100,,54491,10,,,1,100,,54492,10,,,1,100,,54493,10,,,1,100,,54494,10,,,1,200,,54487,5,,,1,200,,54495,10,,,1,100,,54496,10,,,1,100,,54497,10,,,1,100,,54498,10,,,1
701,'20260725',751,,54518,13,,,1,100,,54519,13,,,1,100,,54520,13,,,1,100,,54506,10,,,1,100,,54507,10,,,1,100,,54508,10,,,1,100,,54509,10,,,1,100,,54510,10,,,1,100,,54511,10,,,1,100,,54512,10,,,1,100,,54513,10,,,1,100,,54514,10,,,1,100,,54515,10,,,1,100,,54516,10,,,1,100,,54517,10,,,1
701,'20260726',751,,54533,13,,,1,100,,54534,13,,,1,100,,54535,13,,,1,100,,54521,10,,,1,100,,54522,10,,,1,100,,54523,10,,,1,100,,54524,10,,,1,100,,54525,10,,,1,100,,54526,10,,,1,100,,54527,10,,,1,100,,54528,10,,,1,100,,54529,10,,,1,100,,54530,10,,,1,100,,54531,10,,,1,100,,54532,10,,,1
701,'20260727',551,,54548,13,,,1,100,,54549,13,,,1,70,,54553,13,,,1,30,,54550,13,,,1,60,,54537,5,,,1,10,,54554,13,,,1,30,,54551,13,,,1,100,,54552,13,,,1,100,,54538,10,,,1,100,,54539,10,,,1,100,,54540,10,,,1,100,,54541,10,,,1,100,,54542,10,,,1,100,,54543,10,,,1,200,,54536,5,,,1,200,,54544,10,,,1,100,,54545,10,,,1,100,,54546,10,,,1,100,,54547,10,,,1
701,'20260728',551,,54567,13,,,1,100,,54568,13,,,1,70,,54572,13,,,1,30,,54569,13,,,1,60,,54556,5,,,1,10,,54573,13,,,1,30,,54570,13,,,1,100,,54571,13,,,1,100,,54557,10,,,1,100,,54558,10,,,1,100,,54559,10,,,1,100,,54560,10,,,1,100,,54561,10,,,1,100,,54562,10,,,1,200,,54555,5,,,1,200,,54563,10,,,1,100,,54564,10,,,1,100,,54565,10,,,1,100,,54566,10,,,1
701,'20260729',551,,54586,13,,,1,100,,54587,13,,,1,70,,54591,13,,,1,30,,54588,13,,,1,60,,54575,5,,,1,10,,54592,13,,,1,30,,54589,13,,,1,100,,54590,13,,,1,100,,54576,10,,,1,100,,54577,10,,,1,100,,54578,10,,,1,100,,54579,10,,,1,100,,54580,10,,,1,100,,54581,10,,,1,200,,54574,5,,,1,200,,54582,10,,,1,100,,54583,10,,,1,100,,54584,10,,,1,100,,54585,10,,,1
701,'20260730',551,,54605,13,,,1,100,,54606,13,,,1,70,,54610,13,,,1,30,,54607,13,,,1,60,,54594,5,,,1,10,,54611,13,,,1,30,,54608,13,,,1,100,,54609,13,,,1,100,,54595,10,,,1,100,,54596,10,,,1,100,,54597,10,,,1,100,,54598,10,,,1,100,,54599,10,,,1,100,,54600,10,,,1,200,,54593,5,,,1,200,,54601,10,,,1,100,,54602,10,,,1,100,,54603,10,,,1,100,,54604,10,,,1
701,'20260731',551,,54624,13,,,1,100,,54625,13,,,1,70,,54629,13,,,1,30,,54626,13,,,1,60,,54613,5,,,1,10,,54630,13,,,1,30,,54627,13,,,1,100,,54628,13,,,1,100,,54614,10,,,1,100,,54615,10,,,1,100,,54616,10,,,1,100,,54617,10,,,1,100,,54618,10,,,1,100,,54619,10,,,1,200,,54612,5,,,1,200,,54620,10,,,1,100,,54621,10,,,1,100,,54622,10,,,1,100,,54623,10,,,1
701,'20260801',751,,54643,13,,,1,100,,54644,13,,,1,100,,54645,13,,,1,100,,54631,10,,,1,100,,54632,10,,,1,100,,54633,10,,,1,100,,54634,10,,,1,100,,54635,10,,,1,100,,54636,10,,,1,100,,54637,10,,,1,100,,54638,10,,,1,100,,54639,10,,,1,100,,54640,10,,,1,100,,54641,10,,,1,100,,54642,10,,,1
701,'20260802',751,,54658,13,,,1,100,,54659,13,,,1,100,,54660,13,,,1,100,,54646,10,,,1,100,,54647,10,,,1,100,,54648,10,,,1,100,,54649,10,,,1,100,,54650,10,,,1,100,,54651,10,,,1,100,,54652,10,,,1,100,,54653,10,,,1,100,,54654,10,,,1,100,,54655,10,,,1,100,,54656,10,,,1,100,,54657,10,,,1
701,'20260803',751,,54675,13,,,1,100,,54676,13,,,1,100,,54677,13,,,1,100,,54663,10,,,1,100,,54664,10,,,1,100,,54665,10,,,1,100,,54666,10,,,1,100,,54667,10,,,1,100,,54668,10,,,1,100,,64445,10,,,1,100,,64446,10,,,1,100,,64447,10,,,1,100,,54669,10,,,1,100,,54670,10,,,1,100,,54671,10,,,1
701,'20260804',551,,54692,13,,,1,100,,54693,13,,,1,70,,54697,13,,,1,30,,54694,13,,,1,60,,54681,5,,,1,10,,54698,13,,,1,30,,54695,13,,,1,100,,54696,13,,,1,100,,54682,10,,,1,100,,54683,10,,,1,100,,54684,10,,,1,100,,54685,10,,,1,100,,54686,10,,,1,100,,54687,10,,,1,200,,54680,5,,,1,200,,54688,10,,,1,100,,54689,10,,,1,100,,54690,10,,,1,100,,54691,10,,,1
701,'20260805',551,,54711,13,,,1,100,,54712,13,,,1,70,,54716,13,,,1,30,,54713,13,,,1,60,,54700,5,,,1,10,,54717,13,,,1,30,,54714,13,,,1,100,,54715,13,,,1,100,,54701,10,,,1,100,,54702,10,,,1,100,,54703,10,,,1,100,,54704,10,,,1,100,,54705,10,,,1,100,,54706,10,,,1,200,,54699,5,,,1,200,,54707,10,,,1,100,,54708,10,,,1,100,,54709,10,,,1,100,,54710,10,,,1
701,'20260806',551,,54730,13,,,1,100,,54731,13,,,1,70,,54735,13,,,1,30,,54732,13,,,1,60,,54719,5,,,1,10,,54736,13,,,1,30,,54733,13,,,1,100,,54734,13,,,1,100,,54720,10,,,1,100,,54721,10,,,1,100,,54722,10,,,1,100,,54723,10,,,1,100,,54724,10,,,1,100,,54725,10,,,1,200,,54718,5,,,1,200,,54726,10,,,1,100,,54727,10,,,1,100,,54728,10,,,1,100,,54729,10,,,1
701,'20260807',551,,54749,13,,,1,100,,54750,13,,,1,70,,54754,13,,,1,30,,54751,13,,,1,60,,54738,5,,,1,10,,54755,13,,,1,30,,54752,13,,,1,100,,54753,13,,,1,100,,54739,10,,,1,100,,54740,10,,,1,100,,54741,10,,,1,100,,54742,10,,,1,100,,54743,10,,,1,100,,54744,10,,,1,200,,54737,5,,,1,200,,54745,10,,,1,100,,54746,10,,,1,100,,54747,10,,,1,100,,54748,10,,,1
701,'20260808',751,,54768,13,,,1,100,,54769,13,,,1,100,,54770,13,,,1,100,,54756,10,,,1,100,,54757,10,,,1,100,,54758,10,,,1,100,,54759,10,,,1,100,,54760,10,,,1,100,,54761,10,,,1,100,,54762,10,,,1,100,,54763,10,,,1,100,,54764,10,,,1,100,,54765,10,,,1,100,,54766,10,,,1,100,,54767,10,,,1
701,'20260809',751,,54783,13,,,1,100,,54784,13,,,1,100,,54785,13,,,1,100,,54771,10,,,1,100,,54772,10,,,1,100,,54773,10,,,1,100,,54774,10,,,1,100,,54775,10,,,1,100,,54776,10,,,1,100,,54777,10,,,1,100,,54778,10,,,1,100,,54779,10,,,1,100,,54780,10,,,1,100,,54781,10,,,1,100,,54782,10,,,1
701,'20260810',551,,65294,13,,,1,100,,65295,13,,,1,70,,65296,13,,,1,30,,54800,13,,,1,60,,65292,5,,,1,10,,65297,13,,,1,30,,54801,13,,,1,100,,54802,13,,,1,100,,54788,10,,,1,100,,54789,10,,,1,100,,54790,10,,,1,100,,54791,10,,,1,100,,54792,10,,,1,100,,54793,10,,,1,200,,65291,5,,,1,200,,54794,10,,,1,100,,54795,10,,,1,100,,54796,10,,,1,100,,65293,10,,,1
701,'20260811',551,,54817,13,,,1,100,,54818,13,,,1,70,,54822,13,,,1,30,,54819,13,,,1,60,,54806,5,,,1,10,,54823,13,,,1,30,,54820,13,,,1,100,,54821,13,,,1,100,,54807,10,,,1,100,,54808,10,,,1,100,,54809,10,,,1,100,,54810,10,,,1,100,,54811,10,,,1,100,,54812,10,,,1,200,,54805,5,,,1,200,,54813,10,,,1,100,,54814,10,,,1,100,,54815,10,,,1,100,,54816,10,,,1
701,'20260812',551,,54836,13,,,1,100,,54837,13,,,1,70,,54841,13,,,1,30,,54838,13,,,1,60,,54825,5,,,1,10,,54842,13,,,1,30,,54839,13,,,1,100,,54840,13,,,1,100,,54826,10,,,1,100,,54827,10,,,1,100,,54828,10,,,1,100,,54829,10,,,1,100,,54830,10,,,1,100,,54831,10,,,1,200,,54824,5,,,1,200,,54832,10,,,1,100,,54833,10,,,1,100,,54834,10,,,1,100,,54835,10,,,1
701,'20260813',551,,54855,13,,,1,100,,54856,13,,,1,70,,54860,13,,,1,30,,54857,13,,,1,60,,54844,5,,,1,10,,54861,13,,,1,30,,54858,13,,,1,100,,54859,13,,,1,100,,54845,10,,,1,100,,54846,10,,,1,100,,54847,10,,,1,100,,54848,10,,,1,100,,54849,10,,,1,100,,54850,10,,,1,200,,54843,5,,,1,200,,54851,10,,,1,100,,54852,10,,,1,100,,54853,10,,,1,100,,54854,10,,,1
701,'20260814',551,,54874,13,,,1,100,,54875,13,,,1,70,,54879,13,,,1,30,,54876,13,,,1,60,,54863,5,,,1,10,,54880,13,,,1,30,,54877,13,,,1,100,,54878,13,,,1,100,,54864,10,,,1,100,,54865,10,,,1,100,,54866,10,,,1,100,,54867,10,,,1,100,,54868,10,,,1,100,,54869,10,,,1,200,,54862,5,,,1,200,,54870,10,,,1,100,,54871,10,,,1,100,,54872,10,,,1,100,,54873,10,,,1
701,'20260815',751,,54893,13,,,1,100,,54894,13,,,1,100,,54895,13,,,1,100,,54881,10,,,1,100,,54882,10,,,1,100,,54883,10,,,1,100,,54884,10,,,1,100,,54885,10,,,1,100,,54886,10,,,1,100,,54887,10,,,1,100,,54888,10,,,1,100,,54889,10,,,1,100,,54890,10,,,1,100,,54891,10,,,1,100,,54892,10,,,1
701,'20260816',751,,54908,13,,,1,100,,54909,13,,,1,100,,54910,13,,,1,100,,54896,10,,,1,100,,54897,10,,,1,100,,54898,10,,,1,100,,54899,10,,,1,100,,54900,10,,,1,100,,54901,10,,,1,100,,54902,10,,,1,100,,54903,10,,,1,100,,54904,10,,,1,100,,54905,10,,,1,100,,54906,10,,,1,100,,54907,10,,,1
701,'20260817',551,,65301,13,,,1,100,,65302,13,,,1,70,,65303,13,,,1,30,,54925,13,,,1,60,,65299,5,,,1,10,,65304,13,,,1,30,,54926,13,,,1,100,,54927,13,,,1,100,,54913,10,,,1,100,,54914,10,,,1,100,,54915,10,,,1,100,,54916,10,,,1,100,,54917,10,,,1,100,,54918,10,,,1,200,,65298,5,,,1,200,,54919,10,,,1,100,,54920,10,,,1,100,,54921,10,,,1,100,,65300,10,,,1
701,'20260818',551,,54942,13,,,1,100,,54943,13,,,1,70,,54947,13,,,1,30,,54944,13,,,1,60,,54931,5,,,1,10,,54948,13,,,1,30,,54945,13,,,1,100,,54946,13,,,1,100,,54932,10,,,1,100,,54933,10,,,1,100,,54934,10,,,1,100,,54935,10,,,1,100,,54936,10,,,1,100,,54937,10,,,1,200,,54930,5,,,1,200,,54938,10,,,1,100,,54939,10,,,1,100,,54940,10,,,1,100,,54941,10,,,1
701,'20260819',551,,54961,13,,,1,100,,54962,13,,,1,70,,54966,13,,,1,30,,54963,13,,,1,60,,54950,5,,,1,10,,54967,13,,,1,30,,54964,13,,,1,100,,54965,13,,,1,100,,54951,10,,,1,100,,54952,10,,,1,100,,54953,10,,,1,100,,54954,10,,,1,100,,54955,10,,,1,100,,54956,10,,,1,200,,54949,5,,,1,200,,54957,10,,,1,100,,54958,10,,,1,100,,54959,10,,,1,100,,54960,10,,,1
701,'20260820',551,,54980,13,,,1,100,,54981,13,,,1,70,,54985,13,,,1,30,,54982,13,,,1,60,,54969,5,,,1,10,,54986,13,,,1,30,,54983,13,,,1,100,,54984,13,,,1,100,,54970,10,,,1,100,,54971,10,,,1,100,,54972,10,,,1,100,,54973,10,,,1,100,,54974,10,,,1,100,,54975,10,,,1,200,,54968,5,,,1,200,,54976,10,,,1,100,,54977,10,,,1,100,,54978,10,,,1,100,,54979,10,,,1
701,'20260821',551,,54999,13,,,1,100,,55000,13,,,1,70,,55004,13,,,1,30,,55001,13,,,1,60,,54988,5,,,1,10,,55005,13,,,1,30,,55002,13,,,1,100,,55003,13,,,1,100,,54989,10,,,1,100,,54990,10,,,1,100,,54991,10,,,1,100,,54992,10,,,1,100,,54993,10,,,1,100,,54994,10,,,1,200,,54987,5,,,1,200,,54995,10,,,1,100,,54996,10,,,1,100,,54997,10,,,1,100,,54998,10,,,1
701,'20260822',751,,55018,13,,,1,100,,55019,13,,,1,100,,55020,13,,,1,100,,55006,10,,,1,100,,55007,10,,,1,100,,55008,10,,,1,100,,55009,10,,,1,100,,55010,10,,,1,100,,55011,10,,,1,100,,55012,10,,,1,100,,55013,10,,,1,100,,55014,10,,,1,100,,55015,10,,,1,100,,55016,10,,,1,100,,55017,10,,,1
701,'20260823',751,,55033,13,,,1,100,,55034,13,,,1,100,,55035,13,,,1,100,,55021,10,,,1,100,,55022,10,,,1,100,,55023,10,,,1,100,,55024,10,,,1,100,,55025,10,,,1,100,,55026,10,,,1,100,,55027,10,,,1,100,,55028,10,,,1,100,,55029,10,,,1,100,,55030,10,,,1,100,,55031,10,,,1,100,,55032,10,,,1
701,'20260824',551,,65308,13,,,1,100,,65309,13,,,1,70,,65310,13,,,1,30,,55050,13,,,1,60,,65306,5,,,1,10,,65311,13,,,1,30,,55051,13,,,1,100,,55052,13,,,1,100,,55038,10,,,1,100,,55039,10,,,1,100,,55040,10,,,1,100,,55041,10,,,1,100,,55042,10,,,1,100,,55043,10,,,1,200,,65305,5,,,1,200,,55044,10,,,1,100,,55045,10,,,1,100,,55046,10,,,1,100,,65307,10,,,1
701,'20260825',551,,55067,13,,,1,100,,55068,13,,,1,70,,55072,13,,,1,30,,55069,13,,,1,60,,55056,5,,,1,10,,55073,13,,,1,30,,55070,13,,,1,100,,55071,13,,,1,100,,55057,10,,,1,100,,55058,10,,,1,100,,55059,10,,,1,100,,55060,10,,,1,100,,55061,10,,,1,100,,55062,10,,,1,200,,55055,5,,,1,200,,55063,10,,,1,100,,55064,10,,,1,100,,55065,10,,,1,100,,55066,10,,,1
701,'20260826',551,,55086,13,,,1,100,,55087,13,,,1,70,,55091,13,,,1,30,,55088,13,,,1,60,,55075,5,,,1,10,,55092,13,,,1,30,,55089,13,,,1,100,,55090,13,,,1,100,,55076,10,,,1,100,,55077,10,,,1,100,,55078,10,,,1,100,,55079,10,,,1,100,,55080,10,,,1,100,,55081,10,,,1,200,,55074,5,,,1,200,,55082,10,,,1,100,,55083,10,,,1,100,,55084,10,,,1,100,,55085,10,,,1
701,'20260827',551,,55105,13,,,1,100,,55106,13,,,1,70,,55110,13,,,1,30,,55107,13,,,1,60,,55094,5,,,1,10,,55111,13,,,1,30,,55108,13,,,1,100,,55109,13,,,1,100,,55095,10,,,1,100,,55096,10,,,1,100,,55097,10,,,1,100,,55098,10,,,1,100,,55099,10,,,1,100,,55100,10,,,1,200,,55093,5,,,1,200,,55101,10,,,1,100,,55102,10,,,1,100,,55103,10,,,1,100,,55104,10,,,1
701,'20260828',551,,55124,13,,,1,100,,55125,13,,,1,70,,55129,13,,,1,30,,55126,13,,,1,60,,55113,5,,,1,10,,55130,13,,,1,30,,55127,13,,,1,100,,55128,13,,,1,100,,55114,10,,,1,100,,55115,10,,,1,100,,55116,10,,,1,100,,55117,10,,,1,100,,55118,10,,,1,100,,55119,10,,,1,200,,55112,5,,,1,200,,55120,10,,,1,100,,55121,10,,,1,100,,55122,10,,,1,100,,55123,10,,,1
701,'20260829',751,,55143,13,,,1,100,,55144,13,,,1,100,,55145,13,,,1,100,,55131,10,,,1,100,,55132,10,,,1,100,,55133,10,,,1,100,,55134,10,,,1,100,,55135,10,,,1,100,,55136,10,,,1,100,,55137,10,,,1,100,,55138,10,,,1,100,,55139,10,,,1,100,,55140,10,,,1,100,,55141,10,,,1,100,,55142,10,,,1
701,'20260830',751,,55158,13,,,1,100,,55159,13,,,1,100,,55160,13,,,1,100,,55146,10,,,1,100,,55147,10,,,1,100,,55148,10,,,1,100,,55149,10,,,1,100,,55150,10,,,1,100,,55151,10,,,1,100,,55152,10,,,1,100,,55153,10,,,1,100,,55154,10,,,1,100,,55155,10,,,1,100,,55156,10,,,1,100,,55157,10,,,1
701,'20260831',551,,65315,13,,,1,100,,65316,13,,,1,70,,65317,13,,,1,30,,55175,13,,,1,60,,65313,5,,,1,10,,65318,13,,,1,30,,55176,13,,,1,100,,55177,13,,,1,100,,55163,10,,,1,100,,55164,10,,,1,100,,55165,10,,,1,100,,55166,10,,,1,100,,55167,10,,,1,100,,55168,10,,,1,200,,65312,5,,,1,200,,55169,10,,,1,100,,55170,10,,,1,100,,55171,10,,,1,100,,65314,10,,,1
701,'20260901',551,,55192,13,,,1,100,,55193,13,,,1,70,,55197,13,,,1,30,,55194,13,,,1,60,,55181,5,,,1,10,,55198,13,,,1,30,,55195,13,,,1,100,,55196,13,,,1,100,,55182,10,,,1,100,,55183,10,,,1,100,,55184,10,,,1,100,,55185,10,,,1,100,,55186,10,,,1,100,,55187,10,,,1,200,,55180,5,,,1,200,,55188,10,,,1,100,,55189,10,,,1,100,,55190,10,,,1,100,,55191,10,,,1
701,'20260902',551,,55211,13,,,1,100,,55212,13,,,1,70,,55216,13,,,1,30,,55213,13,,,1,60,,55200,5,,,1,10,,55217,13,,,1,30,,55214,13,,,1,100,,55215,13,,,1,100,,55201,10,,,1,100,,55202,10,,,1,100,,55203,10,,,1,100,,55204,10,,,1,100,,55205,10,,,1,100,,55206,10,,,1,200,,55199,5,,,1,200,,55207,10,,,1,100,,55208,10,,,1,100,,55209,10,,,1,100,,55210,10,,,1
701,'20260903',551,,55230,13,,,1,100,,55231,13,,,1,70,,55235,13,,,1,30,,55232,13,,,1,60,,55219,5,,,1,10,,55236,13,,,1,30,,55233,13,,,1,100,,55234,13,,,1,100,,55220,10,,,1,100,,55221,10,,,1,100,,55222,10,,,1,100,,55223,10,,,1,100,,55224,10,,,1,100,,55225,10,,,1,200,,55218,5,,,1,200,,55226,10,,,1,100,,55227,10,,,1,100,,55228,10,,,1,100,,55229,10,,,1
701,'20260904',551,,55249,13,,,1,100,,55250,13,,,1,70,,55254,13,,,1,30,,55251,13,,,1,60,,55238,5,,,1,10,,55255,13,,,1,30,,55252,13,,,1,100,,55253,13,,,1,100,,55239,10,,,1,100,,55240,10,,,1,100,,55241,10,,,1,100,,55242,10,,,1,100,,55243,10,,,1,100,,55244,10,,,1,200,,55237,5,,,1,200,,55245,10,,,1,100,,55246,10,,,1,100,,55247,10,,,1,100,,55248,10,,,1
