200,'20260722',1620,,41940,25,,,1,30,,41941,25,,,1,55,,41942,25,,,1,15,,41943,25,,,1,15,,41944,25,,,1,15,,41945,25,,,1,55,,41946,25,,,1,30,,41947,25,,,1,70,,41948,25,,,1,45,,41949,25,,,1
200,'20260723',1620,,41950,25,,,1,30,,41951,25,,,1,55,,41952,25,,,1,15,,41953,25,,,1,15,,41954,25,,,1,15,,41955,25,,,1,55,,41956,25,,,1,30,,41957,25,,,1,70,,41958,25,,,1,45,,41959,25,,,1
200,'20260724',1620,,41960,25,,,1,30,,41961,25,,,1,55,,41962,25,,,1,15,,41963,25,,,1,15,,41964,25,,,1,15,,41965,25,,,1,55,,41966,25,,,1,30,,41967,25,,,1,70,,41968,25,,,1,45,,41969,25,,,1
200,'20260727',1620,,41970,25,,,1,30,,41971,25,,,1,55,,41972,25,,,1,15,,41973,25,,,1,15,,41974,25,,,1,15,,41975,25,,,1,55,,41976,25,,,1,30,,41977,25,,,1,70,,41978,25,,,1,45,,41979,25,,,1
200,'20260728',1620,,41980,25,,,1,30,,41981,25,,,1,55,,41982,25,,,1,15,,41983,25,,,1,15,,41984,25,,,1,15,,41985,25,,,1,55,,41986,25,,,1,30,,41987,25,,,1,70,,41988,25,,,1,45,,41989,25,,,1
200,'20260729',1620,,41990,25,,,1,30,,41991,25,,,1,55,,41992,25,,,1,15,,41993,25,,,1,15,,41994,25,,,1,15,,41995,25,,,1,55,,41996,25,,,1,30,,41997,25,,,1,70,,41998,25,,,1,45,,41999,25,,,1
200,'20260730',1620,,42000,25,,,1,30,,42001,25,,,1,55,,42002,25,,,1,15,,42003,25,,,1,15,,42004,25,,,1,15,,42005,25,,,1,55,,42006,25,,,1,30,,42007,25,,,1,70,,42008,25,,,1,45,,42009,25,,,1
200,'20260731',1620,,42010,25,,,1,30,,42011,25,,,1,55,,42012,25,,,1,15,,42013,25,,,1,15,,42014,25,,,1,15,,42015,25,,,1,55,,42016,25,,,1,30,,42017,25,,,1,70,,42018,25,,,1,45,,42019,25,,,1
200,'20260804',1620,,42030,25,,,1,30,,42031,25,,,1,55,,42032,25,,,1,15,,42033,25,,,1,15,,42034,25,,,1,15,,42035,25,,,1,55,,42036,25,,,1,30,,42037,25,,,1,70,,42038,25,,,1,45,,42039,25,,,1
200,'20260805',1620,,42040,25,,,1,30,,42041,25,,,1,55,,42042,25,,,1,15,,42043,25,,,1,15,,42044,25,,,1,15,,42045,25,,,1,55,,42046,25,,,1,30,,42047,25,,,1,70,,42048,25,,,1,45,,42049,25,,,1
200,'20260806',1620,,42050,25,,,1,30,,42051,25,,,1,55,,42052,25,,,1,15,,42053,25,,,1,15,,42054,25,,,1,15,,42055,25,,,1,55,,42056,25,,,1,30,,42057,25,,,1,70,,42058,25,,,1,45,,42059,25,,,1
200,'20260807',1620,,42060,25,,,1,30,,42061,25,,,1,55,,42062,25,,,1,15,,42063,25,,,1,15,,42064,25,,,1,15,,42065,25,,,1,55,,42066,25,,,1,30,,42067,25,,,1,70,,42068,25,,,1,45,,42069,25,,,1
200,'20260810',1620,,64795,25,,,1,30,,64796,25,,,1,55,,64797,25,,,1,15,,64798,25,,,1,15,,64799,25,,,1,15,,64800,25,,,1,55,,64801,25,,,1,30,,64802,25,,,1,70,,64803,25,,,1,45,,64804,25,,,1
200,'20260811',1620,,42080,25,,,1,30,,42081,25,,,1,55,,42082,25,,,1,15,,42083,25,,,1,15,,42084,25,,,1,15,,42085,25,,,1,55,,42086,25,,,1,30,,42087,25,,,1,70,,42088,25,,,1,45,,42089,25,,,1
200,'20260812',1620,,42090,25,,,1,30,,42091,25,,,1,55,,42092,25,,,1,15,,42093,25,,,1,15,,42094,25,,,1,15,,42095,25,,,1,55,,42096,25,,,1,30,,42097,25,,,1,70,,42098,25,,,1,45,,42099,25,,,1
200,'20260813',1620,,42100,25,,,1,30,,42101,25,,,1,55,,42102,25,,,1,15,,42103,25,,,1,15,,42104,25,,,1,15,,42105,25,,,1,55,,42106,25,,,1,30,,42107,25,,,1,70,,42108,25,,,1,45,,42109,25,,,1
200,'20260814',1620,,42110,25,,,1,30,,42111,25,,,1,55,,42112,25,,,1,15,,42113,25,,,1,15,,42114,25,,,1,15,,42115,25,,,1,55,,42116,25,,,1,30,,42117,25,,,1,70,,42118,25,,,1,45,,42119,25,,,1
200,'20260817',1620,,64805,25,,,1,30,,64806,25,,,1,55,,64807,25,,,1,15,,64808,25,,,1,15,,64809,25,,,1,15,,64810,25,,,1,55,,64811,25,,,1,30,,64812,25,,,1,70,,64813,25,,,1,45,,64814,25,,,1
200,'20260818',1620,,42130,25,,,1,30,,42131,25,,,1,55,,42132,25,,,1,15,,42133,25,,,1,15,,42134,25,,,1,15,,42135,25,,,1,55,,42136,25,,,1,30,,42137,25,,,1,70,,42138,25,,,1,45,,42139,25,,,1
200,'20260819',1620,,42140,25,,,1,30,,42141,25,,,1,55,,42142,25,,,1,15,,42143,25,,,1,15,,42144,25,,,1,15,,42145,25,,,1,55,,42146,25,,,1,30,,42147,25,,,1,70,,42148,25,,,1,45,,42149,25,,,1
200,'20260820',1620,,42150,25,,,1,30,,42151,25,,,1,55,,42152,25,,,1,15,,42153,25,,,1,15,,42154,25,,,1,15,,42155,25,,,1,55,,42156,25,,,1,30,,42157,25,,,1,70,,42158,25,,,1,45,,42159,25,,,1
200,'20260821',1620,,42160,25,,,1,30,,42161,25,,,1,55,,42162,25,,,1,15,,42163,25,,,1,15,,42164,25,,,1,15,,42165,25,,,1,55,,42166,25,,,1,30,,42167,25,,,1,70,,42168,25,,,1,45,,42169,25,,,1
200,'20260824',1620,,64815,25,,,1,30,,64816,25,,,1,55,,64817,25,,,1,15,,64818,25,,,1,15,,64819,25,,,1,15,,64820,25,,,1,55,,64821,25,,,1,30,,64822,25,,,1,70,,64823,25,,,1,45,,64824,25,,,1
200,'20260825',1620,,42180,25,,,1,30,,42181,25,,,1,55,,42182,25,,,1,15,,42183,25,,,1,15,,42184,25,,,1,15,,42185,25,,,1,55,,42186,25,,,1,30,,42187,25,,,1,70,,42188,25,,,1,45,,42189,25,,,1
200,'20260826',1620,,42190,25,,,1,30,,42191,25,,,1,55,,42192,25,,,1,15,,42193,25,,,1,15,,42194,25,,,1,15,,42195,25,,,1,55,,42196,25,,,1,30,,42197,25,,,1,70,,42198,25,,,1,45,,42199,25,,,1
200,'20260827',1620,,42200,25,,,1,30,,42201,25,,,1,55,,42202,25,,,1,15,,42203,25,,,1,15,,42204,25,,,1,15,,42205,25,,,1,55,,42206,25,,,1,30,,42207,25,,,1,70,,42208,25,,,1,45,,42209,25,,,1
200,'20260828',1620,,42210,25,,,1,30,,42211,25,,,1,55,,42212,25,,,1,15,,42213,25,,,1,15,,42214,25,,,1,15,,42215,25,,,1,55,,42216,25,,,1,30,,42217,25,,,1,70,,42218,25,,,1,45,,42219,25,,,1
200,'20260831',1620,,64825,25,,,1,30,,64826,25,,,1,55,,64827,25,,,1,15,,64828,25,,,1,15,,64829,25,,,1,15,,64830,25,,,1,55,,64831,25,,,1,30,,64832,25,,,1,70,,64833,25,,,1,45,,64834,25,,,1
200,'20260901',1620,,42230,25,,,1,30,,42231,25,,,1,55,,42232,25,,,1,15,,42233,25,,,1,15,,42234,25,,,1,15,,42235,25,,,1,55,,42236,25,,,1,30,,42237,25,,,1,70,,42238,25,,,1,45,,42239,25,,,1
200,'20260902',1620,,42240,25,,,1,30,,42241,25,,,1,55,,42242,25,,,1,15,,42243,25,,,1,15,,42244,25,,,1,15,,42245,25,,,1,55,,42246,25,,,1,30,,42247,25,,,1,70,,42248,25,,,1,45,,42249,25,,,1
200,'20260903',1620,,42250,25,,,1,30,,42251,25,,,1,55,,42252,25,,,1,15,,42253,25,,,1,15,,42254,25,,,1,15,,42255,25,,,1,55,,42256,25,,,1,30,,42257,25,,,1,70,,42258,25,,,1,45,,42259,25,,,1
200,'20260904',1620,,42260,25,,,1,30,,42261,25,,,1,55,,42262,25,,,1,15,,42263,25,,,1,15,,42264,25,,,1,15,,42265,25,,,1,55,,42266,25,,,1,30,,42267,25,,,1,70,,42268,25,,,1,45,,42269,25,,,1
201,'20260722',620,,42530,11,,,1,30,,42531,11,,,1,55,,42532,11,,,1,15,,42533,11,,,1,15,,42534,11,,,1,15,,42535,11,,,1,55,,42536,11,,,1,15,,42537,11,,,1,15,,42538,11,,,1,15,,42539,11,,,1
201,'20260723',620,,42540,11,,,1,30,,42541,11,,,1,55,,42542,11,,,1,15,,42543,11,,,1,15,,42544,11,,,1,15,,42545,11,,,1,55,,42546,11,,,1,15,,42547,11,,,1,15,,42548,11,,,1,15,,42549,11,,,1
201,'20260724',620,,42550,11,,,1,30,,42551,11,,,1,55,,42552,11,,,1,15,,42553,11,,,1,15,,42554,11,,,1,15,,42555,11,,,1,55,,42556,11,,,1,15,,42557,11,,,1,15,,42558,11,,,1,15,,42559,11,,,1
201,'20260727',620,,42560,11,,,1,30,,42561,11,,,1,55,,42562,11,,,1,15,,42563,11,,,1,15,,42564,11,,,1,15,,42565,11,,,1,55,,42566,11,,,1,15,,42567,11,,,1,15,,42568,11,,,1,15,,42569,11,,,1
201,'20260728',620,,42570,11,,,1,30,,42571,11,,,1,55,,42572,11,,,1,15,,42573,11,,,1,15,,42574,11,,,1,15,,42575,11,,,1,55,,42576,11,,,1,15,,42577,11,,,1,15,,42578,11,,,1,15,,42579,11,,,1
201,'20260729',620,,42580,11,,,1,30,,42581,11,,,1,55,,42582,11,,,1,15,,42583,11,,,1,15,,42584,11,,,1,15,,42585,11,,,1,55,,42586,11,,,1,15,,42587,11,,,1,15,,42588,11,,,1,15,,42589,11,,,1
201,'20260730',620,,42590,11,,,1,30,,42591,11,,,1,55,,42592,11,,,1,15,,42593,11,,,1,15,,42594,11,,,1,15,,42595,11,,,1,55,,42596,11,,,1,15,,42597,11,,,1,15,,42598,11,,,1,15,,42599,11,,,1
201,'20260731',620,,42600,11,,,1,30,,42601,11,,,1,55,,42602,11,,,1,15,,42603,11,,,1,15,,42604,11,,,1,15,,42605,11,,,1,55,,42606,11,,,1,15,,42607,11,,,1,15,,42608,11,,,1,15,,42609,11,,,1
201,'20260804',620,,42620,11,,,1,30,,42621,11,,,1,55,,42622,11,,,1,15,,42623,11,,,1,15,,42624,11,,,1,15,,42625,11,,,1,55,,42626,11,,,1,15,,42627,11,,,1,15,,42628,11,,,1,15,,42629,11,,,1
201,'20260805',620,,42630,11,,,1,30,,42631,11,,,1,55,,42632,11,,,1,15,,42633,11,,,1,15,,42634,11,,,1,15,,42635,11,,,1,55,,42636,11,,,1,15,,42637,11,,,1,15,,42638,11,,,1,15,,42639,11,,,1
201,'20260806',620,,42640,11,,,1,30,,42641,11,,,1,55,,42642,11,,,1,15,,42643,11,,,1,15,,42644,11,,,1,15,,42645,11,,,1,55,,42646,11,,,1,15,,42647,11,,,1,15,,42648,11,,,1,15,,42649,11,,,1
201,'20260807',620,,42650,11,,,1,30,,42651,11,,,1,55,,42652,11,,,1,15,,42653,11,,,1,15,,42654,11,,,1,15,,42655,11,,,1,55,,42656,11,,,1,15,,42657,11,,,1,15,,42658,11,,,1,15,,42659,11,,,1
201,'20260810',620,,64835,11,,,1,30,,64836,11,,,1,55,,64837,11,,,1,15,,64838,11,,,1,15,,64839,11,,,1,15,,64840,11,,,1,55,,64841,11,,,1,15,,64842,11,,,1,15,,64843,11,,,1,15,,64844,11,,,1
201,'20260811',620,,42670,11,,,1,30,,42671,11,,,1,55,,42672,11,,,1,15,,42673,11,,,1,15,,42674,11,,,1,15,,42675,11,,,1,55,,42676,11,,,1,15,,42677,11,,,1,15,,42678,11,,,1,15,,42679,11,,,1
201,'20260812',620,,42680,11,,,1,30,,42681,11,,,1,55,,42682,11,,,1,15,,42683,11,,,1,15,,42684,11,,,1,15,,42685,11,,,1,55,,42686,11,,,1,15,,42687,11,,,1,15,,42688,11,,,1,15,,42689,11,,,1
201,'20260813',620,,42690,11,,,1,30,,42691,11,,,1,55,,42692,11,,,1,15,,42693,11,,,1,15,,42694,11,,,1,15,,42695,11,,,1,55,,42696,11,,,1,15,,42697,11,,,1,15,,42698,11,,,1,15,,42699,11,,,1
201,'20260814',620,,42700,11,,,1,30,,42701,11,,,1,55,,42702,11,,,1,15,,42703,11,,,1,15,,42704,11,,,1,15,,42705,11,,,1,55,,42706,11,,,1,15,,42707,11,,,1,15,,42708,11,,,1,15,,42709,11,,,1
201,'20260817',620,,64845,11,,,1,30,,64846,11,,,1,55,,64847,11,,,1,15,,64848,11,,,1,15,,64849,11,,,1,15,,64850,11,,,1,55,,64851,11,,,1,15,,64852,11,,,1,15,,64853,11,,,1,15,,64854,11,,,1
201,'20260818',620,,42720,11,,,1,30,,42721,11,,,1,55,,42722,11,,,1,15,,42723,11,,,1,15,,42724,11,,,1,15,,42725,11,,,1,55,,42726,11,,,1,15,,42727,11,,,1,15,,42728,11,,,1,15,,42729,11,,,1
201,'20260819',620,,42730,11,,,1,30,,42731,11,,,1,55,,42732,11,,,1,15,,42733,11,,,1,15,,42734,11,,,1,15,,42735,11,,,1,55,,42736,11,,,1,15,,42737,11,,,1,15,,42738,11,,,1,15,,42739,11,,,1
201,'20260820',620,,42740,11,,,1,30,,42741,11,,,1,55,,42742,11,,,1,15,,42743,11,,,1,15,,42744,11,,,1,15,,42745,11,,,1,55,,42746,11,,,1,15,,42747,11,,,1,15,,42748,11,,,1,15,,42749,11,,,1
201,'20260821',620,,42750,11,,,1,30,,42751,11,,,1,55,,42752,11,,,1,15,,42753,11,,,1,15,,42754,11,,,1,15,,42755,11,,,1,55,,42756,11,,,1,15,,42757,11,,,1,15,,42758,11,,,1,15,,42759,11,,,1
201,'20260824',620,,64855,11,,,1,30,,64856,11,,,1,55,,64857,11,,,1,15,,64858,11,,,1,15,,64859,11,,,1,15,,64860,11,,,1,55,,64861,11,,,1,15,,64862,11,,,1,15,,64863,11,,,1,15,,64864,11,,,1
201,'20260825',620,,42770,11,,,1,30,,42771,11,,,1,55,,42772,11,,,1,15,,42773,11,,,1,15,,42774,11,,,1,15,,42775,11,,,1,55,,42776,11,,,1,15,,42777,11,,,1,15,,42778,11,,,1,15,,42779,11,,,1
201,'20260826',620,,42780,11,,,1,30,,42781,11,,,1,55,,42782,11,,,1,15,,42783,11,,,1,15,,42784,11,,,1,15,,42785,11,,,1,55,,42786,11,,,1,15,,42787,11,,,1,15,,42788,11,,,1,15,,42789,11,,,1
201,'20260827',620,,42790,11,,,1,30,,42791,11,,,1,55,,42792,11,,,1,15,,42793,11,,,1,15,,42794,11,,,1,15,,42795,11,,,1,55,,42796,11,,,1,15,,42797,11,,,1,15,,42798,11,,,1,15,,42799,11,,,1
201,'20260828',620,,42800,11,,,1,30,,42801,11,,,1,55,,42802,11,,,1,15,,42803,11,,,1,15,,42804,11,,,1,15,,42805,11,,,1,55,,42806,11,,,1,15,,42807,11,,,1,15,,42808,11,,,1,15,,42809,11,,,1
201,'20260831',620,,64865,11,,,1,30,,64866,11,,,1,55,,64867,11,,,1,15,,64868,11,,,1,15,,64869,11,,,1,15,,64870,11,,,1,55,,64871,11,,,1,15,,64872,11,,,1,15,,64873,11,,,1,15,,64874,11,,,1
201,'20260901',620,,42820,11,,,1,30,,42821,11,,,1,55,,42822,11,,,1,15,,42823,11,,,1,15,,42824,11,,,1,15,,42825,11,,,1,55,,42826,11,,,1,15,,42827,11,,,1,15,,42828,11,,,1,15,,42829,11,,,1
201,'20260902',620,,42830,11,,,1,30,,42831,11,,,1,55,,42832,11,,,1,15,,42833,11,,,1,15,,42834,11,,,1,15,,42835,11,,,1,55,,42836,11,,,1,15,,42837,11,,,1,15,,42838,11,,,1,15,,42839,11,,,1
201,'20260903',620,,42840,11,,,1,30,,42841,11,,,1,55,,42842,11,,,1,15,,42843,11,,,1,15,,42844,11,,,1,15,,42845,11,,,1,55,,42846,11,,,1,15,,42847,11,,,1,15,,42848,11,,,1,15,,42849,11,,,1
201,'20260904',620,,42850,11,,,1,30,,42851,11,,,1,55,,42852,11,,,1,15,,42853,11,,,1,15,,42854,11,,,1,15,,42855,11,,,1,55,,42856,11,,,1,15,,42857,11,,,1,15,,42858,11,,,1,15,,42859,11,,,1
