900,'20260205',617,,28664,,,1,30,,28685,,,1,70,,28665,,,1,34,,28686,,,1,70,,28666,,,1,30,,28687,,,1,66,,28667,,,1,85,,28690,,,1,100,,28691,,,1,100,,28692,,,1,100,,28693,,,1,100,,28694,,,1,100,,28695,,,1,100,,28696,,,1,30,,28676,,,1,15,,28688,,,1,55,,28697,,,1,15,,28669,,,1,15,,28677,,,1,15,,28689,,,1,55,,28698,,,1,30,,28678,,,1,70,,28699,,,1,100,,28700,,,1,100,,28701,,,1,100,,28702,,,1,100,,28703,,,1,100,,28704,,,1
900,'20260206',617,,28708,,,1,30,,28729,,,1,70,,28709,,,1,34,,28730,,,1,70,,28710,,,1,30,,28731,,,1,66,,28711,,,1,85,,28734,,,1,100,,28735,,,1,100,,28736,,,1,100,,28737,,,1,100,,28738,,,1,100,,28739,,,1,100,,28740,,,1,30,,28720,,,1,15,,28732,,,1,55,,28741,,,1,15,,28713,,,1,15,,28721,,,1,15,,28733,,,1,55,,28742,,,1,30,,28722,,,1,70,,28743,,,1,100,,28744,,,1,100,,28745,,,1,100,,28746,,,1,100,,28747,,,1,100,,28748,,,1
900,'20260207',902,,28769,,,1,30,,28753,,,1,70,,28770,,,1,30,,28754,,,1,70,,28771,,,1,30,,28755,,,1,70,,28772,,,1,30,,28756,,,1,70,,28773,,,1,30,,28757,,,1,70,,28774,,,1,30,,28758,,,1,70,,28775,,,1,30,,28759,,,1,70,,28776,,,1,30,,28760,,,1,70,,28777,,,1,30,,28761,,,1,70,,28778,,,1,30,,28762,,,1,70,,28779,,,1,30,,28763,,,1,70,,28780,,,1,30,,28764,,,1,70,,28781,,,1,30,,28765,,,1,70,,28782,,,1,30,,28766,,,1,70,,28783,,,1,30,,28767,,,1,70,,28784,,,1,30,,28768,,,1,70,,28785,,,1
900,'20260208',902,,28802,,,1,30,,28786,,,1,70,,28803,,,1,30,,28787,,,1,70,,28804,,,1,30,,28788,,,1,70,,28805,,,1,30,,28789,,,1,70,,28806,,,1,30,,28790,,,1,70,,28807,,,1,30,,28791,,,1,70,,28808,,,1,30,,28792,,,1,70,,28809,,,1,30,,28793,,,1,70,,28810,,,1,30,,28794,,,1,70,,28811,,,1,30,,28795,,,1,70,,28812,,,1,30,,28796,,,1,70,,28813,,,1,30,,28797,,,1,70,,28814,,,1,30,,28798,,,1,70,,28815,,,1,30,,28799,,,1,70,,28816,,,1,30,,28800,,,1,70,,28817,,,1,30,,28801,,,1
900,'20260209',617,,28818,,,1,30,,28839,,,1,77,,28819,,,1,27,,28840,,,1,70,,28820,,,1,30,,28841,,,1,70,,28821,,,1,81,,28844,,,1,30,,28824,,,1,70,,28845,,,1,30,,28825,,,1,70,,28846,,,1,30,,28826,,,1,70,,28847,,,1,30,,28827,,,1,70,,28848,,,1,30,,28828,,,1,70,,28849,,,1,30,,28829,,,1,70,,28850,,,1,13,,28822,,,1,10,,28859,0,5,1,10,,28830,,,1,10,,28842,,,1,10,,28861,0,5,1,50,,28851,,,1,10,,28823,,,1,10,,28860,0,5,1,10,,28831,,,1,12,,28843,,,1,55,,28852,,,1,30,,28832,,,1,70,,28853,,,1,30,,28833,,,1,70,,28854,,,1,30,,28834,,,1,70,,28855,,,1,30,,28835,,,1,70,,28856,,,1,30,,28836,,,1,70,,28857,,,1,32,,28837,,,1,68,,28858,,,1,30,,28838,,,1
900,'20260210',617,,28862,,,1,30,,28883,,,1,77,,28863,,,1,27,,28884,,,1,70,,28864,,,1,30,,28885,,,1,70,,28865,,,1,81,,28888,,,1,30,,28868,,,1,70,,28889,,,1,30,,28869,,,1,70,,28890,,,1,30,,28870,,,1,70,,28891,,,1,30,,28871,,,1,70,,28892,,,1,30,,28872,,,1,70,,28893,,,1,30,,28873,,,1,70,,28894,,,1,13,,28866,,,1,10,,28903,0,5,1,10,,28874,,,1,10,,28886,,,1,10,,28905,0,5,1,50,,28895,,,1,10,,28867,,,1,10,,28904,0,5,1,10,,28875,,,1,12,,28887,,,1,55,,28896,,,1,30,,28876,,,1,70,,28897,,,1,30,,28877,,,1,70,,28898,,,1,30,,28878,,,1,70,,28899,,,1,30,,28879,,,1,70,,28900,,,1,30,,28880,,,1,70,,28901,,,1,32,,28881,,,1,68,,28902,,,1,30,,28882,,,1
900,'20260211',617,,28906,,,1,30,,28927,,,1,77,,28907,,,1,27,,28928,,,1,70,,28908,,,1,30,,28929,,,1,70,,28909,,,1,81,,28932,,,1,30,,28912,,,1,70,,28933,,,1,30,,28913,,,1,70,,28934,,,1,30,,28914,,,1,70,,28935,,,1,30,,28915,,,1,70,,28936,,,1,30,,28916,,,1,70,,28937,,,1,30,,28917,,,1,70,,28938,,,1,13,,28910,,,1,10,,28947,0,5,1,10,,28918,,,1,10,,28930,,,1,10,,28949,0,5,1,50,,28939,,,1,10,,28911,,,1,10,,28948,0,5,1,10,,28919,,,1,12,,28931,,,1,55,,28940,,,1,30,,28920,,,1,70,,28941,,,1,30,,28921,,,1,70,,28942,,,1,30,,28922,,,1,70,,28943,,,1,30,,28923,,,1,70,,28944,,,1,30,,28924,,,1,70,,28945,,,1,32,,28925,,,1,68,,28946,,,1,30,,28926,,,1
900,'20260212',617,,28950,,,1,30,,28971,,,1,77,,28951,,,1,27,,28972,,,1,70,,28952,,,1,30,,28973,,,1,70,,28953,,,1,81,,28976,,,1,30,,28956,,,1,70,,28977,,,1,30,,28957,,,1,70,,28978,,,1,30,,28958,,,1,70,,28979,,,1,30,,28959,,,1,70,,28980,,,1,30,,28960,,,1,70,,28981,,,1,30,,28961,,,1,70,,28982,,,1,13,,28954,,,1,10,,28991,0,5,1,10,,28962,,,1,10,,28974,,,1,10,,28993,0,5,1,50,,28983,,,1,10,,28955,,,1,10,,28992,0,5,1,10,,28963,,,1,12,,28975,,,1,55,,28984,,,1,30,,28964,,,1,70,,28985,,,1,30,,28965,,,1,70,,28986,,,1,30,,28966,,,1,70,,28987,,,1,30,,28967,,,1,70,,28988,,,1,30,,28968,,,1,70,,28989,,,1,32,,28969,,,1,68,,28990,,,1,30,,28970,,,1
900,'20260213',617,,28994,,,1,30,,29015,,,1,77,,28995,,,1,27,,29016,,,1,70,,28996,,,1,30,,29017,,,1,70,,28997,,,1,81,,29020,,,1,30,,29000,,,1,70,,29021,,,1,30,,29001,,,1,70,,29022,,,1,30,,29002,,,1,70,,29023,,,1,30,,29003,,,1,70,,29024,,,1,30,,29004,,,1,70,,29025,,,1,30,,29005,,,1,70,,29026,,,1,13,,28998,,,1,10,,29036,0,5,1,10,,29006,,,1,10,,29018,,,1,10,,29038,0,5,1,50,,29027,,,1,10,,28999,,,1,10,,29037,0,5,1,10,,29007,,,1,12,,29019,,,1,55,,29028,,,1,30,,29008,,,1,70,,29029,,,1,30,,29009,,,1,70,,29030,,,1,30,,29010,,,1,70,,29031,,,1,30,,29011,,,1,70,,29032,,,1,30,,29012,,,1,70,,29033,,,1,32,,29013,,,1,68,,29034,,,1,30,,29014,,,1,70,,29035,,,1
900,'20260214',902,,29055,,,1,30,,29039,,,1,70,,29056,,,1,30,,29040,,,1,70,,29057,,,1,30,,29041,,,1,70,,29058,,,1,30,,29042,,,1,70,,29059,,,1,30,,29043,,,1,70,,29060,,,1,30,,29044,,,1,70,,29061,,,1,30,,29045,,,1,70,,29062,,,1,30,,29046,,,1,70,,29063,,,1,30,,29047,,,1,70,,29064,,,1,30,,29048,,,1,70,,29065,,,1,30,,29049,,,1,70,,29066,,,1,30,,29050,,,1,70,,29067,,,1,30,,29051,,,1,70,,29068,,,1,30,,29052,,,1,70,,29069,,,1,30,,29053,,,1,70,,29070,,,1,30,,29054,,,1,70,,29071,,,1
900,'20260215',902,,29088,,,1,30,,29072,,,1,70,,29089,,,1,30,,29073,,,1,70,,29090,,,1,30,,29074,,,1,70,,29091,,,1,30,,29075,,,1,70,,29092,,,1,30,,29076,,,1,70,,29093,,,1,30,,29077,,,1,70,,29094,,,1,30,,29078,,,1,70,,29095,,,1,30,,29079,,,1,70,,29096,,,1,30,,29080,,,1,70,,29097,,,1,30,,29081,,,1,70,,29098,,,1,30,,29082,,,1,70,,29099,,,1,30,,29083,,,1,70,,29100,,,1,30,,29084,,,1,70,,29101,,,1,30,,29085,,,1,70,,29102,,,1,30,,29086,,,1,70,,29103,,,1,30,,29087,,,1
900,'20260216',617,,29104,,,1,30,,29125,,,1,77,,29105,,,1,27,,29126,,,1,70,,29106,,,1,30,,29127,,,1,70,,29107,,,1,81,,29130,,,1,30,,29110,,,1,70,,29131,,,1,30,,29111,,,1,70,,29132,,,1,30,,29112,,,1,70,,29133,,,1,30,,29113,,,1,70,,29134,,,1,30,,29114,,,1,70,,29135,,,1,30,,29115,,,1,70,,29136,,,1,13,,29108,,,1,10,,29145,0,5,1,10,,29116,,,1,10,,29128,,,1,10,,29147,0,5,1,50,,29137,,,1,10,,29109,,,1,10,,29146,0,5,1,10,,29117,,,1,12,,29129,,,1,55,,29138,,,1,30,,29118,,,1,70,,29139,,,1,30,,29119,,,1,70,,29140,,,1,30,,29120,,,1,70,,29141,,,1,30,,29121,,,1,70,,29142,,,1,30,,29122,,,1,70,,29143,,,1,32,,29123,,,1,68,,29144,,,1,30,,29124,,,1
900,'20260217',617,,29148,,,1,30,,29169,,,1,77,,29149,,,1,27,,29170,,,1,70,,29150,,,1,30,,29171,,,1,70,,29151,,,1,81,,29174,,,1,30,,29154,,,1,70,,29175,,,1,30,,29155,,,1,70,,29176,,,1,30,,29156,,,1,70,,29177,,,1,30,,29157,,,1,70,,29178,,,1,30,,29158,,,1,70,,29179,,,1,30,,29159,,,1,70,,29180,,,1,13,,29152,,,1,10,,29189,0,5,1,10,,29160,,,1,10,,29172,,,1,10,,29191,0,5,1,50,,29181,,,1,10,,29153,,,1,10,,29190,0,5,1,10,,29161,,,1,12,,29173,,,1,55,,29182,,,1,30,,29162,,,1,70,,29183,,,1,30,,29163,,,1,70,,29184,,,1,30,,29164,,,1,70,,29185,,,1,30,,29165,,,1,70,,29186,,,1,30,,29166,,,1,70,,29187,,,1,32,,29167,,,1,68,,29188,,,1,30,,29168,,,1
900,'20260218',617,,29192,,,1,30,,29213,,,1,77,,29193,,,1,27,,29214,,,1,70,,29194,,,1,30,,29215,,,1,70,,29195,,,1,81,,29218,,,1,30,,29198,,,1,70,,29219,,,1,30,,29199,,,1,70,,29220,,,1,30,,29200,,,1,70,,29221,,,1,30,,29201,,,1,70,,29222,,,1,30,,29202,,,1,70,,29223,,,1,30,,29203,,,1,70,,29224,,,1,13,,29196,,,1,10,,29233,0,5,1,10,,29204,,,1,10,,29216,,,1,10,,29235,0,5,1,50,,29225,,,1,10,,29197,,,1,10,,29234,0,5,1,10,,29205,,,1,12,,29217,,,1,55,,29226,,,1,30,,29206,,,1,70,,29227,,,1,30,,29207,,,1,70,,29228,,,1,30,,29208,,,1,70,,29229,,,1,30,,29209,,,1,70,,29230,,,1,30,,29210,,,1,70,,29231,,,1,32,,29211,,,1,68,,29232,,,1,30,,29212,,,1
900,'20260219',617,,29236,,,1,30,,29257,,,1,77,,29237,,,1,27,,29258,,,1,70,,29238,,,1,30,,29259,,,1,70,,29239,,,1,81,,29262,,,1,30,,29242,,,1,70,,29263,,,1,30,,29243,,,1,70,,29264,,,1,30,,29244,,,1,70,,29265,,,1,30,,29245,,,1,70,,29266,,,1,30,,29246,,,1,70,,29267,,,1,30,,29247,,,1,70,,29268,,,1,13,,29240,,,1,10,,29277,0,5,1,10,,29248,,,1,10,,29260,,,1,10,,29279,0,5,1,50,,29269,,,1,10,,29241,,,1,10,,29278,0,5,1,10,,29249,,,1,12,,29261,,,1,55,,29270,,,1,30,,29250,,,1,70,,29271,,,1,30,,29251,,,1,70,,29272,,,1,30,,29252,,,1,70,,29273,,,1,30,,29253,,,1,70,,29274,,,1,30,,29254,,,1,70,,29275,,,1,32,,29255,,,1,68,,29276,,,1,30,,29256,,,1
900,'20260220',617,,29280,,,1,30,,29301,,,1,77,,29281,,,1,27,,29302,,,1,70,,29282,,,1,30,,29303,,,1,70,,29283,,,1,81,,29306,,,1,30,,29286,,,1,70,,29307,,,1,30,,29287,,,1,70,,29308,,,1,30,,29288,,,1,70,,29309,,,1,30,,29289,,,1,70,,29310,,,1,30,,29290,,,1,70,,29311,,,1,30,,29291,,,1,70,,29312,,,1,13,,29284,,,1,10,,29322,0,5,1,10,,29292,,,1,10,,29304,,,1,10,,29324,0,5,1,50,,29313,,,1,10,,29285,,,1,10,,29323,0,5,1,10,,29293,,,1,12,,29305,,,1,55,,29314,,,1,30,,29294,,,1,70,,29315,,,1,30,,29295,,,1,70,,29316,,,1,30,,29296,,,1,70,,29317,,,1,30,,29297,,,1,70,,29318,,,1,30,,29298,,,1,70,,29319,,,1,32,,29299,,,1,68,,29320,,,1,30,,29300,,,1,70,,29321,,,1
900,'20260221',902,,29341,,,1,30,,29325,,,1,70,,29342,,,1,30,,29326,,,1,70,,29343,,,1,30,,29327,,,1,70,,29344,,,1,30,,29328,,,1,70,,29345,,,1,30,,29329,,,1,70,,29346,,,1,30,,29330,,,1,70,,29347,,,1,30,,29331,,,1,70,,29348,,,1,30,,29332,,,1,70,,29349,,,1,30,,29333,,,1,70,,29350,,,1,30,,29334,,,1,70,,29351,,,1,30,,29335,,,1,70,,29352,,,1,30,,29336,,,1,70,,29353,,,1,30,,29337,,,1,70,,29354,,,1,30,,29338,,,1,70,,29355,,,1,30,,29339,,,1,70,,29356,,,1,30,,29340,,,1,70,,29357,,,1
900,'20260222',902,,29374,,,1,30,,29358,,,1,70,,29375,,,1,30,,29359,,,1,70,,29376,,,1,30,,29360,,,1,70,,29377,,,1,30,,29361,,,1,70,,29378,,,1,30,,29362,,,1,70,,29379,,,1,30,,29363,,,1,70,,29380,,,1,30,,29364,,,1,70,,29381,,,1,30,,29365,,,1,70,,29382,,,1,30,,29366,,,1,70,,29383,,,1,30,,29367,,,1,70,,29384,,,1,30,,29368,,,1,70,,29385,,,1,30,,29369,,,1,70,,29386,,,1,30,,29370,,,1,70,,29387,,,1,30,,29371,,,1,70,,29388,,,1,30,,29372,,,1,70,,29389,,,1,30,,29373,,,1
900,'20260223',617,,29390,,,1,30,,29411,,,1,77,,29391,,,1,27,,29412,,,1,70,,29392,,,1,30,,29413,,,1,70,,29393,,,1,81,,29416,,,1,30,,29396,,,1,70,,29417,,,1,30,,29397,,,1,70,,29418,,,1,30,,29398,,,1,70,,29419,,,1,30,,29399,,,1,70,,29420,,,1,30,,29400,,,1,70,,29421,,,1,30,,29401,,,1,70,,29422,,,1,13,,29394,,,1,10,,29431,0,5,1,10,,29402,,,1,10,,29414,,,1,10,,29433,0,5,1,50,,29423,,,1,10,,29395,,,1,10,,29432,0,5,1,10,,29403,,,1,12,,29415,,,1,55,,29424,,,1,30,,29404,,,1,70,,29425,,,1,30,,29405,,,1,70,,29426,,,1,30,,29406,,,1,70,,29427,,,1,30,,29407,,,1,70,,29428,,,1,30,,29408,,,1,70,,29429,,,1,32,,29409,,,1,68,,29430,,,1,30,,29410,,,1
900,'20260224',617,,29434,,,1,30,,29455,,,1,77,,29435,,,1,27,,29456,,,1,70,,29436,,,1,30,,29457,,,1,70,,29437,,,1,81,,29460,,,1,30,,29440,,,1,70,,29461,,,1,30,,29441,,,1,70,,29462,,,1,30,,29442,,,1,70,,29463,,,1,30,,29443,,,1,70,,29464,,,1,30,,29444,,,1,70,,29465,,,1,30,,29445,,,1,70,,29466,,,1,13,,29438,,,1,10,,29475,0,5,1,10,,29446,,,1,10,,29458,,,1,10,,29477,0,5,1,50,,29467,,,1,10,,29439,,,1,10,,29476,0,5,1,10,,29447,,,1,12,,29459,,,1,55,,29468,,,1,30,,29448,,,1,70,,29469,,,1,30,,29449,,,1,70,,29470,,,1,30,,29450,,,1,70,,29471,,,1,30,,29451,,,1,70,,29472,,,1,30,,29452,,,1,70,,29473,,,1,32,,29453,,,1,68,,29474,,,1,30,,29454,,,1
900,'20260225',617,,29478,,,1,30,,29499,,,1,77,,29479,,,1,27,,29500,,,1,70,,29480,,,1,30,,29501,,,1,70,,29481,,,1,81,,29504,,,1,30,,29484,,,1,70,,29505,,,1,30,,29485,,,1,70,,29506,,,1,30,,29486,,,1,70,,29507,,,1,30,,29487,,,1,70,,29508,,,1,30,,29488,,,1,70,,29509,,,1,30,,29489,,,1,70,,29510,,,1,13,,29482,,,1,10,,29519,0,5,1,10,,29490,,,1,10,,29502,,,1,10,,29521,0,5,1,50,,29511,,,1,10,,29483,,,1,10,,29520,0,5,1,10,,29491,,,1,12,,29503,,,1,55,,29512,,,1,30,,29492,,,1,70,,29513,,,1,30,,29493,,,1,70,,29514,,,1,30,,29494,,,1,70,,29515,,,1,30,,29495,,,1,70,,29516,,,1,30,,29496,,,1,70,,29517,,,1,32,,29497,,,1,68,,29518,,,1,30,,29498,,,1
900,'20260226',617,,29522,,,1,30,,29543,,,1,77,,29523,,,1,27,,29544,,,1,70,,29524,,,1,30,,29545,,,1,70,,29525,,,1,81,,29548,,,1,30,,29528,,,1,70,,29549,,,1,30,,29529,,,1,70,,29550,,,1,30,,29530,,,1,70,,29551,,,1,30,,29531,,,1,70,,29552,,,1,30,,29532,,,1,70,,29553,,,1,30,,29533,,,1,70,,29554,,,1,13,,29526,,,1,10,,29563,0,5,1,10,,29534,,,1,10,,29546,,,1,10,,29565,0,5,1,50,,29555,,,1,10,,29527,,,1,10,,29564,0,5,1,10,,29535,,,1,12,,29547,,,1,55,,29556,,,1,30,,29536,,,1,70,,29557,,,1,30,,29537,,,1,70,,29558,,,1,30,,29538,,,1,70,,29559,,,1,30,,29539,,,1,70,,29560,,,1,30,,29540,,,1,70,,29561,,,1,32,,29541,,,1,68,,29562,,,1,30,,29542,,,1
900,'20260227',617,,29566,,,1,30,,29587,,,1,77,,29567,,,1,27,,29588,,,1,70,,29568,,,1,30,,29589,,,1,70,,29569,,,1,81,,29592,,,1,30,,29572,,,1,70,,29593,,,1,30,,29573,,,1,70,,29594,,,1,30,,29574,,,1,70,,29595,,,1,30,,29575,,,1,70,,29596,,,1,30,,29576,,,1,70,,29597,,,1,30,,29577,,,1,70,,29598,,,1,13,,29570,,,1,10,,29608,0,5,1,10,,29578,,,1,10,,29590,,,1,10,,29610,0,5,1,50,,29599,,,1,10,,29571,,,1,10,,29609,0,5,1,10,,29579,,,1,12,,29591,,,1,55,,29600,,,1,30,,29580,,,1,70,,29601,,,1,30,,29581,,,1,70,,29602,,,1,30,,29582,,,1,70,,29603,,,1,30,,29583,,,1,70,,29604,,,1,30,,29584,,,1,70,,29605,,,1,32,,29585,,,1,68,,29606,,,1,30,,29586,,,1,70,,29607,,,1
900,'20260228',902,,29627,,,1,30,,29611,,,1,70,,29628,,,1,30,,29612,,,1,70,,29629,,,1,30,,29613,,,1,70,,29630,,,1,30,,29614,,,1,70,,29631,,,1,30,,29615,,,1,70,,29632,,,1,30,,29616,,,1,70,,29633,,,1,30,,29617,,,1,70,,29634,,,1,30,,29618,,,1,70,,29635,,,1,30,,29619,,,1,70,,29636,,,1,30,,29620,,,1,70,,29637,,,1,30,,29621,,,1,70,,29638,,,1,30,,29622,,,1,70,,29639,,,1,30,,29623,,,1,70,,29640,,,1,30,,29624,,,1,70,,29641,,,1,30,,29625,,,1,70,,29642,,,1,30,,29626,,,1,70,,29643,,,1
900,'20260301',902,,29660,,,1,30,,29644,,,1,70,,29661,,,1,30,,29645,,,1,70,,29662,,,1,30,,29646,,,1,70,,29663,,,1,30,,29647,,,1,70,,29664,,,1,30,,29648,,,1,70,,29665,,,1,30,,29649,,,1,70,,29666,,,1,30,,29650,,,1,70,,29667,,,1,30,,29651,,,1,70,,29668,,,1,30,,29652,,,1,70,,29669,,,1,30,,29653,,,1,70,,29670,,,1,30,,29654,,,1,70,,29671,,,1,30,,29655,,,1,70,,29672,,,1,30,,29656,,,1,70,,29673,,,1,30,,29657,,,1,70,,29674,,,1,30,,29658,,,1,70,,29675,,,1,30,,29659,,,1
900,'20260302',617,,29676,,,1,30,,29697,,,1,77,,29677,,,1,27,,29698,,,1,70,,29678,,,1,30,,29699,,,1,70,,29679,,,1,81,,29702,,,1,30,,29682,,,1,70,,29703,,,1,30,,29683,,,1,70,,29704,,,1,30,,29684,,,1,70,,29705,,,1,30,,29685,,,1,70,,29706,,,1,30,,29686,,,1,70,,29707,,,1,30,,29687,,,1,70,,29708,,,1,13,,29680,,,1,10,,29717,0,5,1,10,,29688,,,1,10,,29700,,,1,10,,29719,0,5,1,50,,29709,,,1,10,,29681,,,1,10,,29718,0,5,1,10,,29689,,,1,12,,29701,,,1,55,,29710,,,1,30,,29690,,,1,70,,29711,,,1,30,,29691,,,1,70,,29712,,,1,30,,29692,,,1,70,,29713,,,1,30,,29693,,,1,70,,29714,,,1,30,,29694,,,1,70,,29715,,,1,32,,29695,,,1,68,,29716,,,1,30,,29696,,,1
900,'20260303',617,,29720,,,1,30,,29741,,,1,77,,29721,,,1,27,,29742,,,1,70,,29722,,,1,30,,29743,,,1,70,,29723,,,1,81,,29746,,,1,30,,29726,,,1,70,,29747,,,1,30,,29727,,,1,70,,29748,,,1,30,,29728,,,1,70,,29749,,,1,30,,29729,,,1,70,,29750,,,1,30,,29730,,,1,70,,29751,,,1,30,,29731,,,1,70,,29752,,,1,13,,29724,,,1,10,,29761,0,5,1,10,,29732,,,1,10,,29744,,,1,10,,29763,0,5,1,50,,29753,,,1,10,,29725,,,1,10,,29762,0,5,1,10,,29733,,,1,12,,29745,,,1,55,,29754,,,1,30,,29734,,,1,70,,29755,,,1,30,,29735,,,1,70,,29756,,,1,30,,29736,,,1,70,,29757,,,1,30,,29737,,,1,70,,29758,,,1,30,,29738,,,1,70,,29759,,,1,32,,29739,,,1,68,,29760,,,1,30,,29740,,,1
900,'20260304',617,,29764,,,1,30,,29785,,,1,77,,29765,,,1,27,,29786,,,1,70,,29766,,,1,30,,29787,,,1,70,,29767,,,1,81,,29790,,,1,30,,29770,,,1,70,,29791,,,1,30,,29771,,,1,70,,29792,,,1,30,,29772,,,1,70,,29793,,,1,30,,29773,,,1,70,,29794,,,1,30,,29774,,,1,70,,29795,,,1,30,,29775,,,1,70,,29796,,,1,13,,29768,,,1,10,,29805,0,5,1,10,,29776,,,1,10,,29788,,,1,10,,29807,0,5,1,50,,29797,,,1,10,,29769,,,1,10,,29806,0,5,1,10,,29777,,,1,12,,29789,,,1,55,,29798,,,1,30,,29778,,,1,70,,29799,,,1,30,,29779,,,1,70,,29800,,,1,30,,29780,,,1,70,,29801,,,1,30,,29781,,,1,70,,29802,,,1,30,,29782,,,1,70,,29803,,,1,32,,29783,,,1,68,,29804,,,1,30,,29784,,,1
900,'20260305',617,,29808,,,1,30,,29829,,,1,77,,29809,,,1,27,,29830,,,1,70,,29810,,,1,30,,29831,,,1,70,,29811,,,1,81,,29834,,,1,30,,29814,,,1,70,,29835,,,1,30,,29815,,,1,70,,29836,,,1,30,,29816,,,1,70,,29837,,,1,30,,29817,,,1,70,,29838,,,1,30,,29818,,,1,70,,29839,,,1,30,,29819,,,1,70,,29840,,,1,13,,29812,,,1,10,,29849,0,5,1,10,,29820,,,1,10,,29832,,,1,10,,29851,0,5,1,50,,29841,,,1,10,,29813,,,1,10,,29850,0,5,1,10,,29821,,,1,12,,29833,,,1,55,,29842,,,1,30,,29822,,,1,70,,29843,,,1,30,,29823,,,1,70,,29844,,,1,30,,29824,,,1,70,,29845,,,1,30,,29825,,,1,70,,29846,,,1,30,,29826,,,1,70,,29847,,,1,32,,29827,,,1,68,,29848,,,1,30,,29828,,,1
900,'20260306',617,,29852,,,1,30,,29873,,,1,77,,29853,,,1,27,,29874,,,1,70,,29854,,,1,30,,29875,,,1,70,,29855,,,1,81,,29878,,,1,30,,29858,,,1,70,,29879,,,1,30,,29859,,,1,70,,29880,,,1,30,,29860,,,1,70,,29881,,,1,30,,29861,,,1,70,,29882,,,1,30,,29862,,,1,70,,29883,,,1,30,,29863,,,1,70,,29884,,,1,13,,29856,,,1,10,,29894,0,5,1,10,,29864,,,1,10,,29876,,,1,10,,29896,0,5,1,50,,29885,,,1,10,,29857,,,1,10,,29895,0,5,1,10,,29865,,,1,12,,29877,,,1,55,,29886,,,1,30,,29866,,,1,70,,29887,,,1,30,,29867,,,1,70,,29888,,,1,30,,29868,,,1,70,,29889,,,1,30,,29869,,,1,70,,29890,,,1,30,,29870,,,1,70,,29891,,,1,32,,29871,,,1,68,,29892,,,1,30,,29872,,,1,70,,29893,,,1
900,'20260307',902,,29913,,,1,30,,29897,,,1,70,,29914,,,1,30,,29898,,,1,70,,29915,,,1,30,,29899,,,1,70,,29916,,,1,30,,29900,,,1,70,,29917,,,1,30,,29901,,,1,70,,29918,,,1,30,,29902,,,1,70,,29919,,,1,30,,29903,,,1,70,,29920,,,1,30,,29904,,,1,70,,29921,,,1,30,,29905,,,1,70,,29922,,,1,30,,29906,,,1,70,,29923,,,1,30,,29907,,,1,70,,29924,,,1,30,,29908,,,1,70,,29925,,,1,30,,29909,,,1,70,,29926,,,1,30,,29910,,,1,70,,29927,,,1,30,,29911,,,1,70,,29928,,,1,30,,29912,,,1,70,,29929,,,1
900,'20260308',902,,29946,,,1,30,,29930,,,1,70,,29947,,,1,30,,29931,,,1,70,,29948,,,1,30,,29932,,,1,70,,29949,,,1,30,,29933,,,1,70,,29950,,,1,30,,29934,,,1,70,,29951,,,1,30,,29935,,,1,70,,29952,,,1,30,,29936,,,1,70,,29953,,,1,30,,29937,,,1,70,,29954,,,1,30,,29938,,,1,70,,29955,,,1,30,,29939,,,1,70,,29956,,,1,30,,29940,,,1,70,,29957,,,1,30,,29941,,,1,70,,29958,,,1,30,,29942,,,1,70,,29959,,,1,30,,29943,,,1,70,,29960,,,1,30,,29944,,,1,70,,29961,,,1,30,,29945,,,1
900,'20260309',617,,29962,,,1,30,,29983,,,1,77,,29963,,,1,27,,29984,,,1,70,,29964,,,1,30,,29985,,,1,70,,29965,,,1,81,,29988,,,1,30,,29968,,,1,70,,29989,,,1,30,,29969,,,1,70,,29990,,,1,30,,29970,,,1,70,,29991,,,1,30,,29971,,,1,70,,29992,,,1,30,,29972,,,1,70,,29993,,,1,30,,29973,,,1,70,,29994,,,1,13,,29966,,,1,10,,30003,0,5,1,10,,29974,,,1,10,,29986,,,1,10,,30005,0,5,1,50,,29995,,,1,10,,29967,,,1,10,,30004,0,5,1,10,,29975,,,1,12,,29987,,,1,55,,29996,,,1,30,,29976,,,1,70,,29997,,,1,30,,29977,,,1,70,,29998,,,1,30,,29978,,,1,70,,29999,,,1,30,,29979,,,1,70,,30000,,,1,30,,29980,,,1,70,,30001,,,1,32,,29981,,,1,68,,30002,,,1,30,,29982,,,1
900,'20260310',617,,30006,,,1,30,,30027,,,1,77,,30007,,,1,27,,30028,,,1,70,,30008,,,1,30,,30029,,,1,70,,30009,,,1,81,,30032,,,1,30,,30012,,,1,70,,30033,,,1,30,,30013,,,1,70,,30034,,,1,30,,30014,,,1,70,,30035,,,1,30,,30015,,,1,70,,30036,,,1,30,,30016,,,1,70,,30037,,,1,30,,30017,,,1,70,,30038,,,1,13,,30010,,,1,10,,30047,0,5,1,10,,30018,,,1,10,,30030,,,1,10,,30049,0,5,1,50,,30039,,,1,10,,30011,,,1,10,,30048,0,5,1,10,,30019,,,1,12,,30031,,,1,55,,30040,,,1,30,,30020,,,1,70,,30041,,,1,30,,30021,,,1,70,,30042,,,1,30,,30022,,,1,70,,30043,,,1,30,,30023,,,1,70,,30044,,,1,30,,30024,,,1,70,,30045,,,1,32,,30025,,,1,68,,30046,,,1,30,,30026,,,1
900,'20260311',617,,30050,,,1,30,,30071,,,1,77,,30051,,,1,27,,30072,,,1,70,,30052,,,1,30,,30073,,,1,70,,30053,,,1,81,,30076,,,1,30,,30056,,,1,70,,30077,,,1,30,,30057,,,1,70,,30078,,,1,30,,30058,,,1,70,,30079,,,1,30,,30059,,,1,70,,30080,,,1,30,,30060,,,1,70,,30081,,,1,30,,30061,,,1,70,,30082,,,1,13,,30054,,,1,10,,30091,0,5,1,10,,30062,,,1,10,,30074,,,1,10,,30093,0,5,1,50,,30083,,,1,10,,30055,,,1,10,,30092,0,5,1,10,,30063,,,1,12,,30075,,,1,55,,30084,,,1,30,,30064,,,1,70,,30085,,,1,30,,30065,,,1,70,,30086,,,1,30,,30066,,,1,70,,30087,,,1,30,,30067,,,1,70,,30088,,,1,30,,30068,,,1,70,,30089,,,1,32,,30069,,,1,68,,30090,,,1,30,,30070,,,1
900,'20260312',617,,30094,,,1,30,,30115,,,1,77,,30095,,,1,27,,30116,,,1,70,,30096,,,1,30,,30117,,,1,70,,30097,,,1,81,,30120,,,1,30,,30100,,,1,70,,30121,,,1,30,,30101,,,1,70,,30122,,,1,30,,30102,,,1,70,,30123,,,1,30,,30103,,,1,70,,30124,,,1,30,,30104,,,1,70,,30125,,,1,30,,30105,,,1,70,,30126,,,1,13,,30098,,,1,10,,30135,0,5,1,10,,30106,,,1,10,,30118,,,1,10,,30137,0,5,1,50,,30127,,,1,10,,30099,,,1,10,,30136,0,5,1,10,,30107,,,1,12,,30119,,,1,55,,30128,,,1,30,,30108,,,1,70,,30129,,,1,30,,30109,,,1,70,,30130,,,1,30,,30110,,,1,70,,30131,,,1,30,,30111,,,1,70,,30132,,,1,30,,30112,,,1,70,,30133,,,1,32,,30113,,,1,68,,30134,,,1,30,,30114,,,1
900,'20260313',617,,30138,,,1,30,,30159,,,1,77,,30139,,,1,27,,30160,,,1,70,,30140,,,1,30,,30161,,,1,70,,30141,,,1,81,,30164,,,1,30,,30144,,,1,70,,30165,,,1,30,,30145,,,1,70,,30166,,,1,30,,30146,,,1,70,,30167,,,1,30,,30147,,,1,70,,30168,,,1,30,,30148,,,1,70,,30169,,,1,30,,30149,,,1,70,,30170,,,1,13,,30142,,,1,10,,30180,0,5,1,10,,30150,,,1,10,,30162,,,1,10,,30182,0,5,1,50,,30171,,,1,10,,30143,,,1,10,,30181,0,5,1,10,,30151,,,1,12,,30163,,,1,55,,30172,,,1,30,,30152,,,1,70,,30173,,,1,30,,30153,,,1,70,,30174,,,1,30,,30154,,,1,70,,30175,,,1,30,,30155,,,1,70,,30176,,,1,30,,30156,,,1,70,,30177,,,1,32,,30157,,,1,68,,30178,,,1,30,,30158,,,1,70,,30179,,,1
900,'20260314',902,,30199,,,1,30,,30183,,,1,70,,30200,,,1,30,,30184,,,1,70,,30201,,,1,30,,30185,,,1,70,,30202,,,1,30,,30186,,,1,70,,30203,,,1,30,,30187,,,1,70,,30204,,,1,30,,30188,,,1,70,,30205,,,1,30,,30189,,,1,70,,30206,,,1,30,,30190,,,1,70,,30207,,,1,30,,30191,,,1,70,,30208,,,1,30,,30192,,,1,70,,30209,,,1,30,,30193,,,1,70,,30210,,,1,30,,30194,,,1,70,,30211,,,1,30,,30195,,,1,70,,30212,,,1,30,,30196,,,1,70,,30213,,,1,30,,30197,,,1,70,,30214,,,1,30,,30198,,,1,70,,30215,,,1
900,'20260315',902,,30232,,,1,30,,30216,,,1,70,,30233,,,1,30,,30217,,,1,70,,30234,,,1,30,,30218,,,1,70,,30235,,,1,30,,30219,,,1,70,,30236,,,1,30,,30220,,,1,70,,30237,,,1,30,,30221,,,1,70,,30238,,,1,30,,30222,,,1,70,,30239,,,1,30,,30223,,,1,70,,30240,,,1,30,,30224,,,1,70,,30241,,,1,30,,30225,,,1,70,,30242,,,1,30,,30226,,,1,70,,30243,,,1,30,,30227,,,1,70,,30244,,,1,30,,30228,,,1,70,,30245,,,1,30,,30229,,,1,70,,30246,,,1,30,,30230,,,1,70,,30247,,,1,30,,30231,,,1
900,'20260316',617,,30248,,,1,30,,30269,,,1,77,,30249,,,1,27,,30270,,,1,70,,30250,,,1,30,,30271,,,1,70,,30251,,,1,81,,30274,,,1,30,,30254,,,1,70,,30275,,,1,30,,30255,,,1,70,,30276,,,1,30,,30256,,,1,70,,30277,,,1,30,,30257,,,1,70,,30278,,,1,30,,30258,,,1,70,,30279,,,1,30,,30259,,,1,70,,30280,,,1,13,,30252,,,1,10,,30289,0,5,1,10,,30260,,,1,10,,30272,,,1,10,,30291,0,5,1,50,,30281,,,1,10,,30253,,,1,10,,30290,0,5,1,10,,30261,,,1,12,,30273,,,1,55,,30282,,,1,30,,30262,,,1,70,,30283,,,1,30,,30263,,,1,70,,30284,,,1,30,,30264,,,1,70,,30285,,,1,30,,30265,,,1,70,,30286,,,1,30,,30266,,,1,70,,30287,,,1,32,,30267,,,1,68,,30288,,,1,30,,30268,,,1
900,'20260317',617,,30292,,,1,30,,30313,,,1,77,,30293,,,1,27,,30314,,,1,70,,30294,,,1,30,,30315,,,1,70,,30295,,,1,81,,30318,,,1,30,,30298,,,1,70,,30319,,,1,30,,30299,,,1,70,,30320,,,1,30,,30300,,,1,70,,30321,,,1,30,,30301,,,1,70,,30322,,,1,30,,30302,,,1,70,,30323,,,1,30,,30303,,,1,70,,30324,,,1,13,,30296,,,1,10,,30333,0,5,1,10,,30304,,,1,10,,30316,,,1,10,,30335,0,5,1,50,,30325,,,1,10,,30297,,,1,10,,30334,0,5,1,10,,30305,,,1,12,,30317,,,1,55,,30326,,,1,30,,30306,,,1,70,,30327,,,1,30,,30307,,,1,70,,30328,,,1,30,,30308,,,1,70,,30329,,,1,30,,30309,,,1,70,,30330,,,1,30,,30310,,,1,70,,30331,,,1,32,,30311,,,1,68,,30332,,,1,30,,30312,,,1
900,'20260318',617,,30336,,,1,30,,30357,,,1,77,,30337,,,1,27,,30358,,,1,70,,30338,,,1,30,,30359,,,1,70,,30339,,,1,81,,30362,,,1,30,,30342,,,1,70,,30363,,,1,30,,30343,,,1,70,,30364,,,1,30,,30344,,,1,70,,30365,,,1,30,,30345,,,1,70,,30366,,,1,30,,30346,,,1,70,,30367,,,1,30,,30347,,,1,70,,30368,,,1,13,,30340,,,1,10,,30377,0,5,1,10,,30348,,,1,10,,30360,,,1,10,,30379,0,5,1,50,,30369,,,1,10,,30341,,,1,10,,30378,0,5,1,10,,30349,,,1,12,,30361,,,1,55,,30370,,,1,30,,30350,,,1,70,,30371,,,1,30,,30351,,,1,70,,30372,,,1,30,,30352,,,1,70,,30373,,,1,30,,30353,,,1,70,,30374,,,1,30,,30354,,,1,70,,30375,,,1,32,,30355,,,1,68,,30376,,,1,30,,30356,,,1
900,'20260319',617,,30380,,,1,30,,30401,,,1,77,,30381,,,1,27,,30402,,,1,70,,30382,,,1,30,,30403,,,1,70,,30383,,,1,81,,30406,,,1,30,,30386,,,1,70,,30407,,,1,30,,30387,,,1,70,,30408,,,1,30,,30388,,,1,70,,30409,,,1,30,,30389,,,1,70,,30410,,,1,30,,30390,,,1,70,,30411,,,1,30,,30391,,,1,70,,30412,,,1,13,,30384,,,1,10,,30421,0,5,1,10,,30392,,,1,10,,30404,,,1,10,,30423,0,5,1,50,,30413,,,1,10,,30385,,,1,10,,30422,0,5,1,10,,30393,,,1,12,,30405,,,1,55,,30414,,,1,30,,30394,,,1,70,,30415,,,1,30,,30395,,,1,70,,30416,,,1,30,,30396,,,1,70,,30417,,,1,30,,30397,,,1,70,,30418,,,1,30,,30398,,,1,70,,30419,,,1,32,,30399,,,1,68,,30420,,,1,30,,30400,,,1
900,'20260320',617,,30424,,,1,30,,30445,,,1,77,,30425,,,1,27,,30446,,,1,70,,30426,,,1,30,,30447,,,1,70,,30427,,,1,81,,30450,,,1,30,,30430,,,1,70,,30451,,,1,30,,30431,,,1,70,,30452,,,1,30,,30432,,,1,70,,30453,,,1,30,,30433,,,1,70,,30454,,,1,30,,30434,,,1,70,,30455,,,1,30,,30435,,,1,70,,30456,,,1,13,,30428,,,1,10,,30466,0,5,1,10,,30436,,,1,10,,30448,,,1,10,,30468,0,5,1,50,,30457,,,1,10,,30429,,,1,10,,30467,0,5,1,10,,30437,,,1,12,,30449,,,1,55,,30458,,,1,30,,30438,,,1,70,,30459,,,1,30,,30439,,,1,70,,30460,,,1,30,,30440,,,1,70,,30461,,,1,30,,30441,,,1,70,,30462,,,1,30,,30442,,,1,70,,30463,,,1,32,,30443,,,1,68,,30464,,,1,30,,30444,,,1,70,,30465,,,1
900,'20260321',902,,30485,,,1,30,,30469,,,1,70,,30486,,,1,30,,30470,,,1,70,,30487,,,1,30,,30471,,,1,70,,30488,,,1,30,,30472,,,1,70,,30489,,,1,30,,30473,,,1,70,,30490,,,1,30,,30474,,,1,70,,30491,,,1,30,,30475,,,1,70,,30492,,,1,30,,30476,,,1,70,,30493,,,1,30,,30477,,,1,70,,30494,,,1,30,,30478,,,1,70,,30495,,,1,30,,30479,,,1,70,,30496,,,1,30,,30480,,,1,70,,30497,,,1,30,,30481,,,1,70,,30498,,,1,30,,30482,,,1,70,,30499,,,1,30,,30483,,,1,70,,30500,,,1,30,,30484,,,1,70,,30501,,,1
900,'20260322',902,,30518,,,1,30,,30502,,,1,70,,30519,,,1,30,,30503,,,1,70,,30520,,,1,30,,30504,,,1,70,,30521,,,1,30,,30505,,,1,70,,30522,,,1,30,,30506,,,1,70,,30523,,,1,30,,30507,,,1,70,,30524,,,1,30,,30508,,,1,70,,30525,,,1,30,,30509,,,1,70,,30526,,,1,30,,30510,,,1,70,,30527,,,1,30,,30511,,,1,70,,30528,,,1,30,,30512,,,1,70,,30529,,,1,30,,30513,,,1,70,,30530,,,1,30,,30514,,,1,70,,30531,,,1,30,,30515,,,1,70,,30532,,,1,30,,30516,,,1,70,,30533,,,1,30,,30517,,,1
900,'20260323',617,,30534,,,1,30,,30555,,,1,77,,30535,,,1,27,,30556,,,1,70,,30536,,,1,30,,30557,,,1,70,,30537,,,1,81,,30560,,,1,30,,30540,,,1,70,,30561,,,1,30,,30541,,,1,70,,30562,,,1,30,,30542,,,1,70,,30563,,,1,30,,30543,,,1,70,,30564,,,1,30,,30544,,,1,70,,30565,,,1,30,,30545,,,1,70,,30566,,,1,13,,30538,,,1,10,,30575,0,5,1,10,,30546,,,1,10,,30558,,,1,10,,30577,0,5,1,50,,30567,,,1,10,,30539,,,1,10,,30576,0,5,1,10,,30547,,,1,12,,30559,,,1,55,,30568,,,1,30,,30548,,,1,70,,30569,,,1,30,,30549,,,1,70,,30570,,,1,30,,30550,,,1,70,,30571,,,1,30,,30551,,,1,70,,30572,,,1,30,,30552,,,1,70,,30573,,,1,32,,30553,,,1,68,,30574,,,1,30,,30554,,,1
900,'20260324',617,,30578,,,1,30,,30599,,,1,77,,30579,,,1,27,,30600,,,1,70,,30580,,,1,30,,30601,,,1,70,,30581,,,1,81,,30604,,,1,30,,30584,,,1,70,,30605,,,1,30,,30585,,,1,70,,30606,,,1,30,,30586,,,1,70,,30607,,,1,30,,30587,,,1,70,,30608,,,1,30,,30588,,,1,70,,30609,,,1,30,,30589,,,1,70,,30610,,,1,13,,30582,,,1,10,,30619,0,5,1,10,,30590,,,1,10,,30602,,,1,10,,30621,0,5,1,50,,30611,,,1,10,,30583,,,1,10,,30620,0,5,1,10,,30591,,,1,12,,30603,,,1,55,,30612,,,1,30,,30592,,,1,70,,30613,,,1,30,,30593,,,1,70,,30614,,,1,30,,30594,,,1,70,,30615,,,1,30,,30595,,,1,70,,30616,,,1,30,,30596,,,1,70,,30617,,,1,32,,30597,,,1,68,,30618,,,1,30,,30598,,,1
900,'20260325',617,,30622,,,1,30,,30643,,,1,77,,30623,,,1,27,,30644,,,1,70,,30624,,,1,30,,30645,,,1,70,,30625,,,1,81,,30648,,,1,30,,30628,,,1,70,,30649,,,1,30,,30629,,,1,70,,30650,,,1,30,,30630,,,1,70,,30651,,,1,30,,30631,,,1,70,,30652,,,1,30,,30632,,,1,70,,30653,,,1,30,,30633,,,1,70,,30654,,,1,13,,30626,,,1,10,,30663,0,5,1,10,,30634,,,1,10,,30646,,,1,10,,30665,0,5,1,50,,30655,,,1,10,,30627,,,1,10,,30664,0,5,1,10,,30635,,,1,12,,30647,,,1,55,,30656,,,1,30,,30636,,,1,70,,30657,,,1,30,,30637,,,1,70,,30658,,,1,30,,30638,,,1,70,,30659,,,1,30,,30639,,,1,70,,30660,,,1,30,,30640,,,1,70,,30661,,,1,32,,30641,,,1,68,,30662,,,1,30,,30642,,,1
900,'20260326',617,,30666,,,1,30,,30687,,,1,77,,30667,,,1,27,,30688,,,1,70,,30668,,,1,30,,30689,,,1,70,,30669,,,1,81,,30692,,,1,30,,30672,,,1,70,,30693,,,1,30,,30673,,,1,70,,30694,,,1,30,,30674,,,1,70,,30695,,,1,30,,30675,,,1,70,,30696,,,1,30,,30676,,,1,70,,30697,,,1,30,,30677,,,1,70,,30698,,,1,13,,30670,,,1,10,,30707,0,5,1,10,,30678,,,1,10,,30690,,,1,10,,30709,0,5,1,50,,30699,,,1,10,,30671,,,1,10,,30708,0,5,1,10,,30679,,,1,12,,30691,,,1,55,,30700,,,1,30,,30680,,,1,70,,30701,,,1,30,,30681,,,1,70,,30702,,,1,30,,30682,,,1,70,,30703,,,1,30,,30683,,,1,70,,30704,,,1,30,,30684,,,1,70,,30705,,,1,32,,30685,,,1,68,,30706,,,1,30,,30686,,,1
900,'20260327',617,,30710,,,1,30,,30731,,,1,77,,30711,,,1,27,,30732,,,1,70,,30712,,,1,30,,30733,,,1,70,,30713,,,1,81,,30736,,,1,30,,30716,,,1,70,,30737,,,1,30,,30717,,,1,70,,30738,,,1,30,,30718,,,1,70,,30739,,,1,30,,30719,,,1,70,,30740,,,1,30,,30720,,,1,70,,30741,,,1,30,,30721,,,1,70,,30742,,,1,13,,30714,,,1,10,,30752,0,5,1,10,,30722,,,1,10,,30734,,,1,10,,30754,0,5,1,50,,30743,,,1,10,,30715,,,1,10,,30753,0,5,1,10,,30723,,,1,12,,30735,,,1,55,,30744,,,1,30,,30724,,,1,70,,30745,,,1,30,,30725,,,1,70,,30746,,,1,30,,30726,,,1,70,,30747,,,1,30,,30727,,,1,70,,30748,,,1,30,,30728,,,1,70,,30749,,,1,32,,30729,,,1,68,,30750,,,1,30,,30730,,,1,70,,30751,,,1
900,'20260328',902,,30771,,,1,30,,30755,,,1,70,,30772,,,1,30,,30756,,,1,70,,30773,,,1,30,,30757,,,1,70,,30774,,,1,30,,30758,,,1,70,,30775,,,1,30,,30759,,,1,70,,30776,,,1,30,,30760,,,1,70,,30777,,,1,30,,30761,,,1,70,,30778,,,1,30,,30762,,,1,70,,30779,,,1,30,,30763,,,1,70,,30780,,,1,30,,30764,,,1,70,,30781,,,1,30,,30765,,,1,70,,30782,,,1,30,,30766,,,1,70,,30783,,,1,30,,30767,,,1,70,,30784,,,1,30,,30768,,,1,70,,30785,,,1,30,,30769,,,1,70,,30786,,,1,30,,30770,,,1,70,,30787,,,1
900,'20260329',902,,30804,,,1,30,,30788,,,1,70,,30805,,,1,30,,30789,,,1,70,,30806,,,1,30,,30790,,,1,70,,30807,,,1,30,,30791,,,1,70,,30808,,,1,30,,30792,,,1,70,,30809,,,1,30,,30793,,,1,70,,30810,,,1,30,,30794,,,1,70,,30811,,,1,30,,30795,,,1,70,,30812,,,1,30,,30796,,,1,70,,30813,,,1,30,,30797,,,1,70,,30814,,,1,30,,30798,,,1,70,,30815,,,1,30,,30799,,,1,70,,30816,,,1,30,,30800,,,1,70,,30817,,,1,30,,30801,,,1,70,,30818,,,1,30,,30802,,,1,70,,30819,,,1,30,,30803,,,1
900,'20260330',617,,30820,,,1,30,,30841,,,1,77,,30821,,,1,27,,30842,,,1,70,,30822,,,1,30,,30843,,,1,70,,30823,,,1,81,,30846,,,1,30,,30826,,,1,70,,30847,,,1,30,,30827,,,1,70,,30848,,,1,30,,30828,,,1,70,,30849,,,1,30,,30829,,,1,70,,30850,,,1,30,,30830,,,1,70,,30851,,,1,30,,30831,,,1,70,,30852,,,1,13,,30824,,,1,10,,30861,0,5,1,10,,30832,,,1,10,,30844,,,1,10,,30863,0,5,1,50,,30853,,,1,10,,30825,,,1,10,,30862,0,5,1,10,,30833,,,1,12,,30845,,,1,55,,30854,,,1,30,,30834,,,1,70,,30855,,,1,30,,30835,,,1,70,,30856,,,1,30,,30836,,,1,70,,30857,,,1,30,,30837,,,1,70,,30858,,,1,30,,30838,,,1,70,,30859,,,1,32,,30839,,,1,68,,30860,,,1,30,,30840,,,1
900,'20260331',617,,30864,,,1,30,,30885,,,1,77,,30865,,,1,27,,30886,,,1,70,,30866,,,1,30,,30887,,,1,70,,30867,,,1,81,,30890,,,1,30,,30870,,,1,70,,30891,,,1,30,,30871,,,1,70,,30892,,,1,30,,30872,,,1,70,,30893,,,1,30,,30873,,,1,70,,30894,,,1,30,,30874,,,1,70,,30895,,,1,30,,30875,,,1,70,,30896,,,1,13,,30868,,,1,10,,30905,0,5,1,10,,30876,,,1,10,,30888,,,1,10,,30907,0,5,1,50,,30897,,,1,10,,30869,,,1,10,,30906,0,5,1,10,,30877,,,1,12,,30889,,,1,55,,30898,,,1,30,,30878,,,1,70,,30899,,,1,30,,30879,,,1,70,,30900,,,1,30,,30880,,,1,70,,30901,,,1,30,,30881,,,1,70,,30902,,,1,30,,30882,,,1,70,,30903,,,1,32,,30883,,,1,68,,30904,,,1,30,,30884,,,1
900,'20260401',617,,30908,,,1,30,,30929,,,1,77,,30909,,,1,27,,30930,,,1,70,,30910,,,1,30,,30931,,,1,70,,30911,,,1,81,,30934,,,1,30,,30914,,,1,70,,30935,,,1,30,,30915,,,1,70,,30936,,,1,30,,30916,,,1,70,,30937,,,1,30,,30917,,,1,70,,30938,,,1,30,,30918,,,1,70,,30939,,,1,30,,30919,,,1,70,,30940,,,1,13,,30912,,,1,10,,30949,0,5,1,10,,30920,,,1,10,,30932,,,1,10,,30951,0,5,1,50,,30941,,,1,10,,30913,,,1,10,,30950,0,5,1,10,,30921,,,1,12,,30933,,,1,55,,30942,,,1,30,,30922,,,1,70,,30943,,,1,30,,30923,,,1,70,,30944,,,1,30,,30924,,,1,70,,30945,,,1,30,,30925,,,1,70,,30946,,,1,30,,30926,,,1,70,,30947,,,1,32,,30927,,,1,68,,30948,,,1,30,,30928,,,1
900,'20260402',617,,30952,,,1,30,,30973,,,1,77,,30953,,,1,27,,30974,,,1,70,,30954,,,1,30,,30975,,,1,70,,30955,,,1,81,,30978,,,1,30,,30958,,,1,70,,30979,,,1,30,,30959,,,1,70,,30980,,,1,30,,30960,,,1,70,,30981,,,1,30,,30961,,,1,70,,30982,,,1,30,,30962,,,1,70,,30983,,,1,30,,30963,,,1,70,,30984,,,1,13,,30956,,,1,10,,30993,0,5,1,10,,30964,,,1,10,,30976,,,1,10,,30995,0,5,1,50,,30985,,,1,10,,30957,,,1,10,,30994,0,5,1,10,,30965,,,1,12,,30977,,,1,55,,30986,,,1,30,,30966,,,1,70,,30987,,,1,30,,30967,,,1,70,,30988,,,1,30,,30968,,,1,70,,30989,,,1,30,,30969,,,1,70,,30990,,,1,30,,30970,,,1,70,,30991,,,1,32,,30971,,,1,68,,30992,,,1,30,,30972,,,1
900,'20260403',617,,30996,,,1,30,,31017,,,1,77,,30997,,,1,27,,31018,,,1,70,,30998,,,1,30,,31019,,,1,70,,30999,,,1,81,,31022,,,1,30,,31002,,,1,70,,31023,,,1,30,,31003,,,1,70,,31024,,,1,30,,31004,,,1,70,,31025,,,1,30,,31005,,,1,70,,31026,,,1,30,,31006,,,1,70,,31027,,,1,30,,31007,,,1,70,,31028,,,1,13,,31000,,,1,10,,31038,0,5,1,10,,31008,,,1,10,,31020,,,1,10,,31040,0,5,1,50,,31029,,,1,10,,31001,,,1,10,,31039,0,5,1,10,,31009,,,1,12,,31021,,,1,55,,31030,,,1,30,,31010,,,1,70,,31031,,,1,30,,31011,,,1,70,,31032,,,1,30,,31012,,,1,70,,31033,,,1,30,,31013,,,1,70,,31034,,,1,30,,31014,,,1,70,,31035,,,1,32,,31015,,,1,68,,31036,,,1,30,,31016,,,1,70,,31037,,,1
900,'20260404',902,,31057,,,1,30,,31041,,,1,70,,31058,,,1,30,,31042,,,1,70,,31059,,,1,30,,31043,,,1,70,,31060,,,1,30,,31044,,,1,70,,31061,,,1,30,,31045,,,1,70,,31062,,,1,30,,31046,,,1,70,,31063,,,1,30,,31047,,,1,70,,31064,,,1,30,,31048,,,1,70,,31065,,,1,30,,31049,,,1,70,,31066,,,1,30,,31050,,,1,70,,31067,,,1,30,,31051,,,1,70,,31068,,,1,30,,31052,,,1,70,,31069,,,1,30,,31053,,,1,70,,31070,,,1,30,,31054,,,1,70,,31071,,,1,30,,31055,,,1,70,,31072,,,1,30,,31056,,,1,70,,31073,,,1
900,'20260405',902,,31090,,,1,30,,31074,,,1,70,,31091,,,1,30,,31075,,,1,70,,31092,,,1,30,,31076,,,1,70,,31093,,,1,30,,31077,,,1,70,,31094,,,1,30,,31078,,,1,70,,31095,,,1,30,,31079,,,1,70,,31096,,,1,30,,31080,,,1,70,,31097,,,1,30,,31081,,,1,70,,31098,,,1,30,,31082,,,1,70,,31099,,,1,30,,31083,,,1,70,,31100,,,1,30,,31084,,,1,70,,31101,,,1,30,,31085,,,1,70,,31102,,,1,30,,31086,,,1,70,,31103,,,1,30,,31087,,,1,70,,31104,,,1,30,,31088,,,1,70,,31105,,,1,30,,31089,,,1,70,,36435,,,1
900,'20260406',617,,31106,,,1,30,,31127,,,1,77,,31107,,,1,27,,31128,,,1,70,,31108,,,1,30,,31129,,,1,70,,31109,,,1,81,,31132,,,1,30,,31112,,,1,70,,31133,,,1,30,,31113,,,1,70,,31134,,,1,30,,31114,,,1,70,,31135,,,1,30,,31115,,,1,70,,31136,,,1,30,,31116,,,1,70,,31137,,,1,30,,31117,,,1,70,,31138,,,1,13,,31110,,,1,10,,31147,0,5,1,10,,31118,,,1,10,,31130,,,1,10,,31149,0,5,1,50,,31139,,,1,10,,31111,,,1,10,,31148,0,5,1,10,,31119,,,1,12,,31131,,,1,55,,31140,,,1,30,,31120,,,1,70,,31141,,,1,30,,31121,,,1,70,,31142,,,1,30,,31122,,,1,70,,31143,,,1,30,,31123,,,1,70,,31144,,,1,30,,31124,,,1,70,,31145,,,1,32,,31125,,,1,68,,31146,,,1,30,,31126,,,1
900,'20260407',617,,31150,,,1,30,,31171,,,1,77,,31151,,,1,27,,31172,,,1,70,,31152,,,1,30,,31173,,,1,70,,31153,,,1,81,,31176,,,1,30,,31156,,,1,70,,31177,,,1,30,,31157,,,1,70,,31178,,,1,30,,31158,,,1,70,,31179,,,1,30,,31159,,,1,70,,31180,,,1,30,,31160,,,1,70,,31181,,,1,30,,31161,,,1,70,,31182,,,1,13,,31154,,,1,10,,31191,0,5,1,10,,31162,,,1,10,,31174,,,1,10,,31193,0,5,1,50,,31183,,,1,10,,31155,,,1,10,,31192,0,5,1,10,,31163,,,1,12,,31175,,,1,55,,31184,,,1,30,,31164,,,1,70,,31185,,,1,30,,31165,,,1,70,,31186,,,1,30,,31166,,,1,70,,31187,,,1,30,,31167,,,1,70,,31188,,,1,30,,31168,,,1,70,,31189,,,1,32,,31169,,,1,68,,31190,,,1,30,,31170,,,1
900,'20260408',617,,31194,,,1,30,,31215,,,1,77,,31195,,,1,27,,31216,,,1,70,,31196,,,1,30,,31217,,,1,70,,31197,,,1,81,,31220,,,1,30,,31200,,,1,70,,31221,,,1,30,,31201,,,1,70,,31222,,,1,30,,31202,,,1,70,,31223,,,1,30,,31203,,,1,70,,31224,,,1,30,,31204,,,1,70,,31225,,,1,30,,31205,,,1,70,,31226,,,1,13,,31198,,,1,10,,31235,0,5,1,10,,31206,,,1,10,,31218,,,1,10,,31237,0,5,1,50,,31227,,,1,10,,31199,,,1,10,,31236,0,5,1,10,,31207,,,1,12,,31219,,,1,55,,31228,,,1,30,,31208,,,1,70,,31229,,,1,30,,31209,,,1,70,,31230,,,1,30,,31210,,,1,70,,31231,,,1,30,,31211,,,1,70,,31232,,,1,30,,31212,,,1,70,,31233,,,1,32,,31213,,,1,68,,31234,,,1,30,,31214,,,1
900,'20260409',617,,31238,,,1,30,,31259,,,1,77,,31239,,,1,27,,31260,,,1,70,,31240,,,1,30,,31261,,,1,70,,31241,,,1,81,,31264,,,1,30,,31244,,,1,70,,31265,,,1,30,,31245,,,1,70,,31266,,,1,30,,31246,,,1,70,,31267,,,1,30,,31247,,,1,70,,31268,,,1,30,,31248,,,1,70,,31269,,,1,30,,31249,,,1,70,,31270,,,1,13,,31242,,,1,10,,31279,0,5,1,10,,31250,,,1,10,,31262,,,1,10,,31281,0,5,1,50,,31271,,,1,10,,31243,,,1,10,,31280,0,5,1,10,,31251,,,1,12,,31263,,,1,55,,31272,,,1,30,,31252,,,1,70,,31273,,,1,30,,31253,,,1,70,,31274,,,1,30,,31254,,,1,70,,31275,,,1,30,,31255,,,1,70,,31276,,,1,30,,31256,,,1,70,,31277,,,1,32,,31257,,,1,68,,31278,,,1,30,,31258,,,1
900,'20260410',617,,31282,,,1,30,,31303,,,1,77,,31283,,,1,27,,31304,,,1,70,,31284,,,1,30,,31305,,,1,70,,31285,,,1,81,,31308,,,1,30,,31288,,,1,70,,31309,,,1,30,,31289,,,1,70,,31310,,,1,30,,31290,,,1,70,,31311,,,1,30,,31291,,,1,70,,31312,,,1,30,,31292,,,1,70,,31313,,,1,30,,31293,,,1,70,,31314,,,1,13,,31286,,,1,10,,31324,0,5,1,10,,31294,,,1,10,,31306,,,1,10,,31326,0,5,1,50,,31315,,,1,10,,31287,,,1,10,,31325,0,5,1,10,,31295,,,1,12,,31307,,,1,55,,31316,,,1,30,,31296,,,1,70,,31317,,,1,30,,31297,,,1,70,,31318,,,1,30,,31298,,,1,70,,31319,,,1,30,,31299,,,1,70,,31320,,,1,30,,31300,,,1,70,,31321,,,1,32,,31301,,,1,68,,31322,,,1,30,,31302,,,1,70,,31323,,,1
900,'20260411',902,,31343,,,1,30,,31327,,,1,70,,31344,,,1,30,,31328,,,1,70,,31345,,,1,30,,31329,,,1,70,,31346,,,1,30,,31330,,,1,70,,31347,,,1,30,,31331,,,1,70,,31348,,,1,30,,31332,,,1,70,,31349,,,1,30,,31333,,,1,70,,31350,,,1,30,,31334,,,1,70,,31351,,,1,30,,31335,,,1,70,,31352,,,1,30,,31336,,,1,70,,31353,,,1,30,,31337,,,1,70,,31354,,,1,30,,31338,,,1,70,,31355,,,1,30,,31339,,,1,70,,31356,,,1,30,,31340,,,1,70,,31357,,,1,30,,31341,,,1,70,,31358,,,1,30,,31342,,,1,70,,31359,,,1
900,'20260412',902,,31376,,,1,30,,31360,,,1,70,,31377,,,1,30,,31361,,,1,70,,31378,,,1,30,,31362,,,1,70,,31379,,,1,30,,31363,,,1,70,,31380,,,1,30,,31364,,,1,70,,31381,,,1,30,,31365,,,1,70,,31382,,,1,30,,31366,,,1,70,,31383,,,1,30,,31367,,,1,70,,31384,,,1,30,,31368,,,1,70,,31385,,,1,30,,31369,,,1,70,,31386,,,1,30,,31370,,,1,70,,31387,,,1,30,,31371,,,1,70,,31388,,,1,30,,31372,,,1,70,,31389,,,1,30,,31373,,,1,70,,31390,,,1,30,,31374,,,1,70,,31391,,,1,30,,31375,,,1,70,,36436,,,1
900,'20260413',617,,31392,,,1,30,,31413,,,1,77,,31393,,,1,27,,31414,,,1,70,,31394,,,1,30,,31415,,,1,70,,31395,,,1,81,,31418,,,1,30,,31398,,,1,70,,31419,,,1,30,,31399,,,1,70,,31420,,,1,30,,31400,,,1,70,,31421,,,1,30,,31401,,,1,70,,31422,,,1,30,,31402,,,1,70,,31423,,,1,30,,31403,,,1,70,,31424,,,1,13,,31396,,,1,10,,31433,0,5,1,10,,31404,,,1,10,,31416,,,1,10,,31435,0,5,1,50,,31425,,,1,10,,31397,,,1,10,,31434,0,5,1,10,,31405,,,1,12,,31417,,,1,55,,31426,,,1,30,,31406,,,1,70,,31427,,,1,30,,31407,,,1,70,,31428,,,1,30,,31408,,,1,70,,31429,,,1,30,,31409,,,1,70,,31430,,,1,30,,31410,,,1,70,,31431,,,1,32,,31411,,,1,68,,31432,,,1,30,,31412,,,1
900,'20260414',617,,31436,,,1,30,,31457,,,1,77,,31437,,,1,27,,31458,,,1,70,,31438,,,1,30,,31459,,,1,70,,31439,,,1,81,,31462,,,1,30,,31442,,,1,70,,31463,,,1,30,,31443,,,1,70,,31464,,,1,30,,31444,,,1,70,,31465,,,1,30,,31445,,,1,70,,31466,,,1,30,,31446,,,1,70,,31467,,,1,30,,31447,,,1,70,,31468,,,1,13,,31440,,,1,10,,31477,0,5,1,10,,31448,,,1,10,,31460,,,1,10,,31479,0,5,1,50,,31469,,,1,10,,31441,,,1,10,,31478,0,5,1,10,,31449,,,1,12,,31461,,,1,55,,31470,,,1,30,,31450,,,1,70,,31471,,,1,30,,31451,,,1,70,,31472,,,1,30,,31452,,,1,70,,31473,,,1,30,,31453,,,1,70,,31474,,,1,30,,31454,,,1,70,,31475,,,1,32,,31455,,,1,68,,31476,,,1,30,,31456,,,1
900,'20260415',617,,31480,,,1,30,,31501,,,1,77,,31481,,,1,27,,31502,,,1,70,,31482,,,1,30,,31503,,,1,70,,31483,,,1,81,,31506,,,1,30,,31486,,,1,70,,31507,,,1,30,,31487,,,1,70,,31508,,,1,30,,31488,,,1,70,,31509,,,1,30,,31489,,,1,70,,31510,,,1,30,,31490,,,1,70,,31511,,,1,30,,31491,,,1,70,,31512,,,1,13,,31484,,,1,10,,31521,0,5,1,10,,31492,,,1,10,,31504,,,1,10,,31523,0,5,1,50,,31513,,,1,10,,31485,,,1,10,,31522,0,5,1,10,,31493,,,1,12,,31505,,,1,55,,31514,,,1,30,,31494,,,1,70,,31515,,,1,30,,31495,,,1,70,,31516,,,1,30,,31496,,,1,70,,31517,,,1,30,,31497,,,1,70,,31518,,,1,30,,31498,,,1,70,,31519,,,1,32,,31499,,,1,68,,31520,,,1,30,,31500,,,1
900,'20260416',617,,31524,,,1,30,,31545,,,1,77,,31525,,,1,27,,31546,,,1,70,,31526,,,1,30,,31547,,,1,70,,31527,,,1,81,,31550,,,1,30,,31530,,,1,70,,31551,,,1,30,,31531,,,1,70,,31552,,,1,30,,31532,,,1,70,,31553,,,1,30,,31533,,,1,70,,31554,,,1,30,,31534,,,1,70,,31555,,,1,30,,31535,,,1,70,,31556,,,1,13,,31528,,,1,10,,31565,0,5,1,10,,31536,,,1,10,,31548,,,1,10,,31567,0,5,1,50,,31557,,,1,10,,31529,,,1,10,,31566,0,5,1,10,,31537,,,1,12,,31549,,,1,55,,31558,,,1,30,,31538,,,1,70,,31559,,,1,30,,31539,,,1,70,,31560,,,1,30,,31540,,,1,70,,31561,,,1,30,,31541,,,1,70,,31562,,,1,30,,31542,,,1,70,,31563,,,1,32,,31543,,,1,68,,31564,,,1,30,,31544,,,1
900,'20260417',617,,31568,,,1,30,,31589,,,1,77,,31569,,,1,27,,31590,,,1,70,,31570,,,1,30,,31591,,,1,70,,31571,,,1,81,,31594,,,1,30,,31574,,,1,70,,31595,,,1,30,,31575,,,1,70,,31596,,,1,30,,31576,,,1,70,,31597,,,1,30,,31577,,,1,70,,31598,,,1,30,,31578,,,1,70,,31599,,,1,30,,31579,,,1,70,,31600,,,1,13,,31572,,,1,10,,31610,0,5,1,10,,31580,,,1,10,,31592,,,1,10,,31612,0,5,1,50,,31601,,,1,10,,31573,,,1,10,,31611,0,5,1,10,,31581,,,1,12,,31593,,,1,55,,31602,,,1,30,,31582,,,1,70,,31603,,,1,30,,31583,,,1,70,,31604,,,1,30,,31584,,,1,70,,31605,,,1,30,,31585,,,1,70,,31606,,,1,30,,31586,,,1,70,,31607,,,1,32,,31587,,,1,68,,31608,,,1,30,,31588,,,1,70,,31609,,,1
900,'20260418',902,,31629,,,1,30,,31613,,,1,70,,31630,,,1,30,,31614,,,1,70,,31631,,,1,30,,31615,,,1,70,,31632,,,1,30,,31616,,,1,70,,31633,,,1,30,,31617,,,1,70,,31634,,,1,30,,31618,,,1,70,,31635,,,1,30,,31619,,,1,70,,31636,,,1,30,,31620,,,1,70,,31637,,,1,30,,31621,,,1,70,,31638,,,1,30,,31622,,,1,70,,31639,,,1,30,,31623,,,1,70,,31640,,,1,30,,31624,,,1,70,,31641,,,1,30,,31625,,,1,70,,31642,,,1,30,,31626,,,1,70,,31643,,,1,30,,31627,,,1,70,,31644,,,1,30,,31628,,,1,70,,31645,,,1
900,'20260419',902,,31662,,,1,30,,31646,,,1,70,,31663,,,1,30,,31647,,,1,70,,31664,,,1,30,,31648,,,1,70,,31665,,,1,30,,31649,,,1,70,,31666,,,1,30,,31650,,,1,70,,31667,,,1,30,,31651,,,1,70,,31668,,,1,30,,31652,,,1,70,,31669,,,1,30,,31653,,,1,70,,31670,,,1,30,,31654,,,1,70,,31671,,,1,30,,31655,,,1,70,,31672,,,1,30,,31656,,,1,70,,31673,,,1,30,,31657,,,1,70,,31674,,,1,30,,31658,,,1,70,,31675,,,1,30,,31659,,,1,70,,31676,,,1,30,,31660,,,1,70,,31677,,,1,30,,31661,,,1,70,,36437,,,1
900,'20260420',617,,31678,,,1,30,,31699,,,1,77,,31679,,,1,27,,31700,,,1,70,,31680,,,1,30,,31701,,,1,70,,31681,,,1,81,,31704,,,1,30,,31684,,,1,70,,31705,,,1,30,,31685,,,1,70,,31706,,,1,30,,31686,,,1,70,,31707,,,1,30,,31687,,,1,70,,31708,,,1,30,,31688,,,1,70,,31709,,,1,30,,31689,,,1,70,,31710,,,1,13,,31682,,,1,10,,31719,0,5,1,10,,31690,,,1,10,,31702,,,1,10,,31721,0,5,1,50,,31711,,,1,10,,31683,,,1,10,,31720,0,5,1,10,,31691,,,1,12,,31703,,,1,55,,31712,,,1,30,,31692,,,1,70,,31713,,,1,30,,31693,,,1,70,,31714,,,1,30,,31694,,,1,70,,31715,,,1,30,,31695,,,1,70,,31716,,,1,30,,31696,,,1,70,,31717,,,1,32,,31697,,,1,68,,31718,,,1,30,,31698,,,1
900,'20260421',617,,31722,,,1,30,,31743,,,1,77,,31723,,,1,27,,31744,,,1,70,,31724,,,1,30,,31745,,,1,70,,31725,,,1,81,,31748,,,1,30,,31728,,,1,70,,31749,,,1,30,,31729,,,1,70,,31750,,,1,30,,31730,,,1,70,,31751,,,1,30,,31731,,,1,70,,31752,,,1,30,,31732,,,1,70,,31753,,,1,30,,31733,,,1,70,,31754,,,1,13,,31726,,,1,10,,31763,0,5,1,10,,31734,,,1,10,,31746,,,1,10,,31765,0,5,1,50,,31755,,,1,10,,31727,,,1,10,,31764,0,5,1,10,,31735,,,1,12,,31747,,,1,55,,31756,,,1,30,,31736,,,1,70,,31757,,,1,30,,31737,,,1,70,,31758,,,1,30,,31738,,,1,70,,31759,,,1,30,,31739,,,1,70,,31760,,,1,30,,31740,,,1,70,,31761,,,1,32,,31741,,,1,68,,31762,,,1,30,,31742,,,1
900,'20260422',617,,31766,,,1,30,,31787,,,1,77,,31767,,,1,27,,31788,,,1,70,,31768,,,1,30,,31789,,,1,70,,31769,,,1,81,,31792,,,1,30,,31772,,,1,70,,31793,,,1,30,,31773,,,1,70,,31794,,,1,30,,31774,,,1,70,,31795,,,1,30,,31775,,,1,70,,31796,,,1,30,,31776,,,1,70,,31797,,,1,30,,31777,,,1,70,,31798,,,1,13,,31770,,,1,10,,31807,0,5,1,10,,31778,,,1,10,,31790,,,1,10,,31809,0,5,1,50,,31799,,,1,10,,31771,,,1,10,,31808,0,5,1,10,,31779,,,1,12,,31791,,,1,55,,31800,,,1,30,,31780,,,1,70,,31801,,,1,30,,31781,,,1,70,,31802,,,1,30,,31782,,,1,70,,31803,,,1,30,,31783,,,1,70,,31804,,,1,30,,31784,,,1,70,,31805,,,1,32,,31785,,,1,68,,31806,,,1,30,,31786,,,1
900,'20260423',617,,31810,,,1,30,,31831,,,1,77,,31811,,,1,27,,31832,,,1,70,,31812,,,1,30,,31833,,,1,70,,31813,,,1,81,,31836,,,1,30,,31816,,,1,70,,31837,,,1,30,,31817,,,1,70,,31838,,,1,30,,31818,,,1,70,,31839,,,1,30,,31819,,,1,70,,31840,,,1,30,,31820,,,1,70,,31841,,,1,30,,31821,,,1,70,,31842,,,1,13,,31814,,,1,10,,31851,0,5,1,10,,31822,,,1,10,,31834,,,1,10,,31853,0,5,1,50,,31843,,,1,10,,31815,,,1,10,,31852,0,5,1,10,,31823,,,1,12,,31835,,,1,55,,31844,,,1,30,,31824,,,1,70,,31845,,,1,30,,31825,,,1,70,,31846,,,1,30,,31826,,,1,70,,31847,,,1,30,,31827,,,1,70,,31848,,,1,30,,31828,,,1,70,,31849,,,1,32,,31829,,,1,68,,31850,,,1,30,,31830,,,1
900,'20260424',617,,31854,,,1,30,,31875,,,1,77,,31855,,,1,27,,31876,,,1,70,,31856,,,1,30,,31877,,,1,70,,31857,,,1,81,,31880,,,1,30,,31860,,,1,70,,31881,,,1,30,,31861,,,1,70,,31882,,,1,30,,31862,,,1,70,,31883,,,1,30,,31863,,,1,70,,31884,,,1,30,,31864,,,1,70,,31885,,,1,30,,31865,,,1,70,,31886,,,1,13,,31858,,,1,10,,31896,0,5,1,10,,31866,,,1,10,,31878,,,1,10,,31898,0,5,1,50,,31887,,,1,10,,31859,,,1,10,,31897,0,5,1,10,,31867,,,1,12,,31879,,,1,55,,31888,,,1,30,,31868,,,1,70,,31889,,,1,30,,31869,,,1,70,,31890,,,1,30,,31870,,,1,70,,31891,,,1,30,,31871,,,1,70,,31892,,,1,30,,31872,,,1,70,,31893,,,1,32,,31873,,,1,68,,31894,,,1,30,,31874,,,1,70,,31895,,,1
901,'20260205',553,,33116,,,1,70,,33137,,,1,35,,33117,,,1,70,,33138,,,1,30,,33118,,,1,55,,33136,,,1,15,,33139,,,1,15,,33156,,,1,15,,33119,,,1,70,,33140,,,1,100,,33141,,,1,100,,33142,,,1,100,,33143,,,1,100,,33144,,,1,100,,33145,,,1,100,,33146,,,1,100,,33147,,,1,30,,33127,,,1,70,,33148,,,1,30,,33128,,,1,70,,33149,,,1,100,,33150,,,1,100,,33151,,,1,100,,33152,,,1,100,,33153,,,1,100,,33154,,,1
901,'20260206',553,,33160,,,1,70,,33181,,,1,35,,33161,,,1,70,,33182,,,1,30,,33162,,,1,55,,33180,,,1,15,,33183,,,1,15,,33201,,,1,15,,33163,,,1,70,,33184,,,1,100,,33185,,,1,100,,33186,,,1,100,,33187,,,1,100,,33188,,,1,100,,33189,,,1,100,,33190,,,1,100,,33191,,,1,30,,33171,,,1,70,,33192,,,1,30,,33172,,,1,70,,33193,,,1,100,,33194,,,1,100,,33195,,,1,100,,33196,,,1,100,,33197,,,1,100,,33198,,,1
901,'20260207',828,,33221,,,1,30,,33205,,,1,70,,33222,,,1,30,,33206,,,1,70,,33223,,,1,30,,33207,,,1,70,,33224,,,1,30,,33208,,,1,70,,33225,,,1,30,,33209,,,1,70,,33226,,,1,30,,33210,,,1,70,,33227,,,1,30,,33211,,,1,70,,33228,,,1,30,,33212,,,1,70,,33229,,,1,30,,33213,,,1,70,,33230,,,1,30,,33214,,,1,70,,33231,,,1,30,,33215,,,1,70,,33232,,,1,30,,33216,,,1,70,,33233,,,1,30,,33217,,,1,70,,33234,,,1,30,,33218,,,1,70,,33235,,,1,30,,33219,,,1,70,,33236,,,1,30,,33220,,,1,70,,33237,,,1
901,'20260208',828,,33254,,,1,30,,33238,,,1,70,,33255,,,1,30,,33239,,,1,70,,33256,,,1,30,,33240,,,1,70,,33257,,,1,30,,33241,,,1,70,,33258,,,1,30,,33242,,,1,70,,33259,,,1,30,,33243,,,1,70,,33260,,,1,30,,33244,,,1,70,,33261,,,1,30,,33245,,,1,70,,33262,,,1,30,,33246,,,1,70,,33263,,,1,30,,33247,,,1,70,,33264,,,1,30,,33248,,,1,70,,33265,,,1,30,,33249,,,1,70,,33266,,,1,30,,33250,,,1,70,,33267,,,1,30,,33251,,,1,70,,33268,,,1,30,,33252,,,1,70,,33269,,,1,30,,33253,,,1
901,'20260209',553,,33270,,,1,70,,33291,,,1,35,,33271,,,1,55,,33289,,,1,10,,33292,,,1,10,,33312,,,1,10,,33309,,,1,10,,33272,,,1,50,,33311,,,1,10,,33290,,,1,10,,33293,,,1,10,,33313,,,1,10,,33310,,,1,15,,33273,,,1,70,,33294,,,1,30,,33274,,,1,70,,33295,,,1,30,,33275,,,1,70,,33296,,,1,30,,33276,,,1,70,,33297,,,1,30,,33277,,,1,70,,33298,,,1,30,,33278,,,1,70,,33299,,,1,30,,33279,,,1,70,,33300,,,1,30,,33280,,,1,70,,33301,,,1,30,,33281,,,1,70,,33302,,,1,30,,33282,,,1,70,,33303,,,1,30,,33283,,,1,70,,33304,,,1,30,,33284,,,1,70,,33305,,,1,30,,33285,,,1,70,,33306,,,1,30,,33286,,,1,70,,33307,,,1,30,,33287,,,1,70,,33308,,,1,30,,33288,,,1
901,'20260210',553,,33314,,,1,70,,33335,,,1,35,,33315,,,1,55,,33333,,,1,10,,33336,,,1,10,,33356,,,1,10,,33353,,,1,10,,33316,,,1,50,,33355,,,1,10,,33334,,,1,10,,33337,,,1,10,,33357,,,1,10,,33354,,,1,15,,33317,,,1,70,,33338,,,1,30,,33318,,,1,70,,33339,,,1,30,,33319,,,1,70,,33340,,,1,30,,33320,,,1,70,,33341,,,1,30,,33321,,,1,70,,33342,,,1,30,,33322,,,1,70,,33343,,,1,30,,33323,,,1,70,,33344,,,1,30,,33324,,,1,70,,33345,,,1,30,,33325,,,1,70,,33346,,,1,30,,33326,,,1,70,,33347,,,1,30,,33327,,,1,70,,33348,,,1,30,,33328,,,1,70,,33349,,,1,30,,33329,,,1,70,,33350,,,1,30,,33330,,,1,70,,33351,,,1,30,,33331,,,1,70,,33352,,,1,30,,33332,,,1
901,'20260211',553,,33358,,,1,70,,33379,,,1,35,,33359,,,1,55,,33377,,,1,10,,33380,,,1,10,,33400,,,1,10,,33397,,,1,10,,33360,,,1,50,,33399,,,1,10,,33378,,,1,10,,33381,,,1,10,,33401,,,1,10,,33398,,,1,15,,33361,,,1,70,,33382,,,1,30,,33362,,,1,70,,33383,,,1,30,,33363,,,1,70,,33384,,,1,30,,33364,,,1,70,,33385,,,1,30,,33365,,,1,70,,33386,,,1,30,,33366,,,1,70,,33387,,,1,30,,33367,,,1,70,,33388,,,1,30,,33368,,,1,70,,33389,,,1,30,,33369,,,1,70,,33390,,,1,30,,33370,,,1,70,,33391,,,1,30,,33371,,,1,70,,33392,,,1,30,,33372,,,1,70,,33393,,,1,30,,33373,,,1,70,,33394,,,1,30,,33374,,,1,70,,33395,,,1,30,,33375,,,1,70,,33396,,,1,30,,33376,,,1
901,'20260212',553,,33402,,,1,70,,33423,,,1,35,,33403,,,1,55,,33421,,,1,10,,33424,,,1,10,,33444,,,1,10,,33441,,,1,10,,33404,,,1,50,,33443,,,1,10,,33422,,,1,10,,33425,,,1,10,,33445,,,1,10,,33442,,,1,15,,33405,,,1,70,,33426,,,1,30,,33406,,,1,70,,33427,,,1,30,,33407,,,1,70,,33428,,,1,30,,33408,,,1,70,,33429,,,1,30,,33409,,,1,70,,33430,,,1,30,,33410,,,1,70,,33431,,,1,30,,33411,,,1,70,,33432,,,1,30,,33412,,,1,70,,33433,,,1,30,,33413,,,1,70,,33434,,,1,30,,33414,,,1,70,,33435,,,1,30,,33415,,,1,70,,33436,,,1,30,,33416,,,1,70,,33437,,,1,30,,33417,,,1,70,,33438,,,1,30,,33418,,,1,70,,33439,,,1,30,,33419,,,1,70,,33440,,,1,30,,33420,,,1
901,'20260213',553,,33446,,,1,70,,33467,,,1,35,,33447,,,1,55,,33465,,,1,10,,33468,,,1,10,,33489,,,1,10,,33486,,,1,10,,33448,,,1,50,,33488,,,1,10,,33466,,,1,10,,33469,,,1,10,,33490,,,1,10,,33487,,,1,15,,33449,,,1,70,,33470,,,1,30,,33450,,,1,70,,33471,,,1,30,,33451,,,1,70,,33472,,,1,30,,33452,,,1,70,,33473,,,1,30,,33453,,,1,70,,33474,,,1,30,,33454,,,1,70,,33475,,,1,30,,33455,,,1,70,,33476,,,1,30,,33456,,,1,70,,33477,,,1,30,,33457,,,1,70,,33478,,,1,30,,33458,,,1,70,,33479,,,1,30,,33459,,,1,70,,33480,,,1,30,,33460,,,1,70,,33481,,,1,30,,33461,,,1,70,,33482,,,1,30,,33462,,,1,70,,33483,,,1,30,,33463,,,1,70,,33484,,,1,30,,33464,,,1,70,,33485,,,1
901,'20260214',828,,33507,,,1,30,,33491,,,1,70,,33508,,,1,30,,33492,,,1,70,,33509,,,1,30,,33493,,,1,70,,33510,,,1,30,,33494,,,1,70,,33511,,,1,30,,33495,,,1,70,,33512,,,1,30,,33496,,,1,70,,33513,,,1,30,,33497,,,1,70,,33514,,,1,30,,33498,,,1,70,,33515,,,1,30,,33499,,,1,70,,33516,,,1,30,,33500,,,1,70,,33517,,,1,30,,33501,,,1,70,,33518,,,1,30,,33502,,,1,70,,33519,,,1,30,,33503,,,1,70,,33520,,,1,30,,33504,,,1,70,,33521,,,1,30,,33505,,,1,70,,33522,,,1,30,,33506,,,1,70,,33523,,,1
901,'20260215',828,,33540,,,1,30,,33524,,,1,70,,33541,,,1,30,,33525,,,1,70,,33542,,,1,30,,33526,,,1,70,,33543,,,1,30,,33527,,,1,70,,33544,,,1,30,,33528,,,1,70,,33545,,,1,30,,33529,,,1,70,,33546,,,1,30,,33530,,,1,70,,33547,,,1,30,,33531,,,1,70,,33548,,,1,30,,33532,,,1,70,,33549,,,1,30,,33533,,,1,70,,33550,,,1,30,,33534,,,1,70,,33551,,,1,30,,33535,,,1,70,,33552,,,1,30,,33536,,,1,70,,33553,,,1,30,,33537,,,1,70,,33554,,,1,30,,33538,,,1,70,,33555,,,1,30,,33539,,,1
901,'20260216',553,,33556,,,1,70,,33577,,,1,35,,33557,,,1,55,,33575,,,1,10,,33578,,,1,10,,33598,,,1,10,,33595,,,1,10,,33558,,,1,50,,33597,,,1,10,,33576,,,1,10,,33579,,,1,10,,33599,,,1,10,,33596,,,1,15,,33559,,,1,70,,33580,,,1,30,,33560,,,1,70,,33581,,,1,30,,33561,,,1,70,,33582,,,1,30,,33562,,,1,70,,33583,,,1,30,,33563,,,1,70,,33584,,,1,30,,33564,,,1,70,,33585,,,1,30,,33565,,,1,70,,33586,,,1,30,,33566,,,1,70,,33587,,,1,30,,33567,,,1,70,,33588,,,1,30,,33568,,,1,70,,33589,,,1,30,,33569,,,1,70,,33590,,,1,30,,33570,,,1,70,,33591,,,1,30,,33571,,,1,70,,33592,,,1,30,,33572,,,1,70,,33593,,,1,30,,33573,,,1,70,,33594,,,1,30,,33574,,,1
901,'20260217',553,,33600,,,1,70,,33621,,,1,35,,33601,,,1,55,,33619,,,1,10,,33622,,,1,10,,33642,,,1,10,,33639,,,1,10,,33602,,,1,50,,33641,,,1,10,,33620,,,1,10,,33623,,,1,10,,33643,,,1,10,,33640,,,1,15,,33603,,,1,70,,33624,,,1,30,,33604,,,1,70,,33625,,,1,30,,33605,,,1,70,,33626,,,1,30,,33606,,,1,70,,33627,,,1,30,,33607,,,1,70,,33628,,,1,30,,33608,,,1,70,,33629,,,1,30,,33609,,,1,70,,33630,,,1,30,,33610,,,1,70,,33631,,,1,30,,33611,,,1,70,,33632,,,1,30,,33612,,,1,70,,33633,,,1,30,,33613,,,1,70,,33634,,,1,30,,33614,,,1,70,,33635,,,1,30,,33615,,,1,70,,33636,,,1,30,,33616,,,1,70,,33637,,,1,30,,33617,,,1,70,,33638,,,1,30,,33618,,,1
901,'20260218',553,,33644,,,1,70,,33665,,,1,35,,33645,,,1,55,,33663,,,1,10,,33666,,,1,10,,33686,,,1,10,,33683,,,1,10,,33646,,,1,50,,33685,,,1,10,,33664,,,1,10,,33667,,,1,10,,33687,,,1,10,,33684,,,1,15,,33647,,,1,70,,33668,,,1,30,,33648,,,1,70,,33669,,,1,30,,33649,,,1,70,,33670,,,1,30,,33650,,,1,70,,33671,,,1,30,,33651,,,1,70,,33672,,,1,30,,33652,,,1,70,,33673,,,1,30,,33653,,,1,70,,33674,,,1,30,,33654,,,1,70,,33675,,,1,30,,33655,,,1,70,,33676,,,1,30,,33656,,,1,70,,33677,,,1,30,,33657,,,1,70,,33678,,,1,30,,33658,,,1,70,,33679,,,1,30,,33659,,,1,70,,33680,,,1,30,,33660,,,1,70,,33681,,,1,30,,33661,,,1,70,,33682,,,1,30,,33662,,,1
901,'20260219',553,,33688,,,1,70,,33709,,,1,35,,33689,,,1,55,,33707,,,1,10,,33710,,,1,10,,33730,,,1,10,,33727,,,1,10,,33690,,,1,50,,33729,,,1,10,,33708,,,1,10,,33711,,,1,10,,33731,,,1,10,,33728,,,1,15,,33691,,,1,70,,33712,,,1,30,,33692,,,1,70,,33713,,,1,30,,33693,,,1,70,,33714,,,1,30,,33694,,,1,70,,33715,,,1,30,,33695,,,1,70,,33716,,,1,30,,33696,,,1,70,,33717,,,1,30,,33697,,,1,70,,33718,,,1,30,,33698,,,1,70,,33719,,,1,30,,33699,,,1,70,,33720,,,1,30,,33700,,,1,70,,33721,,,1,30,,33701,,,1,70,,33722,,,1,30,,33702,,,1,70,,33723,,,1,30,,33703,,,1,70,,33724,,,1,30,,33704,,,1,70,,33725,,,1,30,,33705,,,1,70,,33726,,,1,30,,33706,,,1
901,'20260220',553,,33732,,,1,70,,33753,,,1,35,,33733,,,1,55,,33751,,,1,10,,33754,,,1,10,,33775,,,1,10,,33772,,,1,10,,33734,,,1,50,,33774,,,1,10,,33752,,,1,10,,33755,,,1,10,,33776,,,1,10,,33773,,,1,15,,33735,,,1,70,,33756,,,1,30,,33736,,,1,70,,33757,,,1,30,,33737,,,1,70,,33758,,,1,30,,33738,,,1,70,,33759,,,1,30,,33739,,,1,70,,33760,,,1,30,,33740,,,1,70,,33761,,,1,30,,33741,,,1,70,,33762,,,1,30,,33742,,,1,70,,33763,,,1,30,,33743,,,1,70,,33764,,,1,30,,33744,,,1,70,,33765,,,1,30,,33745,,,1,70,,33766,,,1,30,,33746,,,1,70,,33767,,,1,30,,33747,,,1,70,,33768,,,1,30,,33748,,,1,70,,33769,,,1,30,,33749,,,1,70,,33770,,,1,30,,33750,,,1,70,,33771,,,1
901,'20260221',828,,33793,,,1,30,,33777,,,1,70,,33794,,,1,30,,33778,,,1,70,,33795,,,1,30,,33779,,,1,70,,33796,,,1,30,,33780,,,1,70,,33797,,,1,30,,33781,,,1,70,,33798,,,1,30,,33782,,,1,70,,33799,,,1,30,,33783,,,1,70,,33800,,,1,30,,33784,,,1,70,,33801,,,1,30,,33785,,,1,70,,33802,,,1,30,,33786,,,1,70,,33803,,,1,30,,33787,,,1,70,,33804,,,1,30,,33788,,,1,70,,33805,,,1,30,,33789,,,1,70,,33806,,,1,30,,33790,,,1,70,,33807,,,1,30,,33791,,,1,70,,33808,,,1,30,,33792,,,1,70,,33809,,,1
901,'20260222',828,,33826,,,1,30,,33810,,,1,70,,33827,,,1,30,,33811,,,1,70,,33828,,,1,30,,33812,,,1,70,,33829,,,1,30,,33813,,,1,70,,33830,,,1,30,,33814,,,1,70,,33831,,,1,30,,33815,,,1,70,,33832,,,1,30,,33816,,,1,70,,33833,,,1,30,,33817,,,1,70,,33834,,,1,30,,33818,,,1,70,,33835,,,1,30,,33819,,,1,70,,33836,,,1,30,,33820,,,1,70,,33837,,,1,30,,33821,,,1,70,,33838,,,1,30,,33822,,,1,70,,33839,,,1,30,,33823,,,1,70,,33840,,,1,30,,33824,,,1,70,,33841,,,1,30,,33825,,,1
901,'20260223',553,,33842,,,1,70,,33863,,,1,35,,33843,,,1,55,,33861,,,1,10,,33864,,,1,10,,33884,,,1,10,,33881,,,1,10,,33844,,,1,50,,33883,,,1,10,,33862,,,1,10,,33865,,,1,10,,33885,,,1,10,,33882,,,1,15,,33845,,,1,70,,33866,,,1,30,,33846,,,1,70,,33867,,,1,30,,33847,,,1,70,,33868,,,1,30,,33848,,,1,70,,33869,,,1,30,,33849,,,1,70,,33870,,,1,30,,33850,,,1,70,,33871,,,1,30,,33851,,,1,70,,33872,,,1,30,,33852,,,1,70,,33873,,,1,30,,33853,,,1,70,,33874,,,1,30,,33854,,,1,70,,33875,,,1,30,,33855,,,1,70,,33876,,,1,30,,33856,,,1,70,,33877,,,1,30,,33857,,,1,70,,33878,,,1,30,,33858,,,1,70,,33879,,,1,30,,33859,,,1,70,,33880,,,1,30,,33860,,,1
901,'20260224',553,,33886,,,1,70,,33907,,,1,35,,33887,,,1,55,,33905,,,1,10,,33908,,,1,10,,33928,,,1,10,,33925,,,1,10,,33888,,,1,50,,33927,,,1,10,,33906,,,1,10,,33909,,,1,10,,33929,,,1,10,,33926,,,1,15,,33889,,,1,70,,33910,,,1,30,,33890,,,1,70,,33911,,,1,30,,33891,,,1,70,,33912,,,1,30,,33892,,,1,70,,33913,,,1,30,,33893,,,1,70,,33914,,,1,30,,33894,,,1,70,,33915,,,1,30,,33895,,,1,70,,33916,,,1,30,,33896,,,1,70,,33917,,,1,30,,33897,,,1,70,,33918,,,1,30,,33898,,,1,70,,33919,,,1,30,,33899,,,1,70,,33920,,,1,30,,33900,,,1,70,,33921,,,1,30,,33901,,,1,70,,33922,,,1,30,,33902,,,1,70,,33923,,,1,30,,33903,,,1,70,,33924,,,1,30,,33904,,,1
901,'20260225',553,,33930,,,1,70,,33951,,,1,35,,33931,,,1,55,,33949,,,1,10,,33952,,,1,10,,33972,,,1,10,,33969,,,1,10,,33932,,,1,50,,33971,,,1,10,,33950,,,1,10,,33953,,,1,10,,33973,,,1,10,,33970,,,1,15,,33933,,,1,70,,33954,,,1,30,,33934,,,1,70,,33955,,,1,30,,33935,,,1,70,,33956,,,1,30,,33936,,,1,70,,33957,,,1,30,,33937,,,1,70,,33958,,,1,30,,33938,,,1,70,,33959,,,1,30,,33939,,,1,70,,33960,,,1,30,,33940,,,1,70,,33961,,,1,30,,33941,,,1,70,,33962,,,1,30,,33942,,,1,70,,33963,,,1,30,,33943,,,1,70,,33964,,,1,30,,33944,,,1,70,,33965,,,1,30,,33945,,,1,70,,33966,,,1,30,,33946,,,1,70,,33967,,,1,30,,33947,,,1,70,,33968,,,1,30,,33948,,,1
901,'20260226',553,,33974,,,1,70,,33995,,,1,35,,33975,,,1,55,,33993,,,1,10,,33996,,,1,10,,34016,,,1,10,,34013,,,1,10,,33976,,,1,50,,34015,,,1,10,,33994,,,1,10,,33997,,,1,10,,34017,,,1,10,,34014,,,1,15,,33977,,,1,70,,33998,,,1,30,,33978,,,1,70,,33999,,,1,30,,33979,,,1,70,,34000,,,1,30,,33980,,,1,70,,34001,,,1,30,,33981,,,1,70,,34002,,,1,30,,33982,,,1,70,,34003,,,1,30,,33983,,,1,70,,34004,,,1,30,,33984,,,1,70,,34005,,,1,30,,33985,,,1,70,,34006,,,1,30,,33986,,,1,70,,34007,,,1,30,,33987,,,1,70,,34008,,,1,30,,33988,,,1,70,,34009,,,1,30,,33989,,,1,70,,34010,,,1,30,,33990,,,1,70,,34011,,,1,30,,33991,,,1,70,,34012,,,1,30,,33992,,,1
901,'20260227',553,,34018,,,1,70,,34039,,,1,35,,34019,,,1,55,,34037,,,1,10,,34040,,,1,10,,34061,,,1,10,,34058,,,1,10,,34020,,,1,50,,34060,,,1,10,,34038,,,1,10,,34041,,,1,10,,34062,,,1,10,,34059,,,1,15,,34021,,,1,70,,34042,,,1,30,,34022,,,1,70,,34043,,,1,30,,34023,,,1,70,,34044,,,1,30,,34024,,,1,70,,34045,,,1,30,,34025,,,1,70,,34046,,,1,30,,34026,,,1,70,,34047,,,1,30,,34027,,,1,70,,34048,,,1,30,,34028,,,1,70,,34049,,,1,30,,34029,,,1,70,,34050,,,1,30,,34030,,,1,70,,34051,,,1,30,,34031,,,1,70,,34052,,,1,30,,34032,,,1,70,,34053,,,1,30,,34033,,,1,70,,34054,,,1,30,,34034,,,1,70,,34055,,,1,30,,34035,,,1,70,,34056,,,1,30,,34036,,,1,70,,34057,,,1
901,'20260228',828,,34079,,,1,30,,34063,,,1,70,,34080,,,1,30,,34064,,,1,70,,34081,,,1,30,,34065,,,1,70,,34082,,,1,30,,34066,,,1,70,,34083,,,1,30,,34067,,,1,70,,34084,,,1,30,,34068,,,1,70,,34085,,,1,30,,34069,,,1,70,,34086,,,1,30,,34070,,,1,70,,34087,,,1,30,,34071,,,1,70,,34088,,,1,30,,34072,,,1,70,,34089,,,1,30,,34073,,,1,70,,34090,,,1,30,,34074,,,1,70,,34091,,,1,30,,34075,,,1,70,,34092,,,1,30,,34076,,,1,70,,34093,,,1,30,,34077,,,1,70,,34094,,,1,30,,34078,,,1,70,,34095,,,1
901,'20260301',828,,34112,,,1,30,,34096,,,1,70,,34113,,,1,30,,34097,,,1,70,,34114,,,1,30,,34098,,,1,70,,34115,,,1,30,,34099,,,1,70,,34116,,,1,30,,34100,,,1,70,,34117,,,1,30,,34101,,,1,70,,34118,,,1,30,,34102,,,1,70,,34119,,,1,30,,34103,,,1,70,,34120,,,1,30,,34104,,,1,70,,34121,,,1,30,,34105,,,1,70,,34122,,,1,30,,34106,,,1,70,,34123,,,1,30,,34107,,,1,70,,34124,,,1,30,,34108,,,1,70,,34125,,,1,30,,34109,,,1,70,,34126,,,1,30,,34110,,,1,70,,34127,,,1,30,,34111,,,1
901,'20260302',553,,34128,,,1,70,,34149,,,1,35,,34129,,,1,55,,34147,,,1,10,,34150,,,1,10,,34170,,,1,10,,34167,,,1,10,,34130,,,1,50,,34169,,,1,10,,34148,,,1,10,,34151,,,1,10,,34171,,,1,10,,34168,,,1,15,,34131,,,1,70,,34152,,,1,30,,34132,,,1,70,,34153,,,1,30,,34133,,,1,70,,34154,,,1,30,,34134,,,1,70,,34155,,,1,30,,34135,,,1,70,,34156,,,1,30,,34136,,,1,70,,34157,,,1,30,,34137,,,1,70,,34158,,,1,30,,34138,,,1,70,,34159,,,1,30,,34139,,,1,70,,34160,,,1,30,,34140,,,1,70,,34161,,,1,30,,34141,,,1,70,,34162,,,1,30,,34142,,,1,70,,34163,,,1,30,,34143,,,1,70,,34164,,,1,30,,34144,,,1,70,,34165,,,1,30,,34145,,,1,70,,34166,,,1,30,,34146,,,1
901,'20260303',553,,34172,,,1,70,,34193,,,1,35,,34173,,,1,55,,34191,,,1,10,,34194,,,1,10,,34214,,,1,10,,34211,,,1,10,,34174,,,1,50,,34213,,,1,10,,34192,,,1,10,,34195,,,1,10,,34215,,,1,10,,34212,,,1,15,,34175,,,1,70,,34196,,,1,30,,34176,,,1,70,,34197,,,1,30,,34177,,,1,70,,34198,,,1,30,,34178,,,1,70,,34199,,,1,30,,34179,,,1,70,,34200,,,1,30,,34180,,,1,70,,34201,,,1,30,,34181,,,1,70,,34202,,,1,30,,34182,,,1,70,,34203,,,1,30,,34183,,,1,70,,34204,,,1,30,,34184,,,1,70,,34205,,,1,30,,34185,,,1,70,,34206,,,1,30,,34186,,,1,70,,34207,,,1,30,,34187,,,1,70,,34208,,,1,30,,34188,,,1,70,,34209,,,1,30,,34189,,,1,70,,34210,,,1,30,,34190,,,1
901,'20260304',553,,34216,,,1,70,,34237,,,1,35,,34217,,,1,55,,34235,,,1,10,,34238,,,1,10,,34258,,,1,10,,34255,,,1,10,,34218,,,1,50,,34257,,,1,10,,34236,,,1,10,,34239,,,1,10,,34259,,,1,10,,34256,,,1,15,,34219,,,1,70,,34240,,,1,30,,34220,,,1,70,,34241,,,1,30,,34221,,,1,70,,34242,,,1,30,,34222,,,1,70,,34243,,,1,30,,34223,,,1,70,,34244,,,1,30,,34224,,,1,70,,34245,,,1,30,,34225,,,1,70,,34246,,,1,30,,34226,,,1,70,,34247,,,1,30,,34227,,,1,70,,34248,,,1,30,,34228,,,1,70,,34249,,,1,30,,34229,,,1,70,,34250,,,1,30,,34230,,,1,70,,34251,,,1,30,,34231,,,1,70,,34252,,,1,30,,34232,,,1,70,,34253,,,1,30,,34233,,,1,70,,34254,,,1,30,,34234,,,1
901,'20260305',553,,34260,,,1,70,,34281,,,1,35,,34261,,,1,55,,34279,,,1,10,,34282,,,1,10,,34302,,,1,10,,34299,,,1,10,,34262,,,1,50,,34301,,,1,10,,34280,,,1,10,,34283,,,1,10,,34303,,,1,10,,34300,,,1,15,,34263,,,1,70,,34284,,,1,30,,34264,,,1,70,,34285,,,1,30,,34265,,,1,70,,34286,,,1,30,,34266,,,1,70,,34287,,,1,30,,34267,,,1,70,,34288,,,1,30,,34268,,,1,70,,34289,,,1,30,,34269,,,1,70,,34290,,,1,30,,34270,,,1,70,,34291,,,1,30,,34271,,,1,70,,34292,,,1,30,,34272,,,1,70,,34293,,,1,30,,34273,,,1,70,,34294,,,1,30,,34274,,,1,70,,34295,,,1,30,,34275,,,1,70,,34296,,,1,30,,34276,,,1,70,,34297,,,1,30,,34277,,,1,70,,34298,,,1,30,,34278,,,1
901,'20260306',553,,34304,,,1,70,,34325,,,1,35,,34305,,,1,55,,34323,,,1,10,,34326,,,1,10,,34347,,,1,10,,34344,,,1,10,,34306,,,1,50,,34346,,,1,10,,34324,,,1,10,,34327,,,1,10,,34348,,,1,10,,34345,,,1,15,,34307,,,1,70,,34328,,,1,30,,34308,,,1,70,,34329,,,1,30,,34309,,,1,70,,34330,,,1,30,,34310,,,1,70,,34331,,,1,30,,34311,,,1,70,,34332,,,1,30,,34312,,,1,70,,34333,,,1,30,,34313,,,1,70,,34334,,,1,30,,34314,,,1,70,,34335,,,1,30,,34315,,,1,70,,34336,,,1,30,,34316,,,1,70,,34337,,,1,30,,34317,,,1,70,,34338,,,1,30,,34318,,,1,70,,34339,,,1,30,,34319,,,1,70,,34340,,,1,30,,34320,,,1,70,,34341,,,1,30,,34321,,,1,70,,34342,,,1,30,,34322,,,1,70,,34343,,,1
901,'20260307',828,,34365,,,1,30,,34349,,,1,70,,34366,,,1,30,,34350,,,1,70,,34367,,,1,30,,34351,,,1,70,,34368,,,1,30,,34352,,,1,70,,34369,,,1,30,,34353,,,1,70,,34370,,,1,30,,34354,,,1,70,,34371,,,1,30,,34355,,,1,70,,34372,,,1,30,,34356,,,1,70,,34373,,,1,30,,34357,,,1,70,,34374,,,1,30,,34358,,,1,70,,34375,,,1,30,,34359,,,1,70,,34376,,,1,30,,34360,,,1,70,,34377,,,1,30,,34361,,,1,70,,34378,,,1,30,,34362,,,1,70,,34379,,,1,30,,34363,,,1,70,,34380,,,1,30,,34364,,,1,70,,34381,,,1
901,'20260308',828,,34398,,,1,30,,34382,,,1,70,,34399,,,1,30,,34383,,,1,70,,34400,,,1,30,,34384,,,1,70,,34401,,,1,30,,34385,,,1,70,,34402,,,1,30,,34386,,,1,70,,34403,,,1,30,,34387,,,1,70,,34404,,,1,30,,34388,,,1,70,,34405,,,1,30,,34389,,,1,70,,34406,,,1,30,,34390,,,1,70,,34407,,,1,30,,34391,,,1,70,,34408,,,1,30,,34392,,,1,70,,34409,,,1,30,,34393,,,1,70,,34410,,,1,30,,34394,,,1,70,,34411,,,1,30,,34395,,,1,70,,34412,,,1,30,,34396,,,1,70,,34413,,,1,30,,34397,,,1
901,'20260309',553,,34414,,,1,70,,34435,,,1,35,,34415,,,1,55,,34433,,,1,10,,34436,,,1,10,,34456,,,1,10,,34453,,,1,10,,34416,,,1,50,,34455,,,1,10,,34434,,,1,10,,34437,,,1,10,,34457,,,1,10,,34454,,,1,15,,34417,,,1,70,,34438,,,1,30,,34418,,,1,70,,34439,,,1,30,,34419,,,1,70,,34440,,,1,30,,34420,,,1,70,,34441,,,1,30,,34421,,,1,70,,34442,,,1,30,,34422,,,1,70,,34443,,,1,30,,34423,,,1,70,,34444,,,1,30,,34424,,,1,70,,34445,,,1,30,,34425,,,1,70,,34446,,,1,30,,34426,,,1,70,,34447,,,1,30,,34427,,,1,70,,34448,,,1,30,,34428,,,1,70,,34449,,,1,30,,34429,,,1,70,,34450,,,1,30,,34430,,,1,70,,34451,,,1,30,,34431,,,1,70,,34452,,,1,30,,34432,,,1
901,'20260310',553,,34458,,,1,70,,34479,,,1,35,,34459,,,1,55,,34477,,,1,10,,34480,,,1,10,,34500,,,1,10,,34497,,,1,10,,34460,,,1,50,,34499,,,1,10,,34478,,,1,10,,34481,,,1,10,,34501,,,1,10,,34498,,,1,15,,34461,,,1,70,,34482,,,1,30,,34462,,,1,70,,34483,,,1,30,,34463,,,1,70,,34484,,,1,30,,34464,,,1,70,,34485,,,1,30,,34465,,,1,70,,34486,,,1,30,,34466,,,1,70,,34487,,,1,30,,34467,,,1,70,,34488,,,1,30,,34468,,,1,70,,34489,,,1,30,,34469,,,1,70,,34490,,,1,30,,34470,,,1,70,,34491,,,1,30,,34471,,,1,70,,34492,,,1,30,,34472,,,1,70,,34493,,,1,30,,34473,,,1,70,,34494,,,1,30,,34474,,,1,70,,34495,,,1,30,,34475,,,1,70,,34496,,,1,30,,34476,,,1
901,'20260311',553,,34502,,,1,70,,34523,,,1,35,,34503,,,1,55,,34521,,,1,10,,34524,,,1,10,,34544,,,1,10,,34541,,,1,10,,34504,,,1,50,,34543,,,1,10,,34522,,,1,10,,34525,,,1,10,,34545,,,1,10,,34542,,,1,15,,34505,,,1,70,,34526,,,1,30,,34506,,,1,70,,34527,,,1,30,,34507,,,1,70,,34528,,,1,30,,34508,,,1,70,,34529,,,1,30,,34509,,,1,70,,34530,,,1,30,,34510,,,1,70,,34531,,,1,30,,34511,,,1,70,,34532,,,1,30,,34512,,,1,70,,34533,,,1,30,,34513,,,1,70,,34534,,,1,30,,34514,,,1,70,,34535,,,1,30,,34515,,,1,70,,34536,,,1,30,,34516,,,1,70,,34537,,,1,30,,34517,,,1,70,,34538,,,1,30,,34518,,,1,70,,34539,,,1,30,,34519,,,1,70,,34540,,,1,30,,34520,,,1
901,'20260312',553,,34546,,,1,70,,34567,,,1,35,,34547,,,1,55,,34565,,,1,10,,34568,,,1,10,,34588,,,1,10,,34585,,,1,10,,34548,,,1,50,,34587,,,1,10,,34566,,,1,10,,34569,,,1,10,,34589,,,1,10,,34586,,,1,15,,34549,,,1,70,,34570,,,1,30,,34550,,,1,70,,34571,,,1,30,,34551,,,1,70,,34572,,,1,30,,34552,,,1,70,,34573,,,1,30,,34553,,,1,70,,34574,,,1,30,,34554,,,1,70,,34575,,,1,30,,34555,,,1,70,,34576,,,1,30,,34556,,,1,70,,34577,,,1,30,,34557,,,1,70,,34578,,,1,30,,34558,,,1,70,,34579,,,1,30,,34559,,,1,70,,34580,,,1,30,,34560,,,1,70,,34581,,,1,30,,34561,,,1,70,,34582,,,1,30,,34562,,,1,70,,34583,,,1,30,,34563,,,1,70,,34584,,,1,30,,34564,,,1
901,'20260313',553,,34590,,,1,70,,34611,,,1,35,,34591,,,1,55,,34609,,,1,10,,34612,,,1,10,,34633,,,1,10,,34630,,,1,10,,34592,,,1,50,,34632,,,1,10,,34610,,,1,10,,34613,,,1,10,,34634,,,1,10,,34631,,,1,15,,34593,,,1,70,,34614,,,1,30,,34594,,,1,70,,34615,,,1,30,,34595,,,1,70,,34616,,,1,30,,34596,,,1,70,,34617,,,1,30,,34597,,,1,70,,34618,,,1,30,,34598,,,1,70,,34619,,,1,30,,34599,,,1,70,,34620,,,1,30,,34600,,,1,70,,34621,,,1,30,,34601,,,1,70,,34622,,,1,30,,34602,,,1,70,,34623,,,1,30,,34603,,,1,70,,34624,,,1,30,,34604,,,1,70,,34625,,,1,30,,34605,,,1,70,,34626,,,1,30,,34606,,,1,70,,34627,,,1,30,,34607,,,1,70,,34628,,,1,30,,34608,,,1,70,,34629,,,1
901,'20260314',828,,34651,,,1,30,,34635,,,1,70,,34652,,,1,30,,34636,,,1,70,,34653,,,1,30,,34637,,,1,70,,34654,,,1,30,,34638,,,1,70,,34655,,,1,30,,34639,,,1,70,,34656,,,1,30,,34640,,,1,70,,34657,,,1,30,,34641,,,1,70,,34658,,,1,30,,34642,,,1,70,,34659,,,1,30,,34643,,,1,70,,34660,,,1,30,,34644,,,1,70,,34661,,,1,30,,34645,,,1,70,,34662,,,1,30,,34646,,,1,70,,34663,,,1,30,,34647,,,1,70,,34664,,,1,30,,34648,,,1,70,,34665,,,1,30,,34649,,,1,70,,34666,,,1,30,,34650,,,1,70,,34667,,,1
901,'20260315',828,,34684,,,1,30,,34668,,,1,70,,34685,,,1,30,,34669,,,1,70,,34686,,,1,30,,34670,,,1,70,,34687,,,1,30,,34671,,,1,70,,34688,,,1,30,,34672,,,1,70,,34689,,,1,30,,34673,,,1,70,,34690,,,1,30,,34674,,,1,70,,34691,,,1,30,,34675,,,1,70,,34692,,,1,30,,34676,,,1,70,,34693,,,1,30,,34677,,,1,70,,34694,,,1,30,,34678,,,1,70,,34695,,,1,30,,34679,,,1,70,,34696,,,1,30,,34680,,,1,70,,34697,,,1,30,,34681,,,1,70,,34698,,,1,30,,34682,,,1,70,,34699,,,1,30,,34683,,,1
901,'20260316',553,,34700,,,1,70,,34721,,,1,35,,34701,,,1,55,,34719,,,1,10,,34722,,,1,10,,34742,,,1,10,,34739,,,1,10,,34702,,,1,50,,34741,,,1,10,,34720,,,1,10,,34723,,,1,10,,34743,,,1,10,,34740,,,1,15,,34703,,,1,70,,34724,,,1,30,,34704,,,1,70,,34725,,,1,30,,34705,,,1,70,,34726,,,1,30,,34706,,,1,70,,34727,,,1,30,,34707,,,1,70,,34728,,,1,30,,34708,,,1,70,,34729,,,1,30,,34709,,,1,70,,34730,,,1,30,,34710,,,1,70,,34731,,,1,30,,34711,,,1,70,,34732,,,1,30,,34712,,,1,70,,34733,,,1,30,,34713,,,1,70,,34734,,,1,30,,34714,,,1,70,,34735,,,1,30,,34715,,,1,70,,34736,,,1,30,,34716,,,1,70,,34737,,,1,30,,34717,,,1,70,,34738,,,1,30,,34718,,,1
901,'20260317',553,,34744,,,1,70,,34765,,,1,35,,34745,,,1,55,,34763,,,1,10,,34766,,,1,10,,34786,,,1,10,,34783,,,1,10,,34746,,,1,50,,34785,,,1,10,,34764,,,1,10,,34767,,,1,10,,34787,,,1,10,,34784,,,1,15,,34747,,,1,70,,34768,,,1,30,,34748,,,1,70,,34769,,,1,30,,34749,,,1,70,,34770,,,1,30,,34750,,,1,70,,34771,,,1,30,,34751,,,1,70,,34772,,,1,30,,34752,,,1,70,,34773,,,1,30,,34753,,,1,70,,34774,,,1,30,,34754,,,1,70,,34775,,,1,30,,34755,,,1,70,,34776,,,1,30,,34756,,,1,70,,34777,,,1,30,,34757,,,1,70,,34778,,,1,30,,34758,,,1,70,,34779,,,1,30,,34759,,,1,70,,34780,,,1,30,,34760,,,1,70,,34781,,,1,30,,34761,,,1,70,,34782,,,1,30,,34762,,,1
901,'20260318',553,,34788,,,1,70,,34809,,,1,35,,34789,,,1,55,,34807,,,1,10,,34810,,,1,10,,34830,,,1,10,,34827,,,1,10,,34790,,,1,50,,34829,,,1,10,,34808,,,1,10,,34811,,,1,10,,34831,,,1,10,,34828,,,1,15,,34791,,,1,70,,34812,,,1,30,,34792,,,1,70,,34813,,,1,30,,34793,,,1,70,,34814,,,1,30,,34794,,,1,70,,34815,,,1,30,,34795,,,1,70,,34816,,,1,30,,34796,,,1,70,,34817,,,1,30,,34797,,,1,70,,34818,,,1,30,,34798,,,1,70,,34819,,,1,30,,34799,,,1,70,,34820,,,1,30,,34800,,,1,70,,34821,,,1,30,,34801,,,1,70,,34822,,,1,30,,34802,,,1,70,,34823,,,1,30,,34803,,,1,70,,34824,,,1,30,,34804,,,1,70,,34825,,,1,30,,34805,,,1,70,,34826,,,1,30,,34806,,,1
901,'20260319',553,,34832,,,1,70,,34853,,,1,35,,34833,,,1,55,,34851,,,1,10,,34854,,,1,10,,34874,,,1,10,,34871,,,1,10,,34834,,,1,50,,34873,,,1,10,,34852,,,1,10,,34855,,,1,10,,34875,,,1,10,,34872,,,1,15,,34835,,,1,70,,34856,,,1,30,,34836,,,1,70,,34857,,,1,30,,34837,,,1,70,,34858,,,1,30,,34838,,,1,70,,34859,,,1,30,,34839,,,1,70,,34860,,,1,30,,34840,,,1,70,,34861,,,1,30,,34841,,,1,70,,34862,,,1,30,,34842,,,1,70,,34863,,,1,30,,34843,,,1,70,,34864,,,1,30,,34844,,,1,70,,34865,,,1,30,,34845,,,1,70,,34866,,,1,30,,34846,,,1,70,,34867,,,1,30,,34847,,,1,70,,34868,,,1,30,,34848,,,1,70,,34869,,,1,30,,34849,,,1,70,,34870,,,1,30,,34850,,,1
901,'20260320',553,,34876,,,1,70,,34897,,,1,35,,34877,,,1,55,,34895,,,1,10,,34898,,,1,10,,34919,,,1,10,,34916,,,1,10,,34878,,,1,50,,34918,,,1,10,,34896,,,1,10,,34899,,,1,10,,34920,,,1,10,,34917,,,1,15,,34879,,,1,70,,34900,,,1,30,,34880,,,1,70,,34901,,,1,30,,34881,,,1,70,,34902,,,1,30,,34882,,,1,70,,34903,,,1,30,,34883,,,1,70,,34904,,,1,30,,34884,,,1,70,,34905,,,1,30,,34885,,,1,70,,34906,,,1,30,,34886,,,1,70,,34907,,,1,30,,34887,,,1,70,,34908,,,1,30,,34888,,,1,70,,34909,,,1,30,,34889,,,1,70,,34910,,,1,30,,34890,,,1,70,,34911,,,1,30,,34891,,,1,70,,34912,,,1,30,,34892,,,1,70,,34913,,,1,30,,34893,,,1,70,,34914,,,1,30,,34894,,,1,70,,34915,,,1
901,'20260321',828,,34937,,,1,30,,34921,,,1,70,,34938,,,1,30,,34922,,,1,70,,34939,,,1,30,,34923,,,1,70,,34940,,,1,30,,34924,,,1,70,,34941,,,1,30,,34925,,,1,70,,34942,,,1,30,,34926,,,1,70,,34943,,,1,30,,34927,,,1,70,,34944,,,1,30,,34928,,,1,70,,34945,,,1,30,,34929,,,1,70,,34946,,,1,30,,34930,,,1,70,,34947,,,1,30,,34931,,,1,70,,34948,,,1,30,,34932,,,1,70,,34949,,,1,30,,34933,,,1,70,,34950,,,1,30,,34934,,,1,70,,34951,,,1,30,,34935,,,1,70,,34952,,,1,30,,34936,,,1,70,,34953,,,1
901,'20260322',828,,34970,,,1,30,,34954,,,1,70,,34971,,,1,30,,34955,,,1,70,,34972,,,1,30,,34956,,,1,70,,34973,,,1,30,,34957,,,1,70,,34974,,,1,30,,34958,,,1,70,,34975,,,1,30,,34959,,,1,70,,34976,,,1,30,,34960,,,1,70,,34977,,,1,30,,34961,,,1,70,,34978,,,1,30,,34962,,,1,70,,34979,,,1,30,,34963,,,1,70,,34980,,,1,30,,34964,,,1,70,,34981,,,1,30,,34965,,,1,70,,34982,,,1,30,,34966,,,1,70,,34983,,,1,30,,34967,,,1,70,,34984,,,1,30,,34968,,,1,70,,34985,,,1,30,,34969,,,1
901,'20260323',553,,34986,,,1,70,,35007,,,1,35,,34987,,,1,55,,35005,,,1,10,,35008,,,1,10,,35028,,,1,10,,35025,,,1,10,,34988,,,1,50,,35027,,,1,10,,35006,,,1,10,,35009,,,1,10,,35029,,,1,10,,35026,,,1,15,,34989,,,1,70,,35010,,,1,30,,34990,,,1,70,,35011,,,1,30,,34991,,,1,70,,35012,,,1,30,,34992,,,1,70,,35013,,,1,30,,34993,,,1,70,,35014,,,1,30,,34994,,,1,70,,35015,,,1,30,,34995,,,1,70,,35016,,,1,30,,34996,,,1,70,,35017,,,1,30,,34997,,,1,70,,35018,,,1,30,,34998,,,1,70,,35019,,,1,30,,34999,,,1,70,,35020,,,1,30,,35000,,,1,70,,35021,,,1,30,,35001,,,1,70,,35022,,,1,30,,35002,,,1,70,,35023,,,1,30,,35003,,,1,70,,35024,,,1,30,,35004,,,1
901,'20260324',553,,35030,,,1,70,,35051,,,1,35,,35031,,,1,55,,35049,,,1,10,,35052,,,1,10,,35072,,,1,10,,35069,,,1,10,,35032,,,1,50,,35071,,,1,10,,35050,,,1,10,,35053,,,1,10,,35073,,,1,10,,35070,,,1,15,,35033,,,1,70,,35054,,,1,30,,35034,,,1,70,,35055,,,1,30,,35035,,,1,70,,35056,,,1,30,,35036,,,1,70,,35057,,,1,30,,35037,,,1,70,,35058,,,1,30,,35038,,,1,70,,35059,,,1,30,,35039,,,1,70,,35060,,,1,30,,35040,,,1,70,,35061,,,1,30,,35041,,,1,70,,35062,,,1,30,,35042,,,1,70,,35063,,,1,30,,35043,,,1,70,,35064,,,1,30,,35044,,,1,70,,35065,,,1,30,,35045,,,1,70,,35066,,,1,30,,35046,,,1,70,,35067,,,1,30,,35047,,,1,70,,35068,,,1,30,,35048,,,1
901,'20260325',553,,35074,,,1,70,,35095,,,1,35,,35075,,,1,55,,35093,,,1,10,,35096,,,1,10,,35116,,,1,10,,35113,,,1,10,,35076,,,1,50,,35115,,,1,10,,35094,,,1,10,,35097,,,1,10,,35117,,,1,10,,35114,,,1,15,,35077,,,1,70,,35098,,,1,30,,35078,,,1,70,,35099,,,1,30,,35079,,,1,70,,35100,,,1,30,,35080,,,1,70,,35101,,,1,30,,35081,,,1,70,,35102,,,1,30,,35082,,,1,70,,35103,,,1,30,,35083,,,1,70,,35104,,,1,30,,35084,,,1,70,,35105,,,1,30,,35085,,,1,70,,35106,,,1,30,,35086,,,1,70,,35107,,,1,30,,35087,,,1,70,,35108,,,1,30,,35088,,,1,70,,35109,,,1,30,,35089,,,1,70,,35110,,,1,30,,35090,,,1,70,,35111,,,1,30,,35091,,,1,70,,35112,,,1,30,,35092,,,1
901,'20260326',553,,35118,,,1,70,,35139,,,1,35,,35119,,,1,55,,35137,,,1,10,,35140,,,1,10,,35160,,,1,10,,35157,,,1,10,,35120,,,1,50,,35159,,,1,10,,35138,,,1,10,,35141,,,1,10,,35161,,,1,10,,35158,,,1,15,,35121,,,1,70,,35142,,,1,30,,35122,,,1,70,,35143,,,1,30,,35123,,,1,70,,35144,,,1,30,,35124,,,1,70,,35145,,,1,30,,35125,,,1,70,,35146,,,1,30,,35126,,,1,70,,35147,,,1,30,,35127,,,1,70,,35148,,,1,30,,35128,,,1,70,,35149,,,1,30,,35129,,,1,70,,35150,,,1,30,,35130,,,1,70,,35151,,,1,30,,35131,,,1,70,,35152,,,1,30,,35132,,,1,70,,35153,,,1,30,,35133,,,1,70,,35154,,,1,30,,35134,,,1,70,,35155,,,1,30,,35135,,,1,70,,35156,,,1,30,,35136,,,1
901,'20260327',553,,35162,,,1,70,,35183,,,1,35,,35163,,,1,55,,35181,,,1,10,,35184,,,1,10,,35205,,,1,10,,35202,,,1,10,,35164,,,1,50,,35204,,,1,10,,35182,,,1,10,,35185,,,1,10,,35206,,,1,10,,35203,,,1,15,,35165,,,1,70,,35186,,,1,30,,35166,,,1,70,,35187,,,1,30,,35167,,,1,70,,35188,,,1,30,,35168,,,1,70,,35189,,,1,30,,35169,,,1,70,,35190,,,1,30,,35170,,,1,70,,35191,,,1,30,,35171,,,1,70,,35192,,,1,30,,35172,,,1,70,,35193,,,1,30,,35173,,,1,70,,35194,,,1,30,,35174,,,1,70,,35195,,,1,30,,35175,,,1,70,,35196,,,1,30,,35176,,,1,70,,35197,,,1,30,,35177,,,1,70,,35198,,,1,30,,35178,,,1,70,,35199,,,1,30,,35179,,,1,70,,35200,,,1,30,,35180,,,1,70,,35201,,,1
901,'20260328',828,,35223,,,1,30,,35207,,,1,70,,35224,,,1,30,,35208,,,1,70,,35225,,,1,30,,35209,,,1,70,,35226,,,1,30,,35210,,,1,70,,35227,,,1,30,,35211,,,1,70,,35228,,,1,30,,35212,,,1,70,,35229,,,1,30,,35213,,,1,70,,35230,,,1,30,,35214,,,1,70,,35231,,,1,30,,35215,,,1,70,,35232,,,1,30,,35216,,,1,70,,35233,,,1,30,,35217,,,1,70,,35234,,,1,30,,35218,,,1,70,,35235,,,1,30,,35219,,,1,70,,35236,,,1,30,,35220,,,1,70,,35237,,,1,30,,35221,,,1,70,,35238,,,1,30,,35222,,,1,70,,35239,,,1
901,'20260329',828,,35256,,,1,30,,35240,,,1,70,,35257,,,1,30,,35241,,,1,70,,35258,,,1,30,,35242,,,1,70,,35259,,,1,30,,35243,,,1,70,,35260,,,1,30,,35244,,,1,70,,35261,,,1,30,,35245,,,1,70,,35262,,,1,30,,35246,,,1,70,,35263,,,1,30,,35247,,,1,70,,35264,,,1,30,,35248,,,1,70,,35265,,,1,30,,35249,,,1,70,,35266,,,1,30,,35250,,,1,70,,35267,,,1,30,,35251,,,1,70,,35268,,,1,30,,35252,,,1,70,,35269,,,1,30,,35253,,,1,70,,35270,,,1,30,,35254,,,1,70,,35271,,,1,30,,35255,,,1
901,'20260330',553,,35272,,,1,70,,35293,,,1,35,,35273,,,1,55,,35291,,,1,10,,35294,,,1,10,,35314,,,1,10,,35311,,,1,10,,35274,,,1,50,,35313,,,1,10,,35292,,,1,10,,35295,,,1,10,,35315,,,1,10,,35312,,,1,15,,35275,,,1,70,,35296,,,1,30,,35276,,,1,70,,35297,,,1,30,,35277,,,1,70,,35298,,,1,30,,35278,,,1,70,,35299,,,1,30,,35279,,,1,70,,35300,,,1,30,,35280,,,1,70,,35301,,,1,30,,35281,,,1,70,,35302,,,1,30,,35282,,,1,70,,35303,,,1,30,,35283,,,1,70,,35304,,,1,30,,35284,,,1,70,,35305,,,1,30,,35285,,,1,70,,35306,,,1,30,,35286,,,1,70,,35307,,,1,30,,35287,,,1,70,,35308,,,1,30,,35288,,,1,70,,35309,,,1,30,,35289,,,1,70,,35310,,,1,30,,35290,,,1
901,'20260331',553,,35316,,,1,70,,35337,,,1,35,,35317,,,1,55,,35335,,,1,10,,35338,,,1,10,,35358,,,1,10,,35355,,,1,10,,35318,,,1,50,,35357,,,1,10,,35336,,,1,10,,35339,,,1,10,,35359,,,1,10,,35356,,,1,15,,35319,,,1,70,,35340,,,1,30,,35320,,,1,70,,35341,,,1,30,,35321,,,1,70,,35342,,,1,30,,35322,,,1,70,,35343,,,1,30,,35323,,,1,70,,35344,,,1,30,,35324,,,1,70,,35345,,,1,30,,35325,,,1,70,,35346,,,1,30,,35326,,,1,70,,35347,,,1,30,,35327,,,1,70,,35348,,,1,30,,35328,,,1,70,,35349,,,1,30,,35329,,,1,70,,35350,,,1,30,,35330,,,1,70,,35351,,,1,30,,35331,,,1,70,,35352,,,1,30,,35332,,,1,70,,35353,,,1,30,,35333,,,1,70,,35354,,,1,30,,35334,,,1
901,'20260401',553,,35360,,,1,70,,35381,,,1,35,,35361,,,1,55,,35379,,,1,10,,35382,,,1,10,,35402,,,1,10,,35399,,,1,10,,35362,,,1,50,,35401,,,1,10,,35380,,,1,10,,35383,,,1,10,,35403,,,1,10,,35400,,,1,15,,35363,,,1,70,,35384,,,1,30,,35364,,,1,70,,35385,,,1,30,,35365,,,1,70,,35386,,,1,30,,35366,,,1,70,,35387,,,1,30,,35367,,,1,70,,35388,,,1,30,,35368,,,1,70,,35389,,,1,30,,35369,,,1,70,,35390,,,1,30,,35370,,,1,70,,35391,,,1,30,,35371,,,1,70,,35392,,,1,30,,35372,,,1,70,,35393,,,1,30,,35373,,,1,70,,35394,,,1,30,,35374,,,1,70,,35395,,,1,30,,35375,,,1,70,,35396,,,1,30,,35376,,,1,70,,35397,,,1,30,,35377,,,1,70,,35398,,,1,30,,35378,,,1
901,'20260402',553,,35404,,,1,70,,35425,,,1,35,,35405,,,1,55,,35423,,,1,10,,35426,,,1,10,,35446,,,1,10,,35443,,,1,10,,35406,,,1,50,,35445,,,1,10,,35424,,,1,10,,35427,,,1,10,,35447,,,1,10,,35444,,,1,15,,35407,,,1,70,,35428,,,1,30,,35408,,,1,70,,35429,,,1,30,,35409,,,1,70,,35430,,,1,30,,35410,,,1,70,,35431,,,1,30,,35411,,,1,70,,35432,,,1,30,,35412,,,1,70,,35433,,,1,30,,35413,,,1,70,,35434,,,1,30,,35414,,,1,70,,35435,,,1,30,,35415,,,1,70,,35436,,,1,30,,35416,,,1,70,,35437,,,1,30,,35417,,,1,70,,35438,,,1,30,,35418,,,1,70,,35439,,,1,30,,35419,,,1,70,,35440,,,1,30,,35420,,,1,70,,35441,,,1,30,,35421,,,1,70,,35442,,,1,30,,35422,,,1
901,'20260403',553,,35448,,,1,70,,35469,,,1,35,,35449,,,1,55,,35467,,,1,10,,35470,,,1,10,,35491,,,1,10,,35488,,,1,10,,35450,,,1,50,,35490,,,1,10,,35468,,,1,10,,35471,,,1,10,,35492,,,1,10,,35489,,,1,15,,35451,,,1,70,,35472,,,1,30,,35452,,,1,70,,35473,,,1,30,,35453,,,1,70,,35474,,,1,30,,35454,,,1,70,,35475,,,1,30,,35455,,,1,70,,35476,,,1,30,,35456,,,1,70,,35477,,,1,30,,35457,,,1,70,,35478,,,1,30,,35458,,,1,70,,35479,,,1,30,,35459,,,1,70,,35480,,,1,30,,35460,,,1,70,,35481,,,1,30,,35461,,,1,70,,35482,,,1,30,,35462,,,1,70,,35483,,,1,30,,35463,,,1,70,,35484,,,1,30,,35464,,,1,70,,35485,,,1,30,,35465,,,1,70,,35486,,,1,30,,35466,,,1,70,,35487,,,1
901,'20260404',828,,35509,,,1,30,,35493,,,1,70,,35510,,,1,30,,35494,,,1,70,,35511,,,1,30,,35495,,,1,70,,35512,,,1,30,,35496,,,1,70,,35513,,,1,30,,35497,,,1,70,,35514,,,1,30,,35498,,,1,70,,35515,,,1,30,,35499,,,1,70,,35516,,,1,30,,35500,,,1,70,,35517,,,1,30,,35501,,,1,70,,35518,,,1,30,,35502,,,1,70,,35519,,,1,30,,35503,,,1,70,,35520,,,1,30,,35504,,,1,70,,35521,,,1,30,,35505,,,1,70,,35522,,,1,30,,35506,,,1,70,,35523,,,1,30,,35507,,,1,70,,35524,,,1,30,,35508,,,1,70,,35525,,,1
901,'20260405',828,,35542,,,1,30,,35526,,,1,70,,35543,,,1,30,,35527,,,1,70,,35544,,,1,30,,35528,,,1,70,,35545,,,1,30,,35529,,,1,70,,35546,,,1,30,,35530,,,1,70,,35547,,,1,30,,35531,,,1,70,,35548,,,1,30,,35532,,,1,70,,35549,,,1,30,,35533,,,1,70,,35550,,,1,30,,35534,,,1,70,,35551,,,1,30,,35535,,,1,70,,35552,,,1,30,,35536,,,1,70,,35553,,,1,30,,35537,,,1,70,,35554,,,1,30,,35538,,,1,70,,35555,,,1,30,,35539,,,1,70,,35556,,,1,30,,35540,,,1,70,,35557,,,1,30,,35541,,,1,70,,36438,,,1
901,'20260406',553,,35558,,,1,70,,35579,,,1,35,,35559,,,1,55,,35577,,,1,10,,35580,,,1,10,,35600,,,1,10,,35597,,,1,10,,35560,,,1,50,,35599,,,1,10,,35578,,,1,10,,35581,,,1,10,,35601,,,1,10,,35598,,,1,15,,35561,,,1,70,,35582,,,1,30,,35562,,,1,70,,35583,,,1,30,,35563,,,1,70,,35584,,,1,30,,35564,,,1,70,,35585,,,1,30,,35565,,,1,70,,35586,,,1,30,,35566,,,1,70,,35587,,,1,30,,35567,,,1,70,,35588,,,1,30,,35568,,,1,70,,35589,,,1,30,,35569,,,1,70,,35590,,,1,30,,35570,,,1,70,,35591,,,1,30,,35571,,,1,70,,35592,,,1,30,,35572,,,1,70,,35593,,,1,30,,35573,,,1,70,,35594,,,1,30,,35574,,,1,70,,35595,,,1,30,,35575,,,1,70,,35596,,,1,30,,35576,,,1
901,'20260407',553,,35602,,,1,70,,35623,,,1,35,,35603,,,1,55,,35621,,,1,10,,35624,,,1,10,,35644,,,1,10,,35641,,,1,10,,35604,,,1,50,,35643,,,1,10,,35622,,,1,10,,35625,,,1,10,,35645,,,1,10,,35642,,,1,15,,35605,,,1,70,,35626,,,1,30,,35606,,,1,70,,35627,,,1,30,,35607,,,1,70,,35628,,,1,30,,35608,,,1,70,,35629,,,1,30,,35609,,,1,70,,35630,,,1,30,,35610,,,1,70,,35631,,,1,30,,35611,,,1,70,,35632,,,1,30,,35612,,,1,70,,35633,,,1,30,,35613,,,1,70,,35634,,,1,30,,35614,,,1,70,,35635,,,1,30,,35615,,,1,70,,35636,,,1,30,,35616,,,1,70,,35637,,,1,30,,35617,,,1,70,,35638,,,1,30,,35618,,,1,70,,35639,,,1,30,,35619,,,1,70,,35640,,,1,30,,35620,,,1
901,'20260408',553,,35646,,,1,70,,35667,,,1,35,,35647,,,1,55,,35665,,,1,10,,35668,,,1,10,,35688,,,1,10,,35685,,,1,10,,35648,,,1,50,,35687,,,1,10,,35666,,,1,10,,35669,,,1,10,,35689,,,1,10,,35686,,,1,15,,35649,,,1,70,,35670,,,1,30,,35650,,,1,70,,35671,,,1,30,,35651,,,1,70,,35672,,,1,30,,35652,,,1,70,,35673,,,1,30,,35653,,,1,70,,35674,,,1,30,,35654,,,1,70,,35675,,,1,30,,35655,,,1,70,,35676,,,1,30,,35656,,,1,70,,35677,,,1,30,,35657,,,1,70,,35678,,,1,30,,35658,,,1,70,,35679,,,1,30,,35659,,,1,70,,35680,,,1,30,,35660,,,1,70,,35681,,,1,30,,35661,,,1,70,,35682,,,1,30,,35662,,,1,70,,35683,,,1,30,,35663,,,1,70,,35684,,,1,30,,35664,,,1
901,'20260409',553,,35690,,,1,70,,35711,,,1,35,,35691,,,1,55,,35709,,,1,10,,35712,,,1,10,,35732,,,1,10,,35729,,,1,10,,35692,,,1,50,,35731,,,1,10,,35710,,,1,10,,35713,,,1,10,,35733,,,1,10,,35730,,,1,15,,35693,,,1,70,,35714,,,1,30,,35694,,,1,70,,35715,,,1,30,,35695,,,1,70,,35716,,,1,30,,35696,,,1,70,,35717,,,1,30,,35697,,,1,70,,35718,,,1,30,,35698,,,1,70,,35719,,,1,30,,35699,,,1,70,,35720,,,1,30,,35700,,,1,70,,35721,,,1,30,,35701,,,1,70,,35722,,,1,30,,35702,,,1,70,,35723,,,1,30,,35703,,,1,70,,35724,,,1,30,,35704,,,1,70,,35725,,,1,30,,35705,,,1,70,,35726,,,1,30,,35706,,,1,70,,35727,,,1,30,,35707,,,1,70,,35728,,,1,30,,35708,,,1
901,'20260410',553,,35734,,,1,70,,35755,,,1,35,,35735,,,1,55,,35753,,,1,10,,35756,,,1,10,,35777,,,1,10,,35774,,,1,10,,35736,,,1,50,,35776,,,1,10,,35754,,,1,10,,35757,,,1,10,,35778,,,1,10,,35775,,,1,15,,35737,,,1,70,,35758,,,1,30,,35738,,,1,70,,35759,,,1,30,,35739,,,1,70,,35760,,,1,30,,35740,,,1,70,,35761,,,1,30,,35741,,,1,70,,35762,,,1,30,,35742,,,1,70,,35763,,,1,30,,35743,,,1,70,,35764,,,1,30,,35744,,,1,70,,35765,,,1,30,,35745,,,1,70,,35766,,,1,30,,35746,,,1,70,,35767,,,1,30,,35747,,,1,70,,35768,,,1,30,,35748,,,1,70,,35769,,,1,30,,35749,,,1,70,,35770,,,1,30,,35750,,,1,70,,35771,,,1,30,,35751,,,1,70,,35772,,,1,30,,35752,,,1,70,,35773,,,1
901,'20260411',828,,35795,,,1,30,,35779,,,1,70,,35796,,,1,30,,35780,,,1,70,,35797,,,1,30,,35781,,,1,70,,35798,,,1,30,,35782,,,1,70,,35799,,,1,30,,35783,,,1,70,,35800,,,1,30,,35784,,,1,70,,35801,,,1,30,,35785,,,1,70,,35802,,,1,30,,35786,,,1,70,,35803,,,1,30,,35787,,,1,70,,35804,,,1,30,,35788,,,1,70,,35805,,,1,30,,35789,,,1,70,,35806,,,1,30,,35790,,,1,70,,35807,,,1,30,,35791,,,1,70,,35808,,,1,30,,35792,,,1,70,,35809,,,1,30,,35793,,,1,70,,35810,,,1,30,,35794,,,1,70,,35811,,,1
901,'20260412',828,,35828,,,1,30,,35812,,,1,70,,35829,,,1,30,,35813,,,1,70,,35830,,,1,30,,35814,,,1,70,,35831,,,1,30,,35815,,,1,70,,35832,,,1,30,,35816,,,1,70,,35833,,,1,30,,35817,,,1,70,,35834,,,1,30,,35818,,,1,70,,35835,,,1,30,,35819,,,1,70,,35836,,,1,30,,35820,,,1,70,,35837,,,1,30,,35821,,,1,70,,35838,,,1,30,,35822,,,1,70,,35839,,,1,30,,35823,,,1,70,,35840,,,1,30,,35824,,,1,70,,35841,,,1,30,,35825,,,1,70,,35842,,,1,30,,35826,,,1,70,,35843,,,1,30,,35827,,,1,70,,36439,,,1
901,'20260413',553,,35844,,,1,70,,35865,,,1,35,,35845,,,1,55,,35863,,,1,10,,35866,,,1,10,,35886,,,1,10,,35883,,,1,10,,35846,,,1,50,,35885,,,1,10,,35864,,,1,10,,35867,,,1,10,,35887,,,1,10,,35884,,,1,15,,35847,,,1,70,,35868,,,1,30,,35848,,,1,70,,35869,,,1,30,,35849,,,1,70,,35870,,,1,30,,35850,,,1,70,,35871,,,1,30,,35851,,,1,70,,35872,,,1,30,,35852,,,1,70,,35873,,,1,30,,35853,,,1,70,,35874,,,1,30,,35854,,,1,70,,35875,,,1,30,,35855,,,1,70,,35876,,,1,30,,35856,,,1,70,,35877,,,1,30,,35857,,,1,70,,35878,,,1,30,,35858,,,1,70,,35879,,,1,30,,35859,,,1,70,,35880,,,1,30,,35860,,,1,70,,35881,,,1,30,,35861,,,1,70,,35882,,,1,30,,35862,,,1
901,'20260414',553,,35888,,,1,70,,35909,,,1,35,,35889,,,1,55,,35907,,,1,10,,35910,,,1,10,,35930,,,1,10,,35927,,,1,10,,35890,,,1,50,,35929,,,1,10,,35908,,,1,10,,35911,,,1,10,,35931,,,1,10,,35928,,,1,15,,35891,,,1,70,,35912,,,1,30,,35892,,,1,70,,35913,,,1,30,,35893,,,1,70,,35914,,,1,30,,35894,,,1,70,,35915,,,1,30,,35895,,,1,70,,35916,,,1,30,,35896,,,1,70,,35917,,,1,30,,35897,,,1,70,,35918,,,1,30,,35898,,,1,70,,35919,,,1,30,,35899,,,1,70,,35920,,,1,30,,35900,,,1,70,,35921,,,1,30,,35901,,,1,70,,35922,,,1,30,,35902,,,1,70,,35923,,,1,30,,35903,,,1,70,,35924,,,1,30,,35904,,,1,70,,35925,,,1,30,,35905,,,1,70,,35926,,,1,30,,35906,,,1
901,'20260415',553,,35932,,,1,70,,35953,,,1,35,,35933,,,1,55,,35951,,,1,10,,35954,,,1,10,,35974,,,1,10,,35971,,,1,10,,35934,,,1,50,,35973,,,1,10,,35952,,,1,10,,35955,,,1,10,,35975,,,1,10,,35972,,,1,15,,35935,,,1,70,,35956,,,1,30,,35936,,,1,70,,35957,,,1,30,,35937,,,1,70,,35958,,,1,30,,35938,,,1,70,,35959,,,1,30,,35939,,,1,70,,35960,,,1,30,,35940,,,1,70,,35961,,,1,30,,35941,,,1,70,,35962,,,1,30,,35942,,,1,70,,35963,,,1,30,,35943,,,1,70,,35964,,,1,30,,35944,,,1,70,,35965,,,1,30,,35945,,,1,70,,35966,,,1,30,,35946,,,1,70,,35967,,,1,30,,35947,,,1,70,,35968,,,1,30,,35948,,,1,70,,35969,,,1,30,,35949,,,1,70,,35970,,,1,30,,35950,,,1
901,'20260416',553,,35976,,,1,70,,35997,,,1,35,,35977,,,1,55,,35995,,,1,10,,35998,,,1,10,,36018,,,1,10,,36015,,,1,10,,35978,,,1,50,,36017,,,1,10,,35996,,,1,10,,35999,,,1,10,,36019,,,1,10,,36016,,,1,15,,35979,,,1,70,,36000,,,1,30,,35980,,,1,70,,36001,,,1,30,,35981,,,1,70,,36002,,,1,30,,35982,,,1,70,,36003,,,1,30,,35983,,,1,70,,36004,,,1,30,,35984,,,1,70,,36005,,,1,30,,35985,,,1,70,,36006,,,1,30,,35986,,,1,70,,36007,,,1,30,,35987,,,1,70,,36008,,,1,30,,35988,,,1,70,,36009,,,1,30,,35989,,,1,70,,36010,,,1,30,,35990,,,1,70,,36011,,,1,30,,35991,,,1,70,,36012,,,1,30,,35992,,,1,70,,36013,,,1,30,,35993,,,1,70,,36014,,,1,30,,35994,,,1
901,'20260417',553,,36020,,,1,70,,36041,,,1,35,,36021,,,1,55,,36039,,,1,10,,36042,,,1,10,,36063,,,1,10,,36060,,,1,10,,36022,,,1,50,,36062,,,1,10,,36040,,,1,10,,36043,,,1,10,,36064,,,1,10,,36061,,,1,15,,36023,,,1,70,,36044,,,1,30,,36024,,,1,70,,36045,,,1,30,,36025,,,1,70,,36046,,,1,30,,36026,,,1,70,,36047,,,1,30,,36027,,,1,70,,36048,,,1,30,,36028,,,1,70,,36049,,,1,30,,36029,,,1,70,,36050,,,1,30,,36030,,,1,70,,36051,,,1,30,,36031,,,1,70,,36052,,,1,30,,36032,,,1,70,,36053,,,1,30,,36033,,,1,70,,36054,,,1,30,,36034,,,1,70,,36055,,,1,30,,36035,,,1,70,,36056,,,1,30,,36036,,,1,70,,36057,,,1,30,,36037,,,1,70,,36058,,,1,30,,36038,,,1,70,,36059,,,1
901,'20260418',828,,36081,,,1,30,,36065,,,1,70,,36082,,,1,30,,36066,,,1,70,,36083,,,1,30,,36067,,,1,70,,36084,,,1,30,,36068,,,1,70,,36085,,,1,30,,36069,,,1,70,,36086,,,1,30,,36070,,,1,70,,36087,,,1,30,,36071,,,1,70,,36088,,,1,30,,36072,,,1,70,,36089,,,1,30,,36073,,,1,70,,36090,,,1,30,,36074,,,1,70,,36091,,,1,30,,36075,,,1,70,,36092,,,1,30,,36076,,,1,70,,36093,,,1,30,,36077,,,1,70,,36094,,,1,30,,36078,,,1,70,,36095,,,1,30,,36079,,,1,70,,36096,,,1,30,,36080,,,1,70,,36097,,,1
901,'20260419',828,,36114,,,1,30,,36098,,,1,70,,36115,,,1,30,,36099,,,1,70,,36116,,,1,30,,36100,,,1,70,,36117,,,1,30,,36101,,,1,70,,36118,,,1,30,,36102,,,1,70,,36119,,,1,30,,36103,,,1,70,,36120,,,1,30,,36104,,,1,70,,36121,,,1,30,,36105,,,1,70,,36122,,,1,30,,36106,,,1,70,,36123,,,1,30,,36107,,,1,70,,36124,,,1,30,,36108,,,1,70,,36125,,,1,30,,36109,,,1,70,,36126,,,1,30,,36110,,,1,70,,36127,,,1,30,,36111,,,1,70,,36128,,,1,30,,36112,,,1,70,,36129,,,1,30,,36113,,,1,70,,36440,,,1
901,'20260420',553,,36130,,,1,70,,36151,,,1,35,,36131,,,1,55,,36149,,,1,10,,36152,,,1,10,,36172,,,1,10,,36169,,,1,10,,36132,,,1,50,,36171,,,1,10,,36150,,,1,10,,36153,,,1,10,,36173,,,1,10,,36170,,,1,15,,36133,,,1,70,,36154,,,1,30,,36134,,,1,70,,36155,,,1,30,,36135,,,1,70,,36156,,,1,30,,36136,,,1,70,,36157,,,1,30,,36137,,,1,70,,36158,,,1,30,,36138,,,1,70,,36159,,,1,30,,36139,,,1,70,,36160,,,1,30,,36140,,,1,70,,36161,,,1,30,,36141,,,1,70,,36162,,,1,30,,36142,,,1,70,,36163,,,1,30,,36143,,,1,70,,36164,,,1,30,,36144,,,1,70,,36165,,,1,30,,36145,,,1,70,,36166,,,1,30,,36146,,,1,70,,36167,,,1,30,,36147,,,1,70,,36168,,,1,30,,36148,,,1
901,'20260421',553,,36174,,,1,70,,36195,,,1,35,,36175,,,1,55,,36193,,,1,10,,36196,,,1,10,,36216,,,1,10,,36213,,,1,10,,36176,,,1,50,,36215,,,1,10,,36194,,,1,10,,36197,,,1,10,,36217,,,1,10,,36214,,,1,15,,36177,,,1,70,,36198,,,1,30,,36178,,,1,70,,36199,,,1,30,,36179,,,1,70,,36200,,,1,30,,36180,,,1,70,,36201,,,1,30,,36181,,,1,70,,36202,,,1,30,,36182,,,1,70,,36203,,,1,30,,36183,,,1,70,,36204,,,1,30,,36184,,,1,70,,36205,,,1,30,,36185,,,1,70,,36206,,,1,30,,36186,,,1,70,,36207,,,1,30,,36187,,,1,70,,36208,,,1,30,,36188,,,1,70,,36209,,,1,30,,36189,,,1,70,,36210,,,1,30,,36190,,,1,70,,36211,,,1,30,,36191,,,1,70,,36212,,,1,30,,36192,,,1
901,'20260422',553,,36218,,,1,70,,36239,,,1,35,,36219,,,1,55,,36237,,,1,10,,36240,,,1,10,,36260,,,1,10,,36257,,,1,10,,36220,,,1,50,,36259,,,1,10,,36238,,,1,10,,36241,,,1,10,,36261,,,1,10,,36258,,,1,15,,36221,,,1,70,,36242,,,1,30,,36222,,,1,70,,36243,,,1,30,,36223,,,1,70,,36244,,,1,30,,36224,,,1,70,,36245,,,1,30,,36225,,,1,70,,36246,,,1,30,,36226,,,1,70,,36247,,,1,30,,36227,,,1,70,,36248,,,1,30,,36228,,,1,70,,36249,,,1,30,,36229,,,1,70,,36250,,,1,30,,36230,,,1,70,,36251,,,1,30,,36231,,,1,70,,36252,,,1,30,,36232,,,1,70,,36253,,,1,30,,36233,,,1,70,,36254,,,1,30,,36234,,,1,70,,36255,,,1,30,,36235,,,1,70,,36256,,,1,30,,36236,,,1
901,'20260423',553,,36262,,,1,70,,36283,,,1,35,,36263,,,1,55,,36281,,,1,10,,36284,,,1,10,,36304,,,1,10,,36301,,,1,10,,36264,,,1,50,,36303,,,1,10,,36282,,,1,10,,36285,,,1,10,,36305,,,1,10,,36302,,,1,15,,36265,,,1,70,,36286,,,1,30,,36266,,,1,70,,36287,,,1,30,,36267,,,1,70,,36288,,,1,30,,36268,,,1,70,,36289,,,1,30,,36269,,,1,70,,36290,,,1,30,,36270,,,1,70,,36291,,,1,30,,36271,,,1,70,,36292,,,1,30,,36272,,,1,70,,36293,,,1,30,,36273,,,1,70,,36294,,,1,30,,36274,,,1,70,,36295,,,1,30,,36275,,,1,70,,36296,,,1,30,,36276,,,1,70,,36297,,,1,30,,36277,,,1,70,,36298,,,1,30,,36278,,,1,70,,36299,,,1,30,,36279,,,1,70,,36300,,,1,30,,36280,,,1
901,'20260424',553,,36306,,,1,70,,36327,,,1,35,,36307,,,1,55,,36325,,,1,10,,36328,,,1,10,,36349,,,1,10,,36346,,,1,10,,36308,,,1,50,,36348,,,1,10,,36326,,,1,10,,36329,,,1,10,,36350,,,1,10,,36347,,,1,15,,36309,,,1,70,,36330,,,1,30,,36310,,,1,70,,36331,,,1,30,,36311,,,1,70,,36332,,,1,30,,36312,,,1,70,,36333,,,1,30,,36313,,,1,70,,36334,,,1,30,,36314,,,1,70,,36335,,,1,30,,36315,,,1,70,,36336,,,1,30,,36316,,,1,70,,36337,,,1,30,,36317,,,1,70,,36338,,,1,30,,36318,,,1,70,,36339,,,1,30,,36319,,,1,70,,36340,,,1,30,,36320,,,1,70,,36341,,,1,30,,36321,,,1,70,,36342,,,1,30,,36322,,,1,70,,36343,,,1,30,,36323,,,1,70,,36344,,,1,30,,36324,,,1,70,,36345,,,1
