700,'20260716',950,,52795,23,0,23 24,1,100,,52796,23,0,23 24,1,100,,52797,23,0,23 24,1,100,,52798,23,0,23 24,1,100,,52799,23,0,23 24,1,100,,52800,23,0,23 24,1,100,,52806,23,,,1,100,,52807,23,,,1,70,,52811,23,,,1,30,,52808,23,,,1,72,,52812,23,,,1,83,,52801,23,0,23 24,1,45,,52802,23,0,23 24,1,100,,52803,23,0,23 24,1,100,,52804,23,0,23 24,1,100,,52805,23,0,23 24,1,99,,52809,23,,,1,100,,52810,23,,,1
700,'20260717',950,,52815,23,0,23 24,1,100,,52816,23,0,23 24,1,100,,52817,23,0,23 24,1,100,,52818,23,0,23 24,1,100,,52819,23,0,23 24,1,100,,52820,23,0,23 24,1,100,,52826,23,,,1,100,,52827,23,,,1,70,,52831,23,,,1,30,,52828,23,,,1,72,,52832,23,,,1,83,,52821,23,0,23 24,1,45,,52822,23,0,23 24,1,100,,52823,23,0,23 24,1,100,,52824,23,0,23 24,1,100,,52825,23,0,23 24,1,99,,52829,23,,,1,100,,52830,23,,,1
700,'20260718',949,,52833,23,0,23 24,1,100,,52834,23,0,23 24,1,100,,52835,23,0,23 24,1,100,,52836,23,0,23 24,1,100,,52837,23,0,23 24,1,100,,52838,23,0,23 24,1,100,,52839,23,0,23 24,1,100,,52840,23,0,23 24,1,100,,52841,23,0,23 24,1,100,,52842,23,0,23 24,1,100,,52843,23,0,23 24,1,100,,52844,23,0,23 24,1,100,,52845,23,,,1,100,,52846,23,,,1,100,,52847,23,,,1
700,'20260719',949,,52848,23,0,23 24,1,100,,52849,23,0,23 24,1,100,,52850,23,0,23 24,1,100,,52851,23,0,23 24,1,100,,52852,23,0,23 24,1,100,,52853,23,0,23 24,1,100,,52854,23,0,23 24,1,100,,52855,23,0,23 24,1,100,,52856,23,0,23 24,1,100,,52857,23,0,23 24,1,100,,52858,23,0,23 24,1,100,,52859,23,0,23 24,1,100,,52860,23,,,1,100,,52861,23,,,1,100,,52862,23,,,1
700,'20260720',950,,52865,23,0,23 24,1,100,,52866,23,0,23 24,1,100,,52867,23,0,23 24,1,100,,52868,23,0,23 24,1,100,,52869,23,0,23 24,1,100,,52870,23,0,23 24,1,100,,52876,23,,,1,100,,52877,23,,,1,70,,52881,23,,,1,30,,52878,23,,,1,72,,52882,23,,,1,83,,52871,23,0,23 24,1,45,,52872,23,0,23 24,1,100,,52873,23,0,23 24,1,100,,52874,23,0,23 24,1,100,,52875,23,0,23 24,1,99,,52879,23,,,1,100,,52880,23,,,1
700,'20260721',950,,52885,23,0,23 24,1,100,,52886,23,0,23 24,1,100,,52887,23,0,23 24,1,100,,52888,23,0,23 24,1,100,,52889,23,0,23 24,1,100,,52890,23,0,23 24,1,100,,52896,23,,,1,100,,52897,23,,,1,70,,52901,23,,,1,30,,52898,23,,,1,72,,52902,23,,,1,83,,52891,23,0,23 24,1,45,,52892,23,0,23 24,1,100,,52893,23,0,23 24,1,100,,52894,23,0,23 24,1,100,,52895,23,0,23 24,1,99,,52899,23,,,1,100,,52900,23,,,1
700,'20260722',950,,52905,23,0,23 24,1,100,,52906,23,0,23 24,1,100,,52907,23,0,23 24,1,100,,52908,23,0,23 24,1,100,,52909,23,0,23 24,1,100,,52910,23,0,23 24,1,100,,52916,23,,,1,100,,52917,23,,,1,70,,52921,23,,,1,30,,52918,23,,,1,72,,52922,23,,,1,83,,52911,23,0,23 24,1,45,,52912,23,0,23 24,1,100,,52913,23,0,23 24,1,100,,52914,23,0,23 24,1,100,,52915,23,0,23 24,1,99,,52919,23,,,1,100,,52920,23,,,1
700,'20260723',950,,52925,23,0,23 24,1,100,,52926,23,0,23 24,1,100,,52927,23,0,23 24,1,100,,52928,23,0,23 24,1,100,,52929,23,0,23 24,1,100,,52930,23,0,23 24,1,100,,52936,23,,,1,100,,52937,23,,,1,70,,52941,23,,,1,30,,52938,23,,,1,72,,52942,23,,,1,83,,52931,23,0,23 24,1,45,,52932,23,0,23 24,1,100,,52933,23,0,23 24,1,100,,52934,23,0,23 24,1,100,,52935,23,0,23 24,1,99,,52939,23,,,1,100,,52940,23,,,1
700,'20260724',950,,52945,23,0,23 24,1,100,,52946,23,0,23 24,1,100,,52947,23,0,23 24,1,100,,52948,23,0,23 24,1,100,,52949,23,0,23 24,1,100,,52950,23,0,23 24,1,100,,52956,23,,,1,100,,52957,23,,,1,70,,52961,23,,,1,30,,52958,23,,,1,72,,52962,23,,,1,83,,52951,23,0,23 24,1,45,,52952,23,0,23 24,1,100,,52953,23,0,23 24,1,100,,52954,23,0,23 24,1,100,,52955,23,0,23 24,1,99,,52959,23,,,1,100,,52960,23,,,1
700,'20260725',949,,52963,23,0,23 24,1,100,,52964,23,0,23 24,1,100,,52965,23,0,23 24,1,100,,52966,23,0,23 24,1,100,,52967,23,0,23 24,1,100,,52968,23,0,23 24,1,100,,52969,23,0,23 24,1,100,,52970,23,0,23 24,1,100,,52971,23,0,23 24,1,100,,52972,23,0,23 24,1,100,,52973,23,0,23 24,1,100,,52974,23,0,23 24,1,100,,52975,23,,,1,100,,52976,23,,,1,100,,52977,23,,,1
700,'20260726',949,,52978,23,0,23 24,1,100,,52979,23,0,23 24,1,100,,52980,23,0,23 24,1,100,,52981,23,0,23 24,1,100,,52982,23,0,23 24,1,100,,52983,23,0,23 24,1,100,,52984,23,0,23 24,1,100,,52985,23,0,23 24,1,100,,52986,23,0,23 24,1,100,,52987,23,0,23 24,1,100,,52988,23,0,23 24,1,100,,52989,23,0,23 24,1,100,,52990,23,,,1,100,,52991,23,,,1,100,,52992,23,,,1
700,'20260727',950,,52995,23,0,23 24,1,100,,52996,23,0,23 24,1,100,,52997,23,0,23 24,1,100,,52998,23,0,23 24,1,100,,52999,23,0,23 24,1,100,,53000,23,0,23 24,1,100,,53006,23,,,1,100,,53007,23,,,1,70,,53011,23,,,1,30,,53008,23,,,1,72,,53012,23,,,1,83,,53001,23,0,23 24,1,45,,53002,23,0,23 24,1,100,,53003,23,0,23 24,1,100,,53004,23,0,23 24,1,100,,53005,23,0,23 24,1,99,,53009,23,,,1,100,,53010,23,,,1
700,'20260728',950,,53015,23,0,23 24,1,100,,53016,23,0,23 24,1,100,,53017,23,0,23 24,1,100,,53018,23,0,23 24,1,100,,53019,23,0,23 24,1,100,,53020,23,0,23 24,1,100,,53026,23,,,1,100,,53027,23,,,1,70,,53031,23,,,1,30,,53028,23,,,1,72,,53032,23,,,1,83,,53021,23,0,23 24,1,45,,53022,23,0,23 24,1,100,,53023,23,0,23 24,1,100,,53024,23,0,23 24,1,100,,53025,23,0,23 24,1,99,,53029,23,,,1,100,,53030,23,,,1
700,'20260729',950,,53035,23,0,23 24,1,100,,53036,23,0,23 24,1,100,,53037,23,0,23 24,1,100,,53038,23,0,23 24,1,100,,53039,23,0,23 24,1,100,,53040,23,0,23 24,1,100,,53046,23,,,1,100,,53047,23,,,1,70,,53051,23,,,1,30,,53048,23,,,1,72,,53052,23,,,1,83,,53041,23,0,23 24,1,45,,53042,23,0,23 24,1,100,,53043,23,0,23 24,1,100,,53044,23,0,23 24,1,100,,53045,23,0,23 24,1,99,,53049,23,,,1,100,,53050,23,,,1
700,'20260730',950,,53055,23,0,23 24,1,100,,53056,23,0,23 24,1,100,,53057,23,0,23 24,1,100,,53058,23,0,23 24,1,100,,53059,23,0,23 24,1,100,,53060,23,0,23 24,1,100,,53066,23,,,1,100,,53067,23,,,1,70,,53071,23,,,1,30,,53068,23,,,1,72,,53072,23,,,1,83,,53061,23,0,23 24,1,45,,53062,23,0,23 24,1,100,,53063,23,0,23 24,1,100,,53064,23,0,23 24,1,100,,53065,23,0,23 24,1,99,,53069,23,,,1,100,,53070,23,,,1
700,'20260731',950,,53075,23,0,23 24,1,100,,53076,23,0,23 24,1,100,,53077,23,0,23 24,1,100,,53078,23,0,23 24,1,100,,53079,23,0,23 24,1,100,,53080,23,0,23 24,1,100,,53086,23,,,1,100,,53087,23,,,1,70,,53091,23,,,1,30,,53088,23,,,1,72,,53092,23,,,1,83,,53081,23,0,23 24,1,45,,53082,23,0,23 24,1,100,,53083,23,0,23 24,1,100,,53084,23,0,23 24,1,100,,53085,23,0,23 24,1,99,,53089,23,,,1,100,,53090,23,,,1
700,'20260801',949,,53093,23,0,23 24,1,100,,53094,23,0,23 24,1,100,,53095,23,0,23 24,1,100,,53096,23,0,23 24,1,100,,53097,23,0,23 24,1,100,,53098,23,0,23 24,1,100,,53099,23,0,23 24,1,100,,53100,23,0,23 24,1,100,,53101,23,0,23 24,1,100,,53102,23,0,23 24,1,100,,53103,23,0,23 24,1,100,,53104,23,0,23 24,1,100,,53105,23,,,1,100,,53106,23,,,1,100,,53107,23,,,1
700,'20260802',949,,53108,23,0,23 24,1,100,,53109,23,0,23 24,1,100,,53110,23,0,23 24,1,100,,53111,23,0,23 24,1,100,,53112,23,0,23 24,1,100,,53113,23,0,23 24,1,100,,53114,23,0,23 24,1,100,,53115,23,0,23 24,1,100,,53116,23,0,23 24,1,100,,53117,23,0,23 24,1,100,,53118,23,0,23 24,1,100,,53119,23,0,23 24,1,100,,53120,23,,,1,100,,53121,23,,,1,100,,53122,23,,,1
700,'20260803',949,,53125,23,0,23 24,1,100,,53126,23,0,23 24,1,100,,53127,23,0,23 24,1,100,,53128,23,0,23 24,1,100,,53129,23,0,23 24,1,100,,53130,23,0,23 24,1,100,,64420,23,0,23 24,1,100,,64421,23,0,23 24,1,100,,64422,23,0,23 24,1,100,,53131,23,0,23 24,1,100,,53132,23,0,23 24,1,100,,53133,23,0,23 24,1,100,,64423,23,,,1,100,,64424,23,,,1,100,,53139,23,,,1
700,'20260804',950,,53145,23,0,23 24,1,100,,53146,23,0,23 24,1,100,,53147,23,0,23 24,1,100,,53148,23,0,23 24,1,100,,53149,23,0,23 24,1,100,,53150,23,0,23 24,1,100,,53156,23,,,1,100,,53157,23,,,1,70,,53161,23,,,1,30,,53158,23,,,1,72,,53162,23,,,1,83,,53151,23,0,23 24,1,45,,53152,23,0,23 24,1,100,,53153,23,0,23 24,1,100,,53154,23,0,23 24,1,100,,53155,23,0,23 24,1,99,,53159,23,,,1,100,,53160,23,,,1
700,'20260805',950,,53165,23,0,23 24,1,100,,53166,23,0,23 24,1,100,,53167,23,0,23 24,1,100,,53168,23,0,23 24,1,100,,53169,23,0,23 24,1,100,,53170,23,0,23 24,1,100,,53176,23,,,1,100,,53177,23,,,1,70,,53181,23,,,1,30,,53178,23,,,1,72,,53182,23,,,1,83,,53171,23,0,23 24,1,45,,53172,23,0,23 24,1,100,,53173,23,0,23 24,1,100,,53174,23,0,23 24,1,100,,53175,23,0,23 24,1,99,,53179,23,,,1,100,,53180,23,,,1
700,'20260806',950,,53185,23,0,23 24,1,100,,53186,23,0,23 24,1,100,,53187,23,0,23 24,1,100,,53188,23,0,23 24,1,100,,53189,23,0,23 24,1,100,,53190,23,0,23 24,1,100,,53196,23,,,1,100,,53197,23,,,1,70,,53201,23,,,1,30,,53198,23,,,1,72,,53202,23,,,1,83,,53191,23,0,23 24,1,45,,53192,23,0,23 24,1,100,,53193,23,0,23 24,1,100,,53194,23,0,23 24,1,100,,53195,23,0,23 24,1,99,,53199,23,,,1,100,,53200,23,,,1
700,'20260807',950,,53205,23,0,23 24,1,100,,53206,23,0,23 24,1,100,,53207,23,0,23 24,1,100,,53208,23,0,23 24,1,100,,53209,23,0,23 24,1,100,,53210,23,0,23 24,1,100,,53216,23,,,1,100,,53217,23,,,1,70,,53221,23,,,1,30,,53218,23,,,1,72,,53222,23,,,1,83,,53211,23,0,23 24,1,45,,53212,23,0,23 24,1,100,,53213,23,0,23 24,1,100,,53214,23,0,23 24,1,100,,53215,23,0,23 24,1,99,,53219,23,,,1,100,,53220,23,,,1
700,'20260808',949,,53223,23,0,23 24,1,100,,53224,23,0,23 24,1,100,,53225,23,0,23 24,1,100,,53226,23,0,23 24,1,100,,53227,23,0,23 24,1,100,,53228,23,0,23 24,1,100,,53229,23,0,23 24,1,100,,53230,23,0,23 24,1,100,,53231,23,0,23 24,1,100,,53232,23,0,23 24,1,100,,53233,23,0,23 24,1,100,,53234,23,0,23 24,1,100,,53235,23,,,1,100,,53236,23,,,1,100,,53237,23,,,1
700,'20260809',949,,53238,23,0,23 24,1,100,,53239,23,0,23 24,1,100,,53240,23,0,23 24,1,100,,53241,23,0,23 24,1,100,,53242,23,0,23 24,1,100,,53243,23,0,23 24,1,100,,53244,23,0,23 24,1,100,,53245,23,0,23 24,1,100,,53246,23,0,23 24,1,100,,53247,23,0,23 24,1,100,,53248,23,0,23 24,1,100,,53249,23,0,23 24,1,100,,53250,23,,,1,100,,53251,23,,,1,100,,53252,23,,,1
700,'20260810',950,,53255,23,0,23 24,1,100,,53256,23,0,23 24,1,100,,53257,23,0,23 24,1,100,,53258,23,0,23 24,1,100,,53259,23,0,23 24,1,100,,53260,23,0,23 24,1,100,,65255,23,,,1,100,,65256,23,,,1,70,,65259,23,,,1,30,,65257,23,,,1,72,,65260,23,,,1,83,,53261,23,0,23 24,1,45,,53262,23,0,23 24,1,100,,53263,23,0,23 24,1,100,,65253,23,0,23 24,1,100,,65254,23,0,23 24,1,99,,53269,23,,,1,100,,65258,23,,,1
700,'20260811',950,,53275,23,0,23 24,1,100,,53276,23,0,23 24,1,100,,53277,23,0,23 24,1,100,,53278,23,0,23 24,1,100,,53279,23,0,23 24,1,100,,53280,23,0,23 24,1,100,,53286,23,,,1,100,,53287,23,,,1,70,,53291,23,,,1,30,,53288,23,,,1,72,,53292,23,,,1,83,,53281,23,0,23 24,1,45,,53282,23,0,23 24,1,100,,53283,23,0,23 24,1,100,,53284,23,0,23 24,1,100,,53285,23,0,23 24,1,99,,53289,23,,,1,100,,53290,23,,,1
700,'20260812',950,,53295,23,0,23 24,1,100,,53296,23,0,23 24,1,100,,53297,23,0,23 24,1,100,,53298,23,0,23 24,1,100,,53299,23,0,23 24,1,100,,53300,23,0,23 24,1,100,,53306,23,,,1,100,,53307,23,,,1,70,,53311,23,,,1,30,,53308,23,,,1,72,,53312,23,,,1,83,,53301,23,0,23 24,1,45,,53302,23,0,23 24,1,100,,53303,23,0,23 24,1,100,,53304,23,0,23 24,1,100,,53305,23,0,23 24,1,99,,53309,23,,,1,100,,53310,23,,,1
700,'20260813',950,,53315,23,0,23 24,1,100,,53316,23,0,23 24,1,100,,53317,23,0,23 24,1,100,,53318,23,0,23 24,1,100,,53319,23,0,23 24,1,100,,53320,23,0,23 24,1,100,,53326,23,,,1,100,,53327,23,,,1,70,,53331,23,,,1,30,,53328,23,,,1,72,,53332,23,,,1,83,,53321,23,0,23 24,1,45,,53322,23,0,23 24,1,100,,53323,23,0,23 24,1,100,,53324,23,0,23 24,1,100,,53325,23,0,23 24,1,99,,53329,23,,,1,100,,53330,23,,,1
700,'20260814',950,,53335,23,0,23 24,1,100,,53336,23,0,23 24,1,100,,53337,23,0,23 24,1,100,,53338,23,0,23 24,1,100,,53339,23,0,23 24,1,100,,53340,23,0,23 24,1,100,,53346,23,,,1,100,,53347,23,,,1,70,,53351,23,,,1,30,,53348,23,,,1,72,,53352,23,,,1,83,,53341,23,0,23 24,1,45,,53342,23,0,23 24,1,100,,53343,23,0,23 24,1,100,,53344,23,0,23 24,1,100,,53345,23,0,23 24,1,99,,53349,23,,,1,100,,53350,23,,,1
700,'20260815',949,,53353,23,0,23 24,1,100,,53354,23,0,23 24,1,100,,53355,23,0,23 24,1,100,,53356,23,0,23 24,1,100,,53357,23,0,23 24,1,100,,53358,23,0,23 24,1,100,,53359,23,0,23 24,1,100,,53360,23,0,23 24,1,100,,53361,23,0,23 24,1,100,,53362,23,0,23 24,1,100,,53363,23,0,23 24,1,100,,53364,23,0,23 24,1,100,,53365,23,,,1,100,,53366,23,,,1,100,,53367,23,,,1
700,'20260816',949,,53368,23,0,23 24,1,100,,53369,23,0,23 24,1,100,,53370,23,0,23 24,1,100,,53371,23,0,23 24,1,100,,53372,23,0,23 24,1,100,,53373,23,0,23 24,1,100,,53374,23,0,23 24,1,100,,53375,23,0,23 24,1,100,,53376,23,0,23 24,1,100,,53377,23,0,23 24,1,100,,53378,23,0,23 24,1,100,,53379,23,0,23 24,1,100,,53380,23,,,1,100,,53381,23,,,1,100,,53382,23,,,1
700,'20260817',950,,53385,23,0,23 24,1,100,,53386,23,0,23 24,1,100,,53387,23,0,23 24,1,100,,53388,23,0,23 24,1,100,,53389,23,0,23 24,1,100,,53390,23,0,23 24,1,100,,65265,23,,,1,100,,65266,23,,,1,70,,65269,23,,,1,30,,65267,23,,,1,72,,65270,23,,,1,83,,53391,23,0,23 24,1,45,,53392,23,0,23 24,1,100,,53393,23,0,23 24,1,100,,65263,23,0,23 24,1,100,,65264,23,0,23 24,1,99,,53399,23,,,1,100,,65268,23,,,1
700,'20260818',950,,53405,23,0,23 24,1,100,,53406,23,0,23 24,1,100,,53407,23,0,23 24,1,100,,53408,23,0,23 24,1,100,,53409,23,0,23 24,1,100,,53410,23,0,23 24,1,100,,53416,23,,,1,100,,53417,23,,,1,70,,53421,23,,,1,30,,53418,23,,,1,72,,53422,23,,,1,83,,53411,23,0,23 24,1,45,,53412,23,0,23 24,1,100,,53413,23,0,23 24,1,100,,53414,23,0,23 24,1,100,,53415,23,0,23 24,1,99,,53419,23,,,1,100,,53420,23,,,1
700,'20260819',950,,53425,23,0,23 24,1,100,,53426,23,0,23 24,1,100,,53427,23,0,23 24,1,100,,53428,23,0,23 24,1,100,,53429,23,0,23 24,1,100,,53430,23,0,23 24,1,100,,53436,23,,,1,100,,53437,23,,,1,70,,53441,23,,,1,30,,53438,23,,,1,72,,53442,23,,,1,83,,53431,23,0,23 24,1,45,,53432,23,0,23 24,1,100,,53433,23,0,23 24,1,100,,53434,23,0,23 24,1,100,,53435,23,0,23 24,1,99,,53439,23,,,1,100,,53440,23,,,1
700,'20260820',950,,53445,23,0,23 24,1,100,,53446,23,0,23 24,1,100,,53447,23,0,23 24,1,100,,53448,23,0,23 24,1,100,,53449,23,0,23 24,1,100,,53450,23,0,23 24,1,100,,53456,23,,,1,100,,53457,23,,,1,70,,53461,23,,,1,30,,53458,23,,,1,72,,53462,23,,,1,83,,53451,23,0,23 24,1,45,,53452,23,0,23 24,1,100,,53453,23,0,23 24,1,100,,53454,23,0,23 24,1,100,,53455,23,0,23 24,1,99,,53459,23,,,1,100,,53460,23,,,1
700,'20260821',950,,53465,23,0,23 24,1,100,,53466,23,0,23 24,1,100,,53467,23,0,23 24,1,100,,53468,23,0,23 24,1,100,,53469,23,0,23 24,1,100,,53470,23,0,23 24,1,100,,53476,23,,,1,100,,53477,23,,,1,70,,53481,23,,,1,30,,53478,23,,,1,72,,53482,23,,,1,83,,53471,23,0,23 24,1,45,,53472,23,0,23 24,1,100,,53473,23,0,23 24,1,100,,53474,23,0,23 24,1,100,,53475,23,0,23 24,1,99,,53479,23,,,1,100,,53480,23,,,1
700,'20260822',949,,53483,23,0,23 24,1,100,,53484,23,0,23 24,1,100,,53485,23,0,23 24,1,100,,53486,23,0,23 24,1,100,,53487,23,0,23 24,1,100,,53488,23,0,23 24,1,100,,53489,23,0,23 24,1,100,,53490,23,0,23 24,1,100,,53491,23,0,23 24,1,100,,53492,23,0,23 24,1,100,,53493,23,0,23 24,1,100,,53494,23,0,23 24,1,100,,53495,23,,,1,100,,53496,23,,,1,100,,53497,23,,,1
700,'20260823',949,,53498,23,0,23 24,1,100,,53499,23,0,23 24,1,100,,53500,23,0,23 24,1,100,,53501,23,0,23 24,1,100,,53502,23,0,23 24,1,100,,53503,23,0,23 24,1,100,,53504,23,0,23 24,1,100,,53505,23,0,23 24,1,100,,53506,23,0,23 24,1,100,,53507,23,0,23 24,1,100,,53508,23,0,23 24,1,100,,53509,23,0,23 24,1,100,,53510,23,,,1,100,,53511,23,,,1,100,,53512,23,,,1
700,'20260824',950,,53515,23,0,23 24,1,100,,53516,23,0,23 24,1,100,,53517,23,0,23 24,1,100,,53518,23,0,23 24,1,100,,53519,23,0,23 24,1,100,,53520,23,0,23 24,1,100,,65275,23,,,1,100,,65276,23,,,1,70,,65279,23,,,1,30,,65277,23,,,1,72,,65280,23,,,1,83,,53521,23,0,23 24,1,45,,53522,23,0,23 24,1,100,,53523,23,0,23 24,1,100,,65273,23,0,23 24,1,100,,65274,23,0,23 24,1,99,,53529,23,,,1,100,,65278,23,,,1
700,'20260825',950,,53535,23,0,23 24,1,100,,53536,23,0,23 24,1,100,,53537,23,0,23 24,1,100,,53538,23,0,23 24,1,100,,53539,23,0,23 24,1,100,,53540,23,0,23 24,1,100,,53546,23,,,1,100,,53547,23,,,1,70,,53551,23,,,1,30,,53548,23,,,1,72,,53552,23,,,1,83,,53541,23,0,23 24,1,45,,53542,23,0,23 24,1,100,,53543,23,0,23 24,1,100,,53544,23,0,23 24,1,100,,53545,23,0,23 24,1,99,,53549,23,,,1,100,,53550,23,,,1
700,'20260826',950,,53555,23,0,23 24,1,100,,53556,23,0,23 24,1,100,,53557,23,0,23 24,1,100,,53558,23,0,23 24,1,100,,53559,23,0,23 24,1,100,,53560,23,0,23 24,1,100,,53566,23,,,1,100,,53567,23,,,1,70,,53571,23,,,1,30,,53568,23,,,1,72,,53572,23,,,1,83,,53561,23,0,23 24,1,45,,53562,23,0,23 24,1,100,,53563,23,0,23 24,1,100,,53564,23,0,23 24,1,100,,53565,23,0,23 24,1,99,,53569,23,,,1,100,,53570,23,,,1
700,'20260827',950,,53575,23,0,23 24,1,100,,53576,23,0,23 24,1,100,,53577,23,0,23 24,1,100,,53578,23,0,23 24,1,100,,53579,23,0,23 24,1,100,,53580,23,0,23 24,1,100,,53586,23,,,1,100,,53587,23,,,1,70,,53591,23,,,1,30,,53588,23,,,1,72,,53592,23,,,1,83,,53581,23,0,23 24,1,45,,53582,23,0,23 24,1,100,,53583,23,0,23 24,1,100,,53584,23,0,23 24,1,100,,53585,23,0,23 24,1,99,,53589,23,,,1,100,,53590,23,,,1
700,'20260828',950,,53595,23,0,23 24,1,100,,53596,23,0,23 24,1,100,,53597,23,0,23 24,1,100,,53598,23,0,23 24,1,100,,53599,23,0,23 24,1,100,,53600,23,0,23 24,1,100,,53606,23,,,1,100,,53607,23,,,1,70,,53611,23,,,1,30,,53608,23,,,1,72,,53612,23,,,1,83,,53601,23,0,23 24,1,45,,53602,23,0,23 24,1,100,,53603,23,0,23 24,1,100,,53604,23,0,23 24,1,100,,53605,23,0,23 24,1,99,,53609,23,,,1,100,,53610,23,,,1
700,'20260829',949,,53613,23,0,23 24,1,100,,53614,23,0,23 24,1,100,,53615,23,0,23 24,1,100,,53616,23,0,23 24,1,100,,53617,23,0,23 24,1,100,,53618,23,0,23 24,1,100,,53619,23,0,23 24,1,100,,53620,23,0,23 24,1,100,,53621,23,0,23 24,1,100,,53622,23,0,23 24,1,100,,53623,23,0,23 24,1,100,,53624,23,0,23 24,1,100,,53625,23,,,1,100,,53626,23,,,1,100,,53627,23,,,1
700,'20260830',949,,53628,23,0,23 24,1,100,,53629,23,0,23 24,1,100,,53630,23,0,23 24,1,100,,53631,23,0,23 24,1,100,,53632,23,0,23 24,1,100,,53633,23,0,23 24,1,100,,53634,23,0,23 24,1,100,,53635,23,0,23 24,1,100,,53636,23,0,23 24,1,100,,53637,23,0,23 24,1,100,,53638,23,0,23 24,1,100,,53639,23,0,23 24,1,100,,53640,23,,,1,100,,53641,23,,,1,100,,53642,23,,,1
700,'20260831',950,,53645,23,0,23 24,1,100,,53646,23,0,23 24,1,100,,53647,23,0,23 24,1,100,,53648,23,0,23 24,1,100,,53649,23,0,23 24,1,100,,53650,23,0,23 24,1,100,,65285,23,,,1,100,,65286,23,,,1,70,,65289,23,,,1,30,,65287,23,,,1,72,,65290,23,,,1,83,,53651,23,0,23 24,1,45,,53652,23,0,23 24,1,100,,53653,23,0,23 24,1,100,,65283,23,0,23 24,1,100,,65284,23,0,23 24,1,99,,53659,23,,,1,100,,65288,23,,,1
700,'20260901',950,,53665,23,0,23 24,1,100,,53666,23,0,23 24,1,100,,53667,23,0,23 24,1,100,,53668,23,0,23 24,1,100,,53669,23,0,23 24,1,100,,53670,23,0,23 24,1,100,,53676,23,,,1,100,,53677,23,,,1,70,,53681,23,,,1,30,,53678,23,,,1,72,,53682,23,,,1,83,,53671,23,0,23 24,1,45,,53672,23,0,23 24,1,100,,53673,23,0,23 24,1,100,,53674,23,0,23 24,1,100,,53675,23,0,23 24,1,99,,53679,23,,,1,100,,53680,23,,,1
700,'20260902',950,,53685,23,0,23 24,1,100,,53686,23,0,23 24,1,100,,53687,23,0,23 24,1,100,,53688,23,0,23 24,1,100,,53689,23,0,23 24,1,100,,53690,23,0,23 24,1,100,,53696,23,,,1,100,,53697,23,,,1,70,,53701,23,,,1,30,,53698,23,,,1,72,,53702,23,,,1,83,,53691,23,0,23 24,1,45,,53692,23,0,23 24,1,100,,53693,23,0,23 24,1,100,,53694,23,0,23 24,1,100,,53695,23,0,23 24,1,99,,53699,23,,,1,100,,53700,23,,,1
700,'20260903',950,,53705,23,0,23 24,1,100,,53706,23,0,23 24,1,100,,53707,23,0,23 24,1,100,,53708,23,0,23 24,1,100,,53709,23,0,23 24,1,100,,53710,23,0,23 24,1,100,,53716,23,,,1,100,,53717,23,,,1,70,,53721,23,,,1,30,,53718,23,,,1,72,,53722,23,,,1,83,,53711,23,0,23 24,1,45,,53712,23,0,23 24,1,100,,53713,23,0,23 24,1,100,,53714,23,0,23 24,1,100,,53715,23,0,23 24,1,99,,53719,23,,,1,100,,53720,23,,,1
700,'20260904',950,,53725,23,0,23 24,1,100,,53726,23,0,23 24,1,100,,53727,23,0,23 24,1,100,,53728,23,0,23 24,1,100,,53729,23,0,23 24,1,100,,53730,23,0,23 24,1,100,,53736,23,,,1,100,,53737,23,,,1,70,,53741,23,,,1,30,,53738,23,,,1,72,,53742,23,,,1,83,,53731,23,0,23 24,1,45,,53732,23,0,23 24,1,100,,53733,23,0,23 24,1,100,,53734,23,0,23 24,1,100,,53735,23,0,23 24,1,99,,53739,23,,,1,100,,53740,23,,,1
701,'20260716',528,,54355,6,,,1,100,,54356,6,,,1,30,,54360,6,,,1,70,,54357,6,,,1,30,,54361,6,,,1,70,,54358,6,,,1,100,,54359,6,,,1,101,,54345,3,,,1,100,,54346,3,,,1,100,,54347,3,,,1,100,,54348,3,,,1,100,,54349,3,,,1,100,,54350,3,,,1,400,,54351,3,,,1,100,,54352,3,,,1,100,,54353,3,,,1,100,,54354,3,,,1
701,'20260717',528,,54374,6,,,1,100,,54375,6,,,1,30,,54379,6,,,1,70,,54376,6,,,1,30,,54380,6,,,1,70,,54377,6,,,1,100,,54378,6,,,1,101,,54364,3,,,1,100,,54365,3,,,1,100,,54366,3,,,1,100,,54367,3,,,1,100,,54368,3,,,1,100,,54369,3,,,1,400,,54370,3,,,1,100,,54371,3,,,1,100,,54372,3,,,1,100,,54373,3,,,1
701,'20260718',729,,54393,6,,,1,100,,54394,6,,,1,100,,54395,6,,,1,101,,54381,3,,,1,100,,54382,3,,,1,100,,54383,3,,,1,100,,54384,3,,,1,100,,54385,3,,,1,100,,54386,3,,,1,100,,54387,3,,,1,100,,54388,3,,,1,100,,54389,3,,,1,100,,54390,3,,,1,100,,54391,3,,,1,100,,54392,3,,,1
701,'20260719',729,,54408,6,,,1,100,,54409,6,,,1,100,,54410,6,,,1,101,,54396,3,,,1,100,,54397,3,,,1,100,,54398,3,,,1,100,,54399,3,,,1,100,,54400,3,,,1,100,,54401,3,,,1,100,,54402,3,,,1,100,,54403,3,,,1,100,,54404,3,,,1,100,,54405,3,,,1,100,,54406,3,,,1,100,,54407,3,,,1
701,'20260720',528,,54423,6,,,1,100,,54424,6,,,1,30,,54428,6,,,1,70,,54425,6,,,1,30,,54429,6,,,1,70,,54426,6,,,1,100,,54427,6,,,1,101,,54413,3,,,1,100,,54414,3,,,1,100,,54415,3,,,1,100,,54416,3,,,1,100,,54417,3,,,1,100,,54418,3,,,1,400,,54419,3,,,1,100,,54420,3,,,1,100,,54421,3,,,1,100,,54422,3,,,1
701,'20260721',528,,54442,6,,,1,100,,54443,6,,,1,30,,54447,6,,,1,70,,54444,6,,,1,30,,54448,6,,,1,70,,54445,6,,,1,100,,54446,6,,,1,101,,54432,3,,,1,100,,54433,3,,,1,100,,54434,3,,,1,100,,54435,3,,,1,100,,54436,3,,,1,100,,54437,3,,,1,400,,54438,3,,,1,100,,54439,3,,,1,100,,54440,3,,,1,100,,54441,3,,,1
701,'20260722',528,,54461,6,,,1,100,,54462,6,,,1,30,,54466,6,,,1,70,,54463,6,,,1,30,,54467,6,,,1,70,,54464,6,,,1,100,,54465,6,,,1,101,,54451,3,,,1,100,,54452,3,,,1,100,,54453,3,,,1,100,,54454,3,,,1,100,,54455,3,,,1,100,,54456,3,,,1,400,,54457,3,,,1,100,,54458,3,,,1,100,,54459,3,,,1,100,,54460,3,,,1
701,'20260723',528,,54480,6,,,1,100,,54481,6,,,1,30,,54485,6,,,1,70,,54482,6,,,1,30,,54486,6,,,1,70,,54483,6,,,1,100,,54484,6,,,1,101,,54470,3,,,1,100,,54471,3,,,1,100,,54472,3,,,1,100,,54473,3,,,1,100,,54474,3,,,1,100,,54475,3,,,1,400,,54476,3,,,1,100,,54477,3,,,1,100,,54478,3,,,1,100,,54479,3,,,1
701,'20260724',528,,54499,6,,,1,100,,54500,6,,,1,30,,54504,6,,,1,70,,54501,6,,,1,30,,54505,6,,,1,70,,54502,6,,,1,100,,54503,6,,,1,101,,54489,3,,,1,100,,54490,3,,,1,100,,54491,3,,,1,100,,54492,3,,,1,100,,54493,3,,,1,100,,54494,3,,,1,400,,54495,3,,,1,100,,54496,3,,,1,100,,54497,3,,,1,100,,54498,3,,,1
701,'20260725',729,,54518,6,,,1,100,,54519,6,,,1,100,,54520,6,,,1,101,,54506,3,,,1,100,,54507,3,,,1,100,,54508,3,,,1,100,,54509,3,,,1,100,,54510,3,,,1,100,,54511,3,,,1,100,,54512,3,,,1,100,,54513,3,,,1,100,,54514,3,,,1,100,,54515,3,,,1,100,,54516,3,,,1,100,,54517,3,,,1
701,'20260726',729,,54533,6,,,1,100,,54534,6,,,1,100,,54535,6,,,1,101,,54521,3,,,1,100,,54522,3,,,1,100,,54523,3,,,1,100,,54524,3,,,1,100,,54525,3,,,1,100,,54526,3,,,1,100,,54527,3,,,1,100,,54528,3,,,1,100,,54529,3,,,1,100,,54530,3,,,1,100,,54531,3,,,1,100,,54532,3,,,1
701,'20260727',528,,54548,6,,,1,100,,54549,6,,,1,30,,54553,6,,,1,70,,54550,6,,,1,30,,54554,6,,,1,70,,54551,6,,,1,100,,54552,6,,,1,101,,54538,3,,,1,100,,54539,3,,,1,100,,54540,3,,,1,100,,54541,3,,,1,100,,54542,3,,,1,100,,54543,3,,,1,400,,54544,3,,,1,100,,54545,3,,,1,100,,54546,3,,,1,100,,54547,3,,,1
701,'20260728',528,,54567,6,,,1,100,,54568,6,,,1,30,,54572,6,,,1,70,,54569,6,,,1,30,,54573,6,,,1,70,,54570,6,,,1,100,,54571,6,,,1,101,,54557,3,,,1,100,,54558,3,,,1,100,,54559,3,,,1,100,,54560,3,,,1,100,,54561,3,,,1,100,,54562,3,,,1,400,,54563,3,,,1,100,,54564,3,,,1,100,,54565,3,,,1,100,,54566,3,,,1
701,'20260729',528,,54586,6,,,1,100,,54587,6,,,1,30,,54591,6,,,1,70,,54588,6,,,1,30,,54592,6,,,1,70,,54589,6,,,1,100,,54590,6,,,1,101,,54576,3,,,1,100,,54577,3,,,1,100,,54578,3,,,1,100,,54579,3,,,1,100,,54580,3,,,1,100,,54581,3,,,1,400,,54582,3,,,1,100,,54583,3,,,1,100,,54584,3,,,1,100,,54585,3,,,1
701,'20260730',528,,54605,6,,,1,100,,54606,6,,,1,30,,54610,6,,,1,70,,54607,6,,,1,30,,54611,6,,,1,70,,54608,6,,,1,100,,54609,6,,,1,101,,54595,3,,,1,100,,54596,3,,,1,100,,54597,3,,,1,100,,54598,3,,,1,100,,54599,3,,,1,100,,54600,3,,,1,400,,54601,3,,,1,100,,54602,3,,,1,100,,54603,3,,,1,100,,54604,3,,,1
701,'20260731',528,,54624,6,,,1,100,,54625,6,,,1,30,,54629,6,,,1,70,,54626,6,,,1,30,,54630,6,,,1,70,,54627,6,,,1,100,,54628,6,,,1,101,,54614,3,,,1,100,,54615,3,,,1,100,,54616,3,,,1,100,,54617,3,,,1,100,,54618,3,,,1,100,,54619,3,,,1,400,,54620,3,,,1,100,,54621,3,,,1,100,,54622,3,,,1,100,,54623,3,,,1
701,'20260801',729,,54643,6,,,1,100,,54644,6,,,1,100,,54645,6,,,1,101,,54631,3,,,1,100,,54632,3,,,1,100,,54633,3,,,1,100,,54634,3,,,1,100,,54635,3,,,1,100,,54636,3,,,1,100,,54637,3,,,1,100,,54638,3,,,1,100,,54639,3,,,1,100,,54640,3,,,1,100,,54641,3,,,1,100,,54642,3,,,1
701,'20260802',729,,54658,6,,,1,100,,54659,6,,,1,100,,54660,6,,,1,101,,54646,3,,,1,100,,54647,3,,,1,100,,54648,3,,,1,100,,54649,3,,,1,100,,54650,3,,,1,100,,54651,3,,,1,100,,54652,3,,,1,100,,54653,3,,,1,100,,54654,3,,,1,100,,54655,3,,,1,100,,54656,3,,,1,100,,54657,3,,,1
701,'20260803',729,,54675,6,,,1,100,,54676,6,,,1,100,,54677,6,,,1,101,,54663,3,,,1,100,,54664,3,,,1,100,,54665,3,,,1,100,,54666,3,,,1,100,,54667,3,,,1,100,,54668,3,,,1,100,,64445,3,,,1,100,,64446,3,,,1,100,,64447,3,,,1,100,,54669,3,,,1,100,,54670,3,,,1,100,,54671,3,,,1
701,'20260804',528,,54692,6,,,1,100,,54693,6,,,1,30,,54697,6,,,1,70,,54694,6,,,1,30,,54698,6,,,1,70,,54695,6,,,1,100,,54696,6,,,1,101,,54682,3,,,1,100,,54683,3,,,1,100,,54684,3,,,1,100,,54685,3,,,1,100,,54686,3,,,1,100,,54687,3,,,1,400,,54688,3,,,1,100,,54689,3,,,1,100,,54690,3,,,1,100,,54691,3,,,1
701,'20260805',528,,54711,6,,,1,100,,54712,6,,,1,30,,54716,6,,,1,70,,54713,6,,,1,30,,54717,6,,,1,70,,54714,6,,,1,100,,54715,6,,,1,101,,54701,3,,,1,100,,54702,3,,,1,100,,54703,3,,,1,100,,54704,3,,,1,100,,54705,3,,,1,100,,54706,3,,,1,400,,54707,3,,,1,100,,54708,3,,,1,100,,54709,3,,,1,100,,54710,3,,,1
701,'20260806',528,,54730,6,,,1,100,,54731,6,,,1,30,,54735,6,,,1,70,,54732,6,,,1,30,,54736,6,,,1,70,,54733,6,,,1,100,,54734,6,,,1,101,,54720,3,,,1,100,,54721,3,,,1,100,,54722,3,,,1,100,,54723,3,,,1,100,,54724,3,,,1,100,,54725,3,,,1,400,,54726,3,,,1,100,,54727,3,,,1,100,,54728,3,,,1,100,,54729,3,,,1
701,'20260807',528,,54749,6,,,1,100,,54750,6,,,1,30,,54754,6,,,1,70,,54751,6,,,1,30,,54755,6,,,1,70,,54752,6,,,1,100,,54753,6,,,1,101,,54739,3,,,1,100,,54740,3,,,1,100,,54741,3,,,1,100,,54742,3,,,1,100,,54743,3,,,1,100,,54744,3,,,1,400,,54745,3,,,1,100,,54746,3,,,1,100,,54747,3,,,1,100,,54748,3,,,1
701,'20260808',729,,54768,6,,,1,100,,54769,6,,,1,100,,54770,6,,,1,101,,54756,3,,,1,100,,54757,3,,,1,100,,54758,3,,,1,100,,54759,3,,,1,100,,54760,3,,,1,100,,54761,3,,,1,100,,54762,3,,,1,100,,54763,3,,,1,100,,54764,3,,,1,100,,54765,3,,,1,100,,54766,3,,,1,100,,54767,3,,,1
701,'20260809',729,,54783,6,,,1,100,,54784,6,,,1,100,,54785,6,,,1,101,,54771,3,,,1,100,,54772,3,,,1,100,,54773,3,,,1,100,,54774,3,,,1,100,,54775,3,,,1,100,,54776,3,,,1,100,,54777,3,,,1,100,,54778,3,,,1,100,,54779,3,,,1,100,,54780,3,,,1,100,,54781,3,,,1,100,,54782,3,,,1
701,'20260810',528,,65294,6,,,1,100,,65295,6,,,1,30,,65296,6,,,1,70,,54800,6,,,1,30,,65297,6,,,1,70,,54801,6,,,1,100,,54802,6,,,1,101,,54788,3,,,1,100,,54789,3,,,1,100,,54790,3,,,1,100,,54791,3,,,1,100,,54792,3,,,1,100,,54793,3,,,1,400,,54794,3,,,1,100,,54795,3,,,1,100,,54796,3,,,1,100,,65293,3,,,1
701,'20260811',528,,54817,6,,,1,100,,54818,6,,,1,30,,54822,6,,,1,70,,54819,6,,,1,30,,54823,6,,,1,70,,54820,6,,,1,100,,54821,6,,,1,101,,54807,3,,,1,100,,54808,3,,,1,100,,54809,3,,,1,100,,54810,3,,,1,100,,54811,3,,,1,100,,54812,3,,,1,400,,54813,3,,,1,100,,54814,3,,,1,100,,54815,3,,,1,100,,54816,3,,,1
701,'20260812',528,,54836,6,,,1,100,,54837,6,,,1,30,,54841,6,,,1,70,,54838,6,,,1,30,,54842,6,,,1,70,,54839,6,,,1,100,,54840,6,,,1,101,,54826,3,,,1,100,,54827,3,,,1,100,,54828,3,,,1,100,,54829,3,,,1,100,,54830,3,,,1,100,,54831,3,,,1,400,,54832,3,,,1,100,,54833,3,,,1,100,,54834,3,,,1,100,,54835,3,,,1
701,'20260813',528,,54855,6,,,1,100,,54856,6,,,1,30,,54860,6,,,1,70,,54857,6,,,1,30,,54861,6,,,1,70,,54858,6,,,1,100,,54859,6,,,1,101,,54845,3,,,1,100,,54846,3,,,1,100,,54847,3,,,1,100,,54848,3,,,1,100,,54849,3,,,1,100,,54850,3,,,1,400,,54851,3,,,1,100,,54852,3,,,1,100,,54853,3,,,1,100,,54854,3,,,1
701,'20260814',528,,54874,6,,,1,100,,54875,6,,,1,30,,54879,6,,,1,70,,54876,6,,,1,30,,54880,6,,,1,70,,54877,6,,,1,100,,54878,6,,,1,101,,54864,3,,,1,100,,54865,3,,,1,100,,54866,3,,,1,100,,54867,3,,,1,100,,54868,3,,,1,100,,54869,3,,,1,400,,54870,3,,,1,100,,54871,3,,,1,100,,54872,3,,,1,100,,54873,3,,,1
701,'20260815',729,,54893,6,,,1,100,,54894,6,,,1,100,,54895,6,,,1,101,,54881,3,,,1,100,,54882,3,,,1,100,,54883,3,,,1,100,,54884,3,,,1,100,,54885,3,,,1,100,,54886,3,,,1,100,,54887,3,,,1,100,,54888,3,,,1,100,,54889,3,,,1,100,,54890,3,,,1,100,,54891,3,,,1,100,,54892,3,,,1
701,'20260816',729,,54908,6,,,1,100,,54909,6,,,1,100,,54910,6,,,1,101,,54896,3,,,1,100,,54897,3,,,1,100,,54898,3,,,1,100,,54899,3,,,1,100,,54900,3,,,1,100,,54901,3,,,1,100,,54902,3,,,1,100,,54903,3,,,1,100,,54904,3,,,1,100,,54905,3,,,1,100,,54906,3,,,1,100,,54907,3,,,1
701,'20260817',528,,65301,6,,,1,100,,65302,6,,,1,30,,65303,6,,,1,70,,54925,6,,,1,30,,65304,6,,,1,70,,54926,6,,,1,100,,54927,6,,,1,101,,54913,3,,,1,100,,54914,3,,,1,100,,54915,3,,,1,100,,54916,3,,,1,100,,54917,3,,,1,100,,54918,3,,,1,400,,54919,3,,,1,100,,54920,3,,,1,100,,54921,3,,,1,100,,65300,3,,,1
701,'20260818',528,,54942,6,,,1,100,,54943,6,,,1,30,,54947,6,,,1,70,,54944,6,,,1,30,,54948,6,,,1,70,,54945,6,,,1,100,,54946,6,,,1,101,,54932,3,,,1,100,,54933,3,,,1,100,,54934,3,,,1,100,,54935,3,,,1,100,,54936,3,,,1,100,,54937,3,,,1,400,,54938,3,,,1,100,,54939,3,,,1,100,,54940,3,,,1,100,,54941,3,,,1
701,'20260819',528,,54961,6,,,1,100,,54962,6,,,1,30,,54966,6,,,1,70,,54963,6,,,1,30,,54967,6,,,1,70,,54964,6,,,1,100,,54965,6,,,1,101,,54951,3,,,1,100,,54952,3,,,1,100,,54953,3,,,1,100,,54954,3,,,1,100,,54955,3,,,1,100,,54956,3,,,1,400,,54957,3,,,1,100,,54958,3,,,1,100,,54959,3,,,1,100,,54960,3,,,1
701,'20260820',528,,54980,6,,,1,100,,54981,6,,,1,30,,54985,6,,,1,70,,54982,6,,,1,30,,54986,6,,,1,70,,54983,6,,,1,100,,54984,6,,,1,101,,54970,3,,,1,100,,54971,3,,,1,100,,54972,3,,,1,100,,54973,3,,,1,100,,54974,3,,,1,100,,54975,3,,,1,400,,54976,3,,,1,100,,54977,3,,,1,100,,54978,3,,,1,100,,54979,3,,,1
701,'20260821',528,,54999,6,,,1,100,,55000,6,,,1,30,,55004,6,,,1,70,,55001,6,,,1,30,,55005,6,,,1,70,,55002,6,,,1,100,,55003,6,,,1,101,,54989,3,,,1,100,,54990,3,,,1,100,,54991,3,,,1,100,,54992,3,,,1,100,,54993,3,,,1,100,,54994,3,,,1,400,,54995,3,,,1,100,,54996,3,,,1,100,,54997,3,,,1,100,,54998,3,,,1
701,'20260822',729,,55018,6,,,1,100,,55019,6,,,1,100,,55020,6,,,1,101,,55006,3,,,1,100,,55007,3,,,1,100,,55008,3,,,1,100,,55009,3,,,1,100,,55010,3,,,1,100,,55011,3,,,1,100,,55012,3,,,1,100,,55013,3,,,1,100,,55014,3,,,1,100,,55015,3,,,1,100,,55016,3,,,1,100,,55017,3,,,1
701,'20260823',729,,55033,6,,,1,100,,55034,6,,,1,100,,55035,6,,,1,101,,55021,3,,,1,100,,55022,3,,,1,100,,55023,3,,,1,100,,55024,3,,,1,100,,55025,3,,,1,100,,55026,3,,,1,100,,55027,3,,,1,100,,55028,3,,,1,100,,55029,3,,,1,100,,55030,3,,,1,100,,55031,3,,,1,100,,55032,3,,,1
701,'20260824',528,,65308,6,,,1,100,,65309,6,,,1,30,,65310,6,,,1,70,,55050,6,,,1,30,,65311,6,,,1,70,,55051,6,,,1,100,,55052,6,,,1,101,,55038,3,,,1,100,,55039,3,,,1,100,,55040,3,,,1,100,,55041,3,,,1,100,,55042,3,,,1,100,,55043,3,,,1,400,,55044,3,,,1,100,,55045,3,,,1,100,,55046,3,,,1,100,,65307,3,,,1
701,'20260825',528,,55067,6,,,1,100,,55068,6,,,1,30,,55072,6,,,1,70,,55069,6,,,1,30,,55073,6,,,1,70,,55070,6,,,1,100,,55071,6,,,1,101,,55057,3,,,1,100,,55058,3,,,1,100,,55059,3,,,1,100,,55060,3,,,1,100,,55061,3,,,1,100,,55062,3,,,1,400,,55063,3,,,1,100,,55064,3,,,1,100,,55065,3,,,1,100,,55066,3,,,1
701,'20260826',528,,55086,6,,,1,100,,55087,6,,,1,30,,55091,6,,,1,70,,55088,6,,,1,30,,55092,6,,,1,70,,55089,6,,,1,100,,55090,6,,,1,101,,55076,3,,,1,100,,55077,3,,,1,100,,55078,3,,,1,100,,55079,3,,,1,100,,55080,3,,,1,100,,55081,3,,,1,400,,55082,3,,,1,100,,55083,3,,,1,100,,55084,3,,,1,100,,55085,3,,,1
701,'20260827',528,,55105,6,,,1,100,,55106,6,,,1,30,,55110,6,,,1,70,,55107,6,,,1,30,,55111,6,,,1,70,,55108,6,,,1,100,,55109,6,,,1,101,,55095,3,,,1,100,,55096,3,,,1,100,,55097,3,,,1,100,,55098,3,,,1,100,,55099,3,,,1,100,,55100,3,,,1,400,,55101,3,,,1,100,,55102,3,,,1,100,,55103,3,,,1,100,,55104,3,,,1
701,'20260828',528,,55124,6,,,1,100,,55125,6,,,1,30,,55129,6,,,1,70,,55126,6,,,1,30,,55130,6,,,1,70,,55127,6,,,1,100,,55128,6,,,1,101,,55114,3,,,1,100,,55115,3,,,1,100,,55116,3,,,1,100,,55117,3,,,1,100,,55118,3,,,1,100,,55119,3,,,1,400,,55120,3,,,1,100,,55121,3,,,1,100,,55122,3,,,1,100,,55123,3,,,1
701,'20260829',729,,55143,6,,,1,100,,55144,6,,,1,100,,55145,6,,,1,101,,55131,3,,,1,100,,55132,3,,,1,100,,55133,3,,,1,100,,55134,3,,,1,100,,55135,3,,,1,100,,55136,3,,,1,100,,55137,3,,,1,100,,55138,3,,,1,100,,55139,3,,,1,100,,55140,3,,,1,100,,55141,3,,,1,100,,55142,3,,,1
701,'20260830',729,,55158,6,,,1,100,,55159,6,,,1,100,,55160,6,,,1,101,,55146,3,,,1,100,,55147,3,,,1,100,,55148,3,,,1,100,,55149,3,,,1,100,,55150,3,,,1,100,,55151,3,,,1,100,,55152,3,,,1,100,,55153,3,,,1,100,,55154,3,,,1,100,,55155,3,,,1,100,,55156,3,,,1,100,,55157,3,,,1
701,'20260831',528,,65315,6,,,1,100,,65316,6,,,1,30,,65317,6,,,1,70,,55175,6,,,1,30,,65318,6,,,1,70,,55176,6,,,1,100,,55177,6,,,1,101,,55163,3,,,1,100,,55164,3,,,1,100,,55165,3,,,1,100,,55166,3,,,1,100,,55167,3,,,1,100,,55168,3,,,1,400,,55169,3,,,1,100,,55170,3,,,1,100,,55171,3,,,1,100,,65314,3,,,1
701,'20260901',528,,55192,6,,,1,100,,55193,6,,,1,30,,55197,6,,,1,70,,55194,6,,,1,30,,55198,6,,,1,70,,55195,6,,,1,100,,55196,6,,,1,101,,55182,3,,,1,100,,55183,3,,,1,100,,55184,3,,,1,100,,55185,3,,,1,100,,55186,3,,,1,100,,55187,3,,,1,400,,55188,3,,,1,100,,55189,3,,,1,100,,55190,3,,,1,100,,55191,3,,,1
701,'20260902',528,,55211,6,,,1,100,,55212,6,,,1,30,,55216,6,,,1,70,,55213,6,,,1,30,,55217,6,,,1,70,,55214,6,,,1,100,,55215,6,,,1,101,,55201,3,,,1,100,,55202,3,,,1,100,,55203,3,,,1,100,,55204,3,,,1,100,,55205,3,,,1,100,,55206,3,,,1,400,,55207,3,,,1,100,,55208,3,,,1,100,,55209,3,,,1,100,,55210,3,,,1
701,'20260903',528,,55230,6,,,1,100,,55231,6,,,1,30,,55235,6,,,1,70,,55232,6,,,1,30,,55236,6,,,1,70,,55233,6,,,1,100,,55234,6,,,1,101,,55220,3,,,1,100,,55221,3,,,1,100,,55222,3,,,1,100,,55223,3,,,1,100,,55224,3,,,1,100,,55225,3,,,1,400,,55226,3,,,1,100,,55227,3,,,1,100,,55228,3,,,1,100,,55229,3,,,1
701,'20260904',528,,55249,6,,,1,100,,55250,6,,,1,30,,55254,6,,,1,70,,55251,6,,,1,30,,55255,6,,,1,70,,55252,6,,,1,100,,55253,6,,,1,101,,55239,3,,,1,100,,55240,3,,,1,100,,55241,3,,,1,100,,55242,3,,,1,100,,55243,3,,,1,100,,55244,3,,,1,400,,55245,3,,,1,100,,55246,3,,,1,100,,55247,3,,,1,100,,55248,3,,,1
