600,'20260707',1612,,51732,14,,,1,100,,51733,14,,,1,30,,51731,14,,,1,70,,51734,14,,,1,100,,51735,14,,,1
600,'20260708',1612,,51737,14,,,1,100,,51738,14,,,1,30,,51736,14,,,1,70,,51739,14,,,1,100,,51740,14,,,1
600,'20260709',1612,,51742,14,,,1,100,,51743,14,,,1,30,,51741,14,,,1,70,,51744,14,,,1,100,,51745,14,,,1
600,'20260710',1612,,51747,14,,,1,100,,51748,14,,,1,30,,51746,14,,,1,70,,51749,14,,,1,100,,51750,14,,,1
600,'20260713',1612,,51752,14,,,1,100,,51753,14,,,1,30,,51751,14,,,1,70,,51754,14,,,1,100,,51755,14,,,1
600,'20260714',1612,,51757,14,,,1,100,,51758,14,,,1,30,,51756,14,,,1,70,,51759,14,,,1,100,,51760,14,,,1
600,'20260715',1612,,51762,14,,,1,100,,51763,14,,,1,30,,51761,14,,,1,70,,51764,14,,,1,100,,51765,14,,,1
600,'20260716',1612,,51767,14,,,1,100,,51768,14,,,1,30,,51766,14,,,1,70,,51769,14,,,1,100,,51770,14,,,1
600,'20260717',1612,,51772,14,,,1,100,,51773,14,,,1,30,,51771,14,,,1,70,,51774,14,,,1,100,,51775,14,,,1
600,'20260720',1612,,51777,14,,,1,100,,51778,14,,,1,30,,51776,14,,,1,70,,51779,14,,,1,100,,51780,14,,,1
600,'20260721',1612,,51782,14,,,1,100,,51783,14,,,1,30,,51781,14,,,1,70,,51784,14,,,1,100,,51785,14,,,1
600,'20260722',1612,,51787,14,,,1,100,,51788,14,,,1,30,,51786,14,,,1,70,,51789,14,,,1,100,,51790,14,,,1
600,'20260723',1612,,51792,14,,,1,100,,51793,14,,,1,30,,51791,14,,,1,70,,51794,14,,,1,100,,51795,14,,,1
600,'20260724',1612,,51797,14,,,1,100,,51798,14,,,1,30,,51796,14,,,1,70,,51799,14,,,1,100,,51800,14,,,1
600,'20260727',1612,,51802,14,,,1,100,,51803,14,,,1,30,,51801,14,,,1,70,,51804,14,,,1,100,,51805,14,,,1
600,'20260728',1612,,51807,14,,,1,100,,51808,14,,,1,30,,51806,14,,,1,70,,51809,14,,,1,100,,51810,14,,,1
600,'20260729',1612,,51812,14,,,1,100,,51813,14,,,1,30,,51811,14,,,1,70,,51814,14,,,1,100,,51815,14,,,1
600,'20260730',1612,,51817,14,,,1,100,,51818,14,,,1,30,,51816,14,,,1,70,,51819,14,,,1,100,,51820,14,,,1
600,'20260731',1612,,51822,14,,,1,100,,51823,14,,,1,30,,51821,14,,,1,70,,51824,14,,,1,100,,51825,14,,,1
600,'20260804',1612,,51832,14,,,1,100,,51833,14,,,1,30,,51831,14,,,1,70,,51834,14,,,1,100,,51835,14,,,1
600,'20260805',1612,,51837,14,,,1,100,,51838,14,,,1,30,,51836,14,,,1,70,,51839,14,,,1,100,,51840,14,,,1
600,'20260806',1612,,51842,14,,,1,100,,51843,14,,,1,30,,51841,14,,,1,70,,51844,14,,,1,100,,51845,14,,,1
600,'20260807',1612,,51847,14,,,1,100,,51848,14,,,1,30,,51846,14,,,1,70,,51849,14,,,1,100,,51850,14,,,1
600,'20260811',1612,,51857,14,,,1,100,,51858,14,,,1,30,,51856,14,,,1,70,,51859,14,,,1,100,,51860,14,,,1
600,'20260812',1612,,51862,14,,,1,100,,51863,14,,,1,30,,51861,14,,,1,70,,51864,14,,,1,100,,51865,14,,,1
600,'20260813',1612,,51867,14,,,1,100,,51868,14,,,1,30,,51866,14,,,1,70,,51869,14,,,1,100,,51870,14,,,1
600,'20260814',1612,,51872,14,,,1,100,,51873,14,,,1,30,,51871,14,,,1,70,,51874,14,,,1,100,,51875,14,,,1
600,'20260818',1612,,51882,14,,,1,100,,51883,14,,,1,30,,51881,14,,,1,70,,51884,14,,,1,100,,51885,14,,,1
600,'20260819',1612,,51887,14,,,1,100,,51888,14,,,1,30,,51886,14,,,1,70,,51889,14,,,1,100,,51890,14,,,1
600,'20260820',1612,,51892,14,,,1,100,,51893,14,,,1,30,,51891,14,,,1,70,,51894,14,,,1,100,,51895,14,,,1
600,'20260821',1612,,51897,14,,,1,100,,51898,14,,,1,30,,51896,14,,,1,70,,51899,14,,,1,100,,51900,14,,,1
600,'20260825',1612,,51907,14,,,1,100,,51908,14,,,1,30,,51906,14,,,1,70,,51909,14,,,1,100,,51910,14,,,1
600,'20260826',1612,,51912,14,,,1,100,,51913,14,,,1,30,,51911,14,,,1,70,,51914,14,,,1,100,,51915,14,,,1
600,'20260827',1612,,51917,14,,,1,100,,51918,14,,,1,30,,51916,14,,,1,70,,51919,14,,,1,100,,51920,14,,,1
600,'20260828',1612,,51922,14,,,1,100,,51923,14,,,1,30,,51921,14,,,1,70,,51924,14,,,1,100,,51925,14,,,1
600,'20260901',1612,,51932,14,,,1,100,,51933,14,,,1,30,,51931,14,,,1,70,,51934,14,,,1,100,,51935,14,,,1
600,'20260902',1612,,51937,14,,,1,100,,51938,14,,,1,30,,51936,14,,,1,70,,51939,14,,,1,100,,51940,14,,,1
600,'20260903',1612,,51942,14,,,1,100,,51943,14,,,1,30,,51941,14,,,1,70,,51944,14,,,1,100,,51945,14,,,1
600,'20260904',1612,,51947,14,,,1,100,,51948,14,,,1,30,,51946,14,,,1,70,,51949,14,,,1,100,,51950,14,,,1
601,'20260707',628,,52011,16,,,1,101,,52012,16,,,1,30,,52014,16,,,1,70,,52013,16,,,1
601,'20260708',628,,52015,16,,,1,101,,52016,16,,,1,30,,52018,16,,,1,70,,52017,16,,,1
601,'20260709',628,,52019,16,,,1,101,,52020,16,,,1,30,,52022,16,,,1,70,,52021,16,,,1
601,'20260710',628,,52023,16,,,1,101,,52024,16,,,1,30,,52026,16,,,1,70,,52025,16,,,1
601,'20260713',628,,52027,16,,,1,101,,52028,16,,,1,30,,52030,16,,,1,70,,52029,16,,,1
601,'20260714',628,,52031,16,,,1,101,,52032,16,,,1,30,,52034,16,,,1,70,,52033,16,,,1
601,'20260715',628,,52035,16,,,1,101,,52036,16,,,1,30,,52038,16,,,1,70,,52037,16,,,1
601,'20260716',628,,52039,16,,,1,101,,52040,16,,,1,30,,52042,16,,,1,70,,52041,16,,,1
601,'20260717',628,,52043,16,,,1,101,,52044,16,,,1,30,,52046,16,,,1,70,,52045,16,,,1
601,'20260720',628,,52047,16,,,1,101,,52048,16,,,1,30,,52050,16,,,1,70,,52049,16,,,1
601,'20260721',628,,52051,16,,,1,101,,52052,16,,,1,30,,52054,16,,,1,70,,52053,16,,,1
601,'20260722',628,,52055,16,,,1,101,,52056,16,,,1,30,,52058,16,,,1,70,,52057,16,,,1
601,'20260723',628,,52059,16,,,1,101,,52060,16,,,1,30,,52062,16,,,1,70,,52061,16,,,1
601,'20260724',628,,52063,16,,,1,101,,52064,16,,,1,30,,52066,16,,,1,70,,52065,16,,,1
601,'20260727',628,,52067,16,,,1,101,,52068,16,,,1,30,,52070,16,,,1,70,,52069,16,,,1
601,'20260728',628,,52071,16,,,1,101,,52072,16,,,1,30,,52074,16,,,1,70,,52073,16,,,1
601,'20260729',628,,52075,16,,,1,101,,52076,16,,,1,30,,52078,16,,,1,70,,52077,16,,,1
601,'20260730',628,,52079,16,,,1,101,,52080,16,,,1,30,,52082,16,,,1,70,,52081,16,,,1
601,'20260731',628,,52083,16,,,1,101,,52084,16,,,1,30,,52086,16,,,1,70,,52085,16,,,1
601,'20260804',628,,52091,16,,,1,101,,52092,16,,,1,30,,52094,16,,,1,70,,52093,16,,,1
601,'20260805',628,,52095,16,,,1,101,,52096,16,,,1,30,,52098,16,,,1,70,,52097,16,,,1
601,'20260806',628,,52099,16,,,1,101,,52100,16,,,1,30,,52102,16,,,1,70,,52101,16,,,1
601,'20260807',628,,52103,16,,,1,101,,52104,16,,,1,30,,52106,16,,,1,70,,52105,16,,,1
601,'20260811',628,,52111,16,,,1,101,,52112,16,,,1,30,,52114,16,,,1,70,,52113,16,,,1
601,'20260812',628,,52115,16,,,1,101,,52116,16,,,1,30,,52118,16,,,1,70,,52117,16,,,1
601,'20260813',628,,52119,16,,,1,101,,52120,16,,,1,30,,52122,16,,,1,70,,52121,16,,,1
601,'20260814',628,,52123,16,,,1,101,,52124,16,,,1,30,,52126,16,,,1,70,,52125,16,,,1
601,'20260818',628,,52131,16,,,1,101,,52132,16,,,1,30,,52134,16,,,1,70,,52133,16,,,1
601,'20260819',628,,52135,16,,,1,101,,52136,16,,,1,30,,52138,16,,,1,70,,52137,16,,,1
601,'20260820',628,,52139,16,,,1,101,,52140,16,,,1,30,,52142,16,,,1,70,,52141,16,,,1
601,'20260821',628,,52143,16,,,1,101,,52144,16,,,1,30,,52146,16,,,1,70,,52145,16,,,1
601,'20260825',628,,52151,16,,,1,101,,52152,16,,,1,30,,52154,16,,,1,70,,52153,16,,,1
601,'20260826',628,,52155,16,,,1,101,,52156,16,,,1,30,,52158,16,,,1,70,,52157,16,,,1
601,'20260827',628,,52159,16,,,1,101,,52160,16,,,1,30,,52162,16,,,1,70,,52161,16,,,1
601,'20260828',628,,52163,16,,,1,101,,52164,16,,,1,30,,52166,16,,,1,70,,52165,16,,,1
601,'20260901',628,,52171,16,,,1,101,,52172,16,,,1,30,,52174,16,,,1,70,,52173,16,,,1
601,'20260902',628,,52175,16,,,1,101,,52176,16,,,1,30,,52178,16,,,1,70,,52177,16,,,1
601,'20260903',628,,52179,16,,,1,101,,52180,16,,,1,30,,52182,16,,,1,70,,52181,16,,,1
601,'20260904',628,,52183,16,,,1,101,,52184,16,,,1,30,,52186,16,,,1,70,,52185,16,,,1
