500,'20260506',1034,,24149,20,,,1,101,,24138,20,0,8,1,99,,24139,20,0,8,1,98,,24140,20,0,8,1,107,,24150,20,,,1,107,,24145,20,0,9,1,92,,24151,20,,,1,85,,24148,20,,,1,15,,24141,20,0,8,1,15,,24146,20,,,1,55,,24147,20,,,1,30,,24152,20,,,1,96,,24142,20,0,8,1,100,,24143,20,0,8,1,100,,24144,20,0,8,1,110,,24153,20,,,1,93,,24154,20,,,1
500,'20260507',1034,,24166,20,,,1,101,,24155,20,0,8,1,99,,24156,20,0,8,1,98,,24157,20,0,8,1,107,,24167,20,,,1,107,,24162,20,0,9,1,92,,24168,20,,,1,85,,24165,20,,,1,15,,24158,20,0,8,1,15,,24163,20,,,1,55,,24164,20,,,1,30,,24169,20,,,1,96,,24159,20,0,8,1,100,,24160,20,0,8,1,100,,24161,20,0,8,1,110,,24170,20,,,1,93,,24171,20,,,1
500,'20260508',1034,,24183,20,,,1,101,,24172,20,0,8,1,99,,24173,20,0,8,1,98,,24174,20,0,8,1,107,,24184,20,,,1,107,,24179,20,0,9,1,92,,24185,20,,,1,85,,24182,20,,,1,15,,24175,20,0,8,1,15,,24180,20,,,1,55,,24181,20,,,1,30,,24186,20,,,1,96,,24176,20,0,8,1,100,,24177,20,0,8,1,100,,24178,20,0,8,1,110,,24187,20,,,1,93,,24188,20,,,1
500,'20260509',932,,24198,20,,,1,102,,24189,20,0,8,1,100,,24190,20,0,8,1,100,,24199,20,,,1,100,,24191,20,0,8,1,100,,24192,20,0,8,1,100,,24200,20,,,1,100,,24193,20,0,8,1,98,,24194,20,0,8,1,102,,24201,20,,,1,102,,24195,20,0,8,1,98,,24196,20,0,8,1,103,,24202,20,,,1,106,,24197,20,0,9,1,93,,24203,20,,,1
500,'20260510',932,,24213,20,,,1,102,,24204,20,0,8,1,100,,24205,20,0,8,1,100,,24214,20,,,1,100,,24206,20,0,8,1,100,,24207,20,0,8,1,100,,24215,20,,,1,100,,24208,20,0,8,1,98,,24209,20,0,8,1,102,,24216,20,,,1,102,,24210,20,0,8,1,98,,24211,20,0,8,1,103,,24217,20,,,1,106,,24212,20,0,9,1,93,,24218,20,,,1
500,'20260511',1034,,24230,20,,,1,101,,24219,20,0,8,1,99,,24220,20,0,8,1,98,,24221,20,0,8,1,107,,24231,20,,,1,107,,24226,20,0,9,1,92,,24232,20,,,1,85,,24229,20,,,1,15,,24222,20,0,8,1,15,,24227,20,,,1,55,,24228,20,,,1,30,,24233,20,,,1,96,,24223,20,0,8,1,100,,24224,20,0,8,1,100,,24225,20,0,8,1,110,,24234,20,,,1,93,,24235,20,,,1
500,'20260512',1034,,24247,20,,,1,101,,24236,20,0,8,1,99,,24237,20,0,8,1,98,,24238,20,0,8,1,107,,24248,20,,,1,107,,24243,20,0,9,1,92,,24249,20,,,1,85,,24246,20,,,1,15,,24239,20,0,8,1,15,,24244,20,,,1,55,,24245,20,,,1,30,,24250,20,,,1,96,,24240,20,0,8,1,100,,24241,20,0,8,1,100,,24242,20,0,8,1,110,,24251,20,,,1,93,,24252,20,,,1
500,'20260513',1034,,24264,20,,,1,101,,24253,20,0,8,1,99,,24254,20,0,8,1,98,,24255,20,0,8,1,107,,24265,20,,,1,107,,24260,20,0,9,1,92,,24266,20,,,1,85,,24263,20,,,1,15,,24256,20,0,8,1,15,,24261,20,,,1,55,,24262,20,,,1,30,,24267,20,,,1,96,,24257,20,0,8,1,100,,24258,20,0,8,1,100,,24259,20,0,8,1,110,,24268,20,,,1,93,,24269,20,,,1
500,'20260514',1034,,24281,20,,,1,101,,24270,20,0,8,1,99,,24271,20,0,8,1,98,,24272,20,0,8,1,107,,24282,20,,,1,107,,24277,20,0,9,1,92,,24283,20,,,1,85,,24280,20,,,1,15,,24273,20,0,8,1,15,,24278,20,,,1,55,,24279,20,,,1,30,,24284,20,,,1,96,,24274,20,0,8,1,100,,24275,20,0,8,1,100,,24276,20,0,8,1,110,,24285,20,,,1,93,,24286,20,,,1
500,'20260515',1034,,24298,20,,,1,101,,24287,20,0,8,1,99,,24288,20,0,8,1,100,,24289,20,0,8,1,107,,24299,20,,,1,103,,24294,20,0,9,1,92,,24300,20,,,1,85,,24297,20,,,1,15,,24290,20,0,8,1,15,,24295,20,,,1,55,,24296,20,,,1,30,,24301,20,,,1,98,,24291,20,0,8,1,100,,24292,20,0,8,1,100,,24293,20,0,8,1,108,,24302,20,,,1,93,,24303,20,,,1
500,'20260516',932,,24313,11,,,1,102,,24304,11,0,8,1,100,,24305,11,0,8,1,100,,24314,11,,,1,100,,24306,11,0,8,1,100,,24307,11,0,8,1,100,,24315,11,,,1,100,,24308,11,0,8,1,100,,24309,11,0,8,1,100,,24316,11,,,1,100,,24310,11,0,8,1,100,,24311,11,0,8,1,104,,24317,11,,,1,103,,24312,11,0,9,1,93,,24318,11,,,1
500,'20260517',932,,24328,11,,,1,102,,24319,11,0,8,1,100,,24320,11,0,8,1,100,,24329,11,,,1,100,,24321,11,0,8,1,100,,24322,11,0,8,1,100,,24330,11,,,1,100,,24323,11,0,8,1,100,,24324,11,0,8,1,100,,24331,11,,,1,100,,24325,11,0,8,1,100,,24326,11,0,8,1,104,,24332,11,,,1,103,,24327,11,0,9,1,93,,24333,11,,,1
500,'20260518',932,,24343,11,,,1,102,,24334,11,0,8,1,100,,24335,11,0,8,1,100,,24344,11,,,1,100,,24336,11,0,8,1,100,,24337,11,0,8,1,100,,24345,11,,,1,100,,24338,11,0,8,1,100,,24339,11,0,8,1,100,,24346,11,,,1,100,,24340,11,0,8,1,100,,24341,11,0,8,1,104,,24347,11,,,1,103,,24342,11,0,9,1,93,,24348,11,,,1
500,'20260519',1035,,24360,20,,,1,101,,24349,20,0,8,1,99,,24350,20,0,8,1,99,,24351,20,0,8,1,106,,24361,20,,,1,105,,24356,20,0,9,1,92,,24362,20,,,1,85,,24359,20,,,1,15,,24352,20,0,8,1,15,,24357,20,,,1,55,,24358,20,,,1,30,,24363,20,,,1,97,,24353,20,0,8,1,100,,24354,20,0,8,1,100,,24355,20,0,8,1,108,,24364,20,,,1,94,,24365,20,,,1
500,'20260520',1034,,24377,20,,,1,101,,24366,20,0,8,1,99,,24367,20,0,8,1,100,,24368,20,0,8,1,107,,24378,20,,,1,103,,24373,20,0,9,1,92,,24379,20,,,1,85,,24376,20,,,1,15,,24369,20,0,8,1,15,,24374,20,,,1,55,,24375,20,,,1,30,,24380,20,,,1,98,,24370,20,0,8,1,100,,24371,20,0,8,1,100,,24372,20,0,8,1,108,,24381,20,,,1,93,,24382,20,,,1
500,'20260521',1034,,24394,20,,,1,101,,24383,20,0,8,1,99,,24384,20,0,8,1,100,,24385,20,0,8,1,107,,24395,20,,,1,103,,24390,20,0,9,1,92,,24396,20,,,1,85,,24393,20,,,1,15,,24386,20,0,8,1,15,,24391,20,,,1,55,,24392,20,,,1,30,,24397,20,,,1,98,,24387,20,0,8,1,100,,24388,20,0,8,1,100,,24389,20,0,8,1,108,,24398,20,,,1,93,,24399,20,,,1
500,'20260522',1034,,24411,20,,,1,101,,24400,20,0,8,1,99,,24401,20,0,8,1,100,,24402,20,0,8,1,107,,24412,20,,,1,103,,24407,20,0,9,1,92,,24413,20,,,1,85,,24410,20,,,1,15,,24403,20,0,8,1,15,,24408,20,,,1,55,,24409,20,,,1,30,,24414,20,,,1,98,,24404,20,0,8,1,100,,24405,20,0,8,1,100,,24406,20,0,8,1,108,,24415,20,,,1,93,,24416,20,,,1
500,'20260525',1034,,24458,20,,,1,103,,24447,20,0,8,1,101,,24448,20,0,8,1,204,,24459,20,,,1,103,,24454,20,0,9,1,92,,24460,20,,,1,85,,24457,20,,,1,15,,24450,20,0,8,1,15,,24455,20,,,1,55,,24456,20,,,1,30,,24461,20,,,1,97,,24451,20,0,8,1,101,,24452,20,0,8,1,101,,24453,20,0,8,1,108,,24462,20,,,1,92,,24463,20,,,1
500,'20260526',1034,,24475,20,,,1,101,,24464,20,0,8,1,99,,24465,20,0,8,1,100,,24466,20,0,8,1,107,,24476,20,,,1,103,,24471,20,0,9,1,92,,24477,20,,,1,85,,24474,20,,,1,15,,24467,20,0,8,1,15,,24472,20,,,1,55,,24473,20,,,1,30,,24478,20,,,1,98,,24468,20,0,8,1,100,,24469,20,0,8,1,100,,24470,20,0,8,1,108,,24479,20,,,1,93,,24480,20,,,1
500,'20260527',1034,,24492,20,,,1,101,,24481,20,0,8,1,99,,24482,20,0,8,1,100,,24483,20,0,8,1,107,,24493,20,,,1,103,,24488,20,0,9,1,92,,24494,20,,,1,85,,24491,20,,,1,15,,24484,20,0,8,1,15,,24489,20,,,1,55,,24490,20,,,1,30,,24495,20,,,1,98,,24485,20,0,8,1,100,,24486,20,0,8,1,100,,24487,20,0,8,1,108,,24496,20,,,1,100,,32082,20,,,1
500,'20260528',1034,,24509,20,,,1,101,,24498,20,0,8,1,99,,24499,20,0,8,1,100,,24500,20,0,8,1,107,,24510,20,,,1,103,,24505,20,0,9,1,92,,24511,20,,,1,85,,24508,20,,,1,15,,24501,20,0,8,1,15,,24506,20,,,1,55,,24507,20,,,1,30,,24512,20,,,1,98,,24502,20,0,8,1,100,,24503,20,0,8,1,100,,24504,20,0,8,1,108,,24513,20,,,1,100,,32083,20,,,1
500,'20260529',1034,,24526,20,,,1,101,,24515,20,0,8,1,99,,24516,20,0,8,1,100,,24517,20,0,8,1,107,,24527,20,,,1,103,,24522,20,0,9,1,92,,24528,20,,,1,85,,24525,20,,,1,15,,24518,20,0,8,1,15,,24523,20,,,1,55,,24524,20,,,1,30,,24529,20,,,1,98,,24519,20,0,8,1,100,,24520,20,0,8,1,100,,24521,20,0,8,1,108,,24530,20,,,1,93,,24531,20,,,1
500,'20260601',1034,,24573,20,,,1,103,,24562,20,0,8,1,101,,24563,20,0,8,1,204,,24574,20,,,1,103,,24569,20,0,9,1,92,,24575,20,,,1,85,,24572,20,,,1,15,,24565,20,0,8,1,15,,24570,20,,,1,55,,24571,20,,,1,30,,24576,20,,,1,97,,24566,20,0,8,1,101,,24567,20,0,8,1,101,,24568,20,0,8,1,108,,24577,20,,,1,92,,24578,20,,,1
500,'20260602',1034,,24590,20,,,1,101,,24579,20,0,8,1,99,,24580,20,0,8,1,100,,24581,20,0,8,1,107,,24591,20,,,1,103,,24586,20,0,9,1,92,,24592,20,,,1,85,,24589,20,,,1,15,,24582,20,0,8,1,15,,24587,20,,,1,55,,24588,20,,,1,30,,24593,20,,,1,98,,24583,20,0,8,1,100,,24584,20,0,8,1,100,,24585,20,0,8,1,108,,24594,20,,,1,93,,24595,20,,,1
500,'20260603',1034,,24607,20,,,1,101,,24596,20,0,8,1,99,,24597,20,0,8,1,100,,24598,20,0,8,1,107,,24608,20,,,1,103,,24603,20,0,9,1,92,,24609,20,,,1,85,,24606,20,,,1,15,,24599,20,0,8,1,15,,24604,20,,,1,55,,24605,20,,,1,30,,24610,20,,,1,98,,24600,20,0,8,1,100,,24601,20,0,8,1,100,,24602,20,0,8,1,108,,24611,20,,,1,100,,32084,20,,,1
500,'20260604',1034,,24624,20,,,1,101,,24613,20,0,8,1,99,,24614,20,0,8,1,100,,24615,20,0,8,1,107,,24625,20,,,1,103,,24620,20,0,9,1,92,,24626,20,,,1,85,,24623,20,,,1,15,,24616,20,0,8,1,15,,24621,20,,,1,55,,24622,20,,,1,30,,24627,20,,,1,98,,24617,20,0,8,1,100,,24618,20,0,8,1,100,,24619,20,0,8,1,108,,24628,20,,,1,100,,32085,20,,,1
500,'20260605',1034,,24641,20,,,1,101,,24630,20,0,8,1,99,,24631,20,0,8,1,100,,24632,20,0,8,1,107,,24642,20,,,1,103,,24637,20,0,9,1,92,,24643,20,,,1,85,,24640,20,,,1,15,,24633,20,0,8,1,15,,24638,20,,,1,55,,24639,20,,,1,30,,24644,20,,,1,98,,24634,20,0,8,1,100,,24635,20,0,8,1,100,,24636,20,0,8,1,108,,24645,20,,,1,93,,24646,20,,,1
500,'20260608',1034,,24688,20,,,1,103,,24677,20,0,8,1,101,,24678,20,0,8,1,204,,24689,20,,,1,103,,24684,20,0,9,1,92,,24690,20,,,1,85,,24687,20,,,1,15,,24680,20,0,8,1,15,,24685,20,,,1,55,,24686,20,,,1,30,,24691,20,,,1,97,,24681,20,0,8,1,101,,24682,20,0,8,1,101,,24683,20,0,8,1,108,,24692,20,,,1,92,,24693,20,,,1
500,'20260609',1034,,24705,20,,,1,101,,24694,20,0,8,1,99,,24695,20,0,8,1,100,,24696,20,0,8,1,107,,24706,20,,,1,103,,24701,20,0,9,1,92,,24707,20,,,1,85,,24704,20,,,1,15,,24697,20,0,8,1,15,,24702,20,,,1,55,,24703,20,,,1,30,,24708,20,,,1,98,,24698,20,0,8,1,100,,24699,20,0,8,1,100,,24700,20,0,8,1,108,,24709,20,,,1,93,,24710,20,,,1
500,'20260610',1034,,24722,20,,,1,101,,24711,20,0,8,1,99,,24712,20,0,8,1,100,,24713,20,0,8,1,107,,24723,20,,,1,103,,24718,20,0,9,1,92,,24724,20,,,1,85,,24721,20,,,1,15,,24714,20,0,8,1,15,,24719,20,,,1,55,,24720,20,,,1,30,,24725,20,,,1,98,,24715,20,0,8,1,100,,24716,20,0,8,1,100,,24717,20,0,8,1,108,,24726,20,,,1,100,,32086,20,,,1
500,'20260611',1034,,24739,20,,,1,101,,24728,20,0,8,1,99,,24729,20,0,8,1,100,,24730,20,0,8,1,107,,24740,20,,,1,103,,24735,20,0,9,1,92,,24741,20,,,1,85,,24738,20,,,1,15,,24731,20,0,8,1,15,,24736,20,,,1,55,,24737,20,,,1,30,,24742,20,,,1,98,,24732,20,0,8,1,100,,24733,20,0,8,1,100,,24734,20,0,8,1,108,,24743,20,,,1,100,,32087,20,,,1
500,'20260612',1034,,24756,20,,,1,101,,24745,20,0,8,1,99,,24746,20,0,8,1,100,,24747,20,0,8,1,107,,24757,20,,,1,103,,24752,20,0,9,1,92,,24758,20,,,1,85,,24755,20,,,1,15,,24748,20,0,8,1,15,,24753,20,,,1,55,,24754,20,,,1,30,,24759,20,,,1,98,,24749,20,0,8,1,100,,24750,20,0,8,1,100,,24751,20,0,8,1,108,,24760,20,,,1,93,,24761,20,,,1
501,'20260506',548,,24918,9,,,1,69,,24919,16,,,1,28,,24921,16,,,1,70,,24920,16,,,1,22,,24911,3,,,1,20,,24922,16,,,1,55,,24923,16,,,1,93,,24924,16,,,1,99,,24925,16,,,1,103,,24912,3,,,1,98,,24913,3,,,1,99,,24914,3,,,1,105,,24926,16,,,1,103,,24915,3,,,1,493,,24916,3,,,1,100,,24917,3,,,1,107,,24927,16,,,1
501,'20260507',548,,24935,9,,,1,69,,24936,16,,,1,28,,24938,16,,,1,70,,24937,16,,,1,22,,24928,3,,,1,20,,24939,16,,,1,55,,24940,16,,,1,93,,24941,16,,,1,99,,24942,16,,,1,103,,24929,3,,,1,98,,24930,3,,,1,99,,24931,3,,,1,105,,24943,16,,,1,103,,24932,3,,,1,493,,24933,3,,,1,100,,24934,3,,,1,107,,24944,16,,,1
501,'20260508',548,,24952,9,,,1,69,,24953,16,,,1,28,,24955,16,,,1,70,,24954,16,,,1,22,,24945,3,,,1,20,,24956,16,,,1,55,,24957,16,,,1,93,,24958,16,,,1,99,,24959,16,,,1,103,,24946,3,,,1,98,,24947,3,,,1,99,,24948,3,,,1,105,,24960,16,,,1,103,,24949,3,,,1,493,,24950,3,,,1,100,,24951,3,,,1,107,,24961,16,,,1
501,'20260509',802,,24971,16,,,1,100,,24972,16,,,1,103,,24962,3,,,1,100,,24963,3,,,1,101,,24973,16,,,1,99,,24964,3,,,1,100,,24965,3,,,1,101,,24974,16,,,1,99,,24966,3,,,1,99,,24967,3,,,1,98,,24975,16,,,1,103,,24968,3,,,1,101,,24969,3,,,1,103,,24976,16,,,1,103,,24970,3,,,1
501,'20260510',802,,24986,16,,,1,100,,24987,16,,,1,103,,24977,3,,,1,100,,24978,3,,,1,101,,24988,16,,,1,99,,24979,3,,,1,100,,24980,3,,,1,101,,24989,16,,,1,99,,24981,3,,,1,99,,24982,3,,,1,98,,24990,16,,,1,103,,24983,3,,,1,101,,24984,3,,,1,103,,24991,16,,,1,103,,24985,3,,,1
501,'20260511',548,,24999,9,,,1,69,,25000,16,,,1,28,,25002,16,,,1,70,,25001,16,,,1,22,,24992,3,,,1,20,,25003,16,,,1,55,,25004,16,,,1,93,,25005,16,,,1,99,,25006,16,,,1,103,,24993,3,,,1,98,,24994,3,,,1,99,,24995,3,,,1,105,,25007,16,,,1,103,,24996,3,,,1,493,,24997,3,,,1,100,,24998,3,,,1,107,,25008,16,,,1
501,'20260512',548,,25016,9,,,1,69,,25017,16,,,1,28,,25019,16,,,1,70,,25018,16,,,1,22,,25009,3,,,1,20,,25020,16,,,1,55,,25021,16,,,1,93,,25022,16,,,1,99,,25023,16,,,1,103,,25010,3,,,1,98,,25011,3,,,1,99,,25012,3,,,1,105,,25024,16,,,1,103,,25013,3,,,1,493,,25014,3,,,1,100,,25015,3,,,1,107,,25025,16,,,1
501,'20260513',548,,25033,9,,,1,69,,25034,16,,,1,28,,25036,16,,,1,70,,25035,16,,,1,22,,25026,3,,,1,20,,25037,16,,,1,55,,25038,16,,,1,93,,25039,16,,,1,99,,25040,16,,,1,103,,25027,3,,,1,98,,25028,3,,,1,99,,25029,3,,,1,105,,25041,16,,,1,103,,25030,3,,,1,493,,25031,3,,,1,100,,25032,3,,,1,107,,25042,16,,,1
501,'20260514',548,,25050,9,,,1,69,,25051,16,,,1,28,,25053,16,,,1,70,,25052,16,,,1,22,,25043,3,,,1,20,,25054,16,,,1,55,,25055,16,,,1,93,,25056,16,,,1,99,,25057,16,,,1,103,,25044,3,,,1,98,,25045,3,,,1,99,,25046,3,,,1,105,,25058,16,,,1,103,,25047,3,,,1,493,,25048,3,,,1,100,,25049,3,,,1,107,,25059,16,,,1
501,'20260515',548,,25067,9,,,1,69,,25068,16,,,1,30,,25070,16,,,1,70,,25069,16,,,1,20,,25060,3,,,1,20,,25071,16,,,1,55,,25072,16,,,1,93,,25073,16,,,1,99,,25074,16,,,1,103,,25061,3,,,1,98,,25062,3,,,1,100,,25063,3,,,1,106,,25075,16,,,1,103,,25064,3,,,1,491,,25065,3,,,1,100,,25066,3,,,1,107,,25076,16,,,1
501,'20260516',802,,25086,16,0,39 40,1,100,,25087,16,0,39 40,1,103,,25077,3,0,39 40,1,100,,25078,3,0,39 40,1,101,,25088,16,0,39 40,1,99,,25079,3,0,39 40,1,100,,25080,3,0,39 40,1,101,,25089,16,0,39 40,1,99,,25081,3,0,39 40,1,100,,25082,3,0,39 40,1,101,,25090,16,0,39 40,1,99,,25083,3,0,39 40,1,100,,25084,3,0,39 40,1,104,,25091,16,0,39 40,1,104,,25085,3,0,39 40,1
501,'20260517',802,,25101,16,0,39 40,1,100,,25102,16,0,39 40,1,103,,25092,3,0,39 40,1,100,,25093,3,0,39 40,1,101,,25103,16,0,39 40,1,99,,25094,3,0,39 40,1,100,,25095,3,0,39 40,1,101,,25104,16,0,39 40,1,99,,25096,3,0,39 40,1,100,,25097,3,0,39 40,1,101,,25105,16,0,39 40,1,99,,25098,3,0,39 40,1,100,,25099,3,0,39 40,1,104,,25106,16,0,39 40,1,104,,25100,3,0,39 40,1
501,'20260518',802,,25116,16,0,39 40,1,100,,25117,16,0,39 40,1,103,,25107,3,0,39 40,1,100,,25108,3,0,39 40,1,101,,25118,16,0,39 40,1,99,,25109,3,0,39 40,1,100,,25110,3,0,39 40,1,101,,25119,16,0,39 40,1,99,,25111,3,0,39 40,1,100,,25112,3,0,39 40,1,101,,25120,16,0,39 40,1,99,,25113,3,0,39 40,1,100,,25114,3,0,39 40,1,104,,25121,16,0,39 40,1,104,,25115,3,0,39 40,1
501,'20260519',548,,25129,9,,,1,69,,25130,16,,,1,30,,25132,16,,,1,70,,25131,16,,,1,20,,25122,3,,,1,20,,25133,16,,,1,55,,25134,16,,,1,93,,25135,16,,,1,99,,25136,16,,,1,104,,25123,3,,,1,98,,25124,3,,,1,99,,25125,3,,,1,105,,25137,16,,,1,103,,25126,3,,,1,492,,25127,3,,,1,100,,25128,3,,,1,106,,25138,16,,,1
501,'20260520',548,,25146,9,,,1,69,,25147,16,,,1,30,,25149,16,,,1,70,,25148,16,,,1,20,,25139,3,,,1,20,,25150,16,,,1,55,,25151,16,,,1,93,,25152,16,,,1,99,,25153,16,,,1,103,,25140,3,,,1,98,,25141,3,,,1,100,,25142,3,,,1,106,,25154,16,,,1,103,,25143,3,,,1,491,,25144,3,,,1,100,,25145,3,,,1,107,,25155,16,,,1
501,'20260521',548,,25163,9,,,1,69,,25164,16,,,1,30,,25166,16,,,1,70,,25165,16,,,1,20,,25156,3,,,1,20,,25167,16,,,1,55,,25168,16,,,1,93,,25169,16,,,1,99,,25170,16,,,1,103,,25157,3,,,1,98,,25158,3,,,1,100,,25159,3,,,1,106,,25171,16,,,1,103,,25160,3,,,1,491,,25161,3,,,1,100,,25162,3,,,1,107,,25172,16,,,1
501,'20260522',548,,25180,9,,,1,69,,25181,16,,,1,30,,25183,16,,,1,70,,25182,16,,,1,20,,25173,3,,,1,20,,25184,16,,,1,55,,25185,16,,,1,93,,25186,16,,,1,99,,25187,16,,,1,103,,25174,3,,,1,98,,25175,3,,,1,100,,25176,3,,,1,106,,25188,16,,,1,103,,25177,3,,,1,491,,25178,3,,,1,100,,25179,3,,,1,107,,25189,16,,,1
501,'20260525',548,,25227,9,,,1,69,,25228,16,,,1,30,,25230,16,,,1,70,,25229,16,,,1,20,,25220,3,,,1,20,,25231,16,,,1,55,,25232,16,,,1,93,,25233,16,,,1,97,,25234,16,,,1,105,,25221,3,,,1,100,,25222,3,,,1,101,,25223,3,,,1,102,,25235,16,,,1,594,,25225,3,,,1,101,,25226,3,,,1,107,,25236,16,,,1
501,'20260526',548,,25244,9,,,1,69,,25245,16,,,1,30,,25247,16,,,1,70,,25246,16,,,1,20,,25237,3,,,1,20,,25248,16,,,1,55,,25249,16,,,1,93,,25250,16,,,1,99,,25251,16,,,1,103,,25238,3,,,1,98,,25239,3,,,1,100,,25240,3,,,1,106,,25252,16,,,1,103,,25241,3,,,1,491,,25242,3,,,1,100,,25243,3,,,1,107,,25253,16,,,1
501,'20260527',548,,25261,9,,,1,69,,25262,16,,,1,30,,25264,16,,,1,70,,25263,16,,,1,20,,25254,3,,,1,20,,25265,16,,,1,55,,25266,16,,,1,93,,25267,16,,,1,99,,25268,16,,,1,103,,25255,3,,,1,98,,25256,3,,,1,100,,25257,3,,,1,106,,25269,16,,,1,103,,25258,3,,,1,491,,25259,3,,,1,100,,25260,3,,,1,107,,25270,16,,,1
501,'20260528',548,,25278,9,,,1,69,,25279,16,,,1,30,,25281,16,,,1,70,,25280,16,,,1,20,,25271,3,,,1,20,,25282,16,,,1,55,,25283,16,,,1,93,,25284,16,,,1,99,,25285,16,,,1,103,,25272,3,,,1,98,,25273,3,,,1,100,,25274,3,,,1,106,,25286,16,,,1,103,,25275,3,,,1,491,,25276,3,,,1,100,,25277,3,,,1,107,,25287,16,,,1
501,'20260529',548,,25295,9,,,1,69,,25296,16,,,1,30,,25298,16,,,1,70,,25297,16,,,1,20,,25288,3,,,1,20,,25299,16,,,1,55,,25300,16,,,1,93,,25301,16,,,1,99,,25302,16,,,1,103,,25289,3,,,1,98,,25290,3,,,1,100,,25291,3,,,1,106,,25303,16,,,1,103,,25292,3,,,1,491,,25293,3,,,1,100,,25294,3,,,1,107,,25304,16,,,1
501,'20260601',548,,25342,9,,,1,69,,25343,16,,,1,30,,25345,16,,,1,70,,25344,16,,,1,20,,25335,3,,,1,20,,25346,16,,,1,55,,25347,16,,,1,93,,25348,16,,,1,97,,25349,16,,,1,105,,25336,3,,,1,100,,25337,3,,,1,101,,25338,3,,,1,102,,25350,16,,,1,594,,25340,3,,,1,101,,25341,3,,,1,107,,25351,16,,,1
501,'20260602',548,,25359,9,,,1,69,,25360,16,,,1,30,,25362,16,,,1,70,,25361,16,,,1,20,,25352,3,,,1,20,,25363,16,,,1,55,,25364,16,,,1,93,,25365,16,,,1,99,,25366,16,,,1,103,,25353,3,,,1,98,,25354,3,,,1,100,,25355,3,,,1,106,,25367,16,,,1,103,,25356,3,,,1,491,,25357,3,,,1,100,,25358,3,,,1,107,,25368,16,,,1
501,'20260603',548,,25376,9,,,1,69,,25377,16,,,1,30,,25379,16,,,1,70,,25378,16,,,1,20,,25369,3,,,1,20,,25380,16,,,1,55,,25381,16,,,1,93,,25382,16,,,1,99,,25383,16,,,1,103,,25370,3,,,1,98,,25371,3,,,1,100,,25372,3,,,1,106,,25384,16,,,1,103,,25373,3,,,1,491,,25374,3,,,1,100,,25375,3,,,1,107,,25385,16,,,1
501,'20260604',548,,25393,9,,,1,69,,25394,16,,,1,30,,25396,16,,,1,70,,25395,16,,,1,20,,25386,3,,,1,20,,25397,16,,,1,55,,25398,16,,,1,93,,25399,16,,,1,99,,25400,16,,,1,103,,25387,3,,,1,98,,25388,3,,,1,100,,25389,3,,,1,106,,25401,16,,,1,103,,25390,3,,,1,491,,25391,3,,,1,100,,25392,3,,,1,107,,25402,16,,,1
501,'20260605',548,,25410,9,,,1,69,,25411,16,,,1,30,,25413,16,,,1,70,,25412,16,,,1,20,,25403,3,,,1,20,,25414,16,,,1,55,,25415,16,,,1,93,,25416,16,,,1,99,,25417,16,,,1,103,,25404,3,,,1,98,,25405,3,,,1,100,,25406,3,,,1,106,,25418,16,,,1,103,,25407,3,,,1,491,,25408,3,,,1,100,,25409,3,,,1,107,,25419,16,,,1
501,'20260608',548,,25457,9,,,1,69,,25458,16,,,1,30,,25460,16,,,1,70,,25459,16,,,1,20,,25450,3,,,1,20,,25461,16,,,1,55,,25462,16,,,1,93,,25463,16,,,1,97,,25464,16,,,1,105,,25451,3,,,1,100,,25452,3,,,1,101,,25453,3,,,1,102,,25465,16,,,1,594,,25455,3,,,1,101,,25456,3,,,1,107,,25466,16,,,1
501,'20260609',548,,25474,9,,,1,69,,25475,16,,,1,30,,25477,16,,,1,70,,25476,16,,,1,20,,25467,3,,,1,20,,25478,16,,,1,55,,25479,16,,,1,93,,25480,16,,,1,99,,25481,16,,,1,103,,25468,3,,,1,98,,25469,3,,,1,100,,25470,3,,,1,106,,25482,16,,,1,103,,25471,3,,,1,491,,25472,3,,,1,100,,25473,3,,,1,107,,25483,16,,,1
501,'20260610',548,,25491,9,,,1,69,,25492,16,,,1,30,,25494,16,,,1,70,,25493,16,,,1,20,,25484,3,,,1,20,,25495,16,,,1,55,,25496,16,,,1,93,,25497,16,,,1,99,,25498,16,,,1,103,,25485,3,,,1,98,,25486,3,,,1,100,,25487,3,,,1,106,,25499,16,,,1,103,,25488,3,,,1,491,,25489,3,,,1,100,,25490,3,,,1,107,,25500,16,,,1
501,'20260611',548,,25508,9,,,1,69,,25509,16,,,1,30,,25511,16,,,1,70,,25510,16,,,1,20,,25501,3,,,1,20,,25512,16,,,1,55,,25513,16,,,1,93,,25514,16,,,1,99,,25515,16,,,1,103,,25502,3,,,1,98,,25503,3,,,1,100,,25504,3,,,1,106,,25516,16,,,1,103,,25505,3,,,1,491,,25506,3,,,1,100,,25507,3,,,1,107,,25517,16,,,1
501,'20260612',548,,25525,9,,,1,69,,25526,16,,,1,30,,25528,16,,,1,70,,25527,16,,,1,20,,25518,3,,,1,20,,25529,16,,,1,55,,25530,16,,,1,93,,25531,16,,,1,99,,25532,16,,,1,103,,25519,3,,,1,98,,25520,3,,,1,100,,25521,3,,,1,106,,25533,16,,,1,103,,25522,3,,,1,491,,25523,3,,,1,100,,25524,3,,,1,107,,25534,16,,,1
