1,100,'20260409',1281,1282,1283,1284,1285,1286,1287,1288,1289,1290,1291,1292,1293,1294,1295,1296,1297,1298,1299,1300,1301,1302,1303,1304,1305,1306,1307,1308,1309,1310,1311,1312,1313,1314,1315,1316,1317,1318,1319,1320,1321,1322,1323,1324,1325,1326,1327,1328
1,100,'20260410',1329,1330,1331,1332,1333,1334,1335,1336,1337,1338,1339,1340,1341,1342,1343,1344,1345,1346,1347,1348,1349,1350,1351,1352,1353,1354,1355,1356,1357,1358,1359,1360,1361,1362,1363,1364,1365,1366,1367,1368,1369,1370,1371,1372,1373,1374,1375,1376,1377,1378
1,100,'20260411',1379,1380,1381,1382,1383,1384,1385,1386,1387,1388,1389,1390,1391,1392,1393,1394,1395,1396,1397,1398,1399,1400,1401,1402,1403,1404,1405,1406,1407,1408,1409,1410,1411,1412,1413,1414,1415
1,100,'20260412',1416,1417,1418,1419,1420,1421,1422,1423,1424,1425,1426,1427,1428,1429,1430,1431,1432,1433,1434,1435,1436,1437,1438,1439,1440,1441,1442,1443,1444,1445,1446,1447,1449,1450,1451,1452
1,100,'20260413',1453,1454,1455,1456,1457,1458,1459,1460,1461,1462,1463,1464,1465,1466,1467,1468,1469,1470,1471,1472,1473,1474,1475,1476,1477,1478,1479,1480,1481,1482,1483,1484,1485,1486,1487,1488,1489,1490,1491,1492,1493,1494,1495,1496,1497,1498,1499,1500
1,100,'20260414',1501,1502,1503,1504,1505,1506,1507,1508,1509,1510,1511,1512,1513,1514,1515,1516,1517,1518,1519,1520,1521,1522,1523,1524,1525,1526,1527,1528,1529,1530,1531,1532,1533,1534,1535,1536,1537,1538,1539,1540,1541,1542,1543,1544,1545,1546,1547,1548
1,100,'20260415',1549,1550,1551,1552,1553,1554,1555,1556,1557,1558,1559,1560,1561,1562,1563,1564,1565,1566,1567,1568,1569,1570,1571,1572,1573,1574,1575,1576,1577,1578,1579,1580,1581,1582,1583,1584,1585,1586,1587,1588,1589,1590,1591,1592,1593,1594,1595,1596
1,100,'20260416',1597,1598,1599,1600,1601,1602,1603,1604,1605,1606,1607,1608,1609,1610,1611,1612,1613,1614,1615,1616,1617,1618,1619,1620,1621,1622,1623,1624,1625,1626,1627,1628,1629,1630,1631,1632,1633,1634,1635,1636,1637,1638,1639,1640,1641,1642,1643,1644
1,100,'20260417',1645,1646,1647,1648,1649,1650,1651,1652,1653,1654,1655,1656,1657,1658,1659,1660,1661,1662,1663,1664,1665,1666,1667,1668,1669,1670,1671,1672,1673,1674,1675,1676,1677,1678,1679,1680,1681,1682,1683,1684,1685,1686,1687,1688,1689,1690,1691,1692,1693,1694
1,100,'20260418',1695,1696,1697,1698,1699,1700,1701,1702,1703,1704,1705,1706,1707,1708,1709,1710,1711,1712,1713,1714,1715,1716,1717,1718,1719,1720,1721,1722,1723,1724,1725,1726,1727,1728,1729,1730,1731
1,100,'20260419',1732,1733,1734,1735,1736,1737,1738,1739,1740,1741,1742,1743,1744,1745,1746,1747,1748,1749,1750,1751,1752,1753,1754,1755,1756,1757,1758,1759,1760,1761,1762,1763,1765,1766,1767,1768
1,100,'20260420',1769,1770,1771,1772,1773,1774,1775,1776,1777,1778,1779,1780,1781,1782,1783,1784,1785,1786,1787,1788,1789,1790,1791,1792,1793,1794,1795,1796,1797,1798,1799,1800,1801,1802,1803,1804,1805,1806,1807,1808,1809,1810,1811,1812,1813,1814,1815,1816
1,100,'20260421',1817,1818,1819,1820,1821,1822,1823,1824,1825,1826,1827,1828,1829,1830,1831,1832,1833,1834,1835,1836,1837,1838,1839,1840,1841,1842,1843,1844,1845,1846,1847,1848,1849,1850,1851,1852,1853,1854,1855,1856,1857,1858,1859,1860,1861,1862,1863,1864
1,100,'20260422',1865,1866,1867,1868,1869,1870,1871,1872,1873,1874,1875,1876,1877,1878,1879,1880,1881,1882,1883,1884,1885,1886,1887,1888,1889,1890,1891,1892,1893,1894,1895,1896,1897,1898,1899,1900,1901,1902,1903,1904,1905,1906,1907,1908,1909,1910,1911,1912
1,100,'20260423',1913,1914,1915,1916,1917,1918,1919,1920,1921,1922,1923,1924,1925,1926,1927,1928,1929,1930,1931,1932,1933,1934,1935,1936,1937,1938,1939,1940,1941,1942,1943,1944,1945,1946,1947,1948,1949,1950,1951,1952,1953,1954,1955,1956,1957,1958,1959,1960
1,100,'20260424',1961,1962,1963,1964,1965,1966,1967,1968,1969,1970,1971,1972,1973,1974,1975,1976,1977,1978,1979,1980,1981,1982,1983,1984,1985,1986,1987,1988,1989,1990,1991,1992,1993,1994,1995,1996,1997,1998,1999,2000,2001,2002,2003,2004,2005,2006,2007,2008,2009,2010
1,101,'20260409',3297,3298,3299,3300,3301,3302,3303,3304,3305,3306,3307,3308,3309,3310,3311,3312,3313,3314,3315,3316,3317,3318,3319,3320,3321,3322,3323,3324,3325,3326,3327,3328,3329,3330,3331,3332,3333,3334,3335,3336,3337,3338,3339,3340,3341,3342,3343,3344
1,101,'20260410',3345,3346,3347,3348,3349,3350,3351,3352,3353,3354,3355,3356,3357,3358,3359,3360,3361,3362,3363,3364,3365,3366,3367,3368,3369,3370,3371,3372,3373,3374,3375,3376,3377,3378,3379,3380,3381,3382,3383,3384,3385,3386,3387,3388,3389,3390,3391,3392,3393,3394
1,101,'20260411',3395,3396,3397,3398,3399,3400,3401,3402,3403,3404,3405,3406,3407,3408,3409,3410,3411,3412,3413,3414,3415,3416,3417,3418,3419,3420,3421,3422,3423,3424,3425,3426,3427,3428,3429,3430,3431
1,101,'20260412',3432,3433,3434,3435,3436,3437,3438,3439,3440,3441,3442,3443,3444,3445,3446,3447,3448,3449,3450,3451,3452,3453,3454,3455,3456,3457,3458,3459,3460,3461,3462,3463,3465,3466,3467,3468
1,101,'20260413',3469,3470,3471,3472,3473,3474,3475,3476,3477,3478,3479,3480,3481,3482,3483,3484,3485,3486,3487,3488,3489,3490,3491,3492,3493,3494,3495,3496,3497,3498,3499,3500,3501,3502,3503,3504,3505,3506,3507,3508,3509,3510,3511,3512,3513,3514,3515,3516
1,101,'20260414',3517,3518,3519,3520,3521,3522,3523,3524,3525,3526,3527,3528,3529,3530,3531,3532,3533,3534,3535,3536,3537,3538,3539,3540,3541,3542,3543,3544,3545,3546,3547,3548,3549,3550,3551,3552,3553,3554,3555,3556,3557,3558,3559,3560,3561,3562,3563,3564
1,101,'20260415',3565,3566,3567,3568,3569,3570,3571,3572,3573,3574,3575,3576,3577,3578,3579,3580,3581,3582,3583,3584,3585,3586,3587,3588,3589,3590,3591,3592,3593,3594,3595,3596,3597,3598,3599,3600,3601,3602,3603,3604,3605,3606,3607,3608,3609,3610,3611,3612
1,101,'20260416',3613,3614,3615,3616,3617,3618,3619,3620,3621,3622,3623,3624,3625,3626,3627,3628,3629,3630,3631,3632,3633,3634,3635,3636,3637,3638,3639,3640,3641,3642,3643,3644,3645,3646,3647,3648,3649,3650,3651,3652,3653,3654,3655,3656,3657,3658,3659,3660
1,101,'20260417',3661,3662,3663,3664,3665,3666,3667,3668,3669,3670,3671,3672,3673,3674,3675,3676,3677,3678,3679,3680,3681,3682,3683,3684,3685,3686,3687,3688,3689,3690,3691,3692,3693,3694,3695,3696,3697,3698,3699,3700,3701,3702,3703,3704,3705,3706,3707,3708,3709,3710
1,101,'20260418',3711,3712,3713,3714,3715,3716,3717,3718,3719,3720,3721,3722,3723,3724,3725,3726,3727,3728,3729,3730,3731,3732,3733,3734,3735,3736,3737,3738,3739,3740,3741,3742,3743,3744,3745,3746,3747
1,101,'20260419',3748,3749,3750,3751,3752,3753,3754,3755,3756,3757,3758,3759,3760,3761,3762,3763,3764,3765,3766,3767,3768,3769,3770,3771,3772,3773,3774,3775,3776,3777,3778,3779,3781,3782,3783,3784
1,101,'20260420',3785,3786,3787,3788,3789,3790,3791,3792,3793,3794,3795,3796,3797,3798,3799,3800,3801,3802,3803,3804,3805,3806,3807,3808,3809,3810,3811,3812,3813,3814,3815,3816,3817,3818,3819,3820,3821,3822,3823,3824,3825,3826,3827,3828,3829,3830,3831,3832
1,101,'20260421',3833,3834,3835,3836,3837,3838,3839,3840,3841,3842,3843,3844,3845,3846,3847,3848,3849,3850,3851,3852,3853,3854,3855,3856,3857,3858,3859,3860,3861,3862,3863,3864,3865,3866,3867,3868,3869,3870,3871,3872,3873,3874,3875,3876,3877,3878,3879,3880
1,101,'20260422',3881,3882,3883,3884,3885,3886,3887,3888,3889,3890,3891,3892,3893,3894,3895,3896,3897,3898,3899,3900,3901,3902,3903,3904,3905,3906,3907,3908,3909,3910,3911,3912,3913,3914,3915,3916,3917,3918,3919,3920,3921,3922,3923,3924,3925,3926,3927,3928
1,101,'20260423',3929,3930,3931,3932,3933,3934,3935,3936,3937,3938,3939,3940,3941,3942,3943,3944,3945,3946,3947,3948,3949,3950,3951,3952,3953,3954,3955,3956,3957,3958,3959,3960,3961,3962,3963,3964,3965,3966,3967,3968,3969,3970,3971,3972,3973,3974,3975,3976
1,101,'20260424',3977,3978,3979,3980,3981,3982,3983,3984,3985,3986,3987,3988,3989,3990,3991,3992,3993,3994,3995,3996,3997,3998,3999,4000,4001,4002,4003,4004,4005,4006,4007,4008,4009,4010,4011,4012,4013,4014,4015,4016,4017,4018,4019,4020,4021,4022,4023,4024,4025,4026
2,200,'20260409',4237,4238,4239,4240,4241,4242,4243,4244,4245,4246
2,200,'20260410',4247,4248,4249,4250,4251,4252,4253,4254,4255,4256
2,200,'20260413',4257,4258,4259,4260,4261,4262,4263,4264,4265,4266
2,200,'20260414',4267,4268,4269,4270,4271,4272,4273,4274,4275,4276
2,200,'20260415',4277,4278,4279,4280,4281,4282,4283,4284,4285,4286
2,200,'20260416',4287,4288,4289,4290,4291,4292,4293,4294,4295,4296
2,200,'20260417',4297,4298,4299,4300,4301,4302,4303,4304,4305,4306
2,200,'20260420',4307,4308,4309,4310,4311,4312,4313,4314,4315,4316
2,200,'20260421',4317,4318,4319,4320,4321,4322,4323,4324,4325,4326
2,200,'20260422',4327,4328,4329,4330,4331,4332,4333,4334,4335,4336
2,200,'20260423',4337,4338,4339,4340,4341,4342,4343,4344,4345,4346
2,200,'20260424',4347,4348,4349,4350,4351,4352,4353,4354,4355,4356
2,201,'20260409',4567,4568,4569,4570,4571,4572,4573,4574,4575,4576
2,201,'20260410',4577,4578,4579,4580,4581,4582,4583,4584,4585,4586
2,201,'20260413',4587,4588,4589,4590,4591,4592,4593,4594,4595,4596
2,201,'20260414',4597,4598,4599,4600,4601,4602,4603,4604,4605,4606
2,201,'20260415',4607,4608,4609,4610,4611,4612,4613,4614,4615,4616
2,201,'20260416',4617,4618,4619,4620,4621,4622,4623,4624,4625,4626
2,201,'20260417',4627,4628,4629,4630,4631,4632,4633,4634,4635,4636
2,201,'20260420',4637,4638,4639,4640,4641,4642,4643,4644,4645,4646
2,201,'20260421',4647,4648,4649,4650,4651,4652,4653,4654,4655,4656
2,201,'20260422',4657,4658,4659,4660,4661,4662,4663,4664,4665,4666
2,201,'20260423',4667,4668,4669,4670,4671,4672,4673,4674,4675,4676
2,201,'20260424',4677,4678,4679,4680,4681,4682,4683,4684,4685,4686
3,300,'20260409',5710,5711,5712,5713,5714,5715,5716,5717,5718,5719,5720,5721,5722,5723,5724,5725,5726,5727,5728,5729,5730,5731,5732,5733,5734,5735,5736,5737,5738,5739,5740,5741,5742,5743,5744,5745,5746,5747,5748
3,300,'20260410',5749,5750,5751,5752,5753,5754,5755,5756,5757,5758,5759,5760,5761,5762,5763,5764,5765,5766,5767,5768,5769,5770,5771,5772,5773,5774,5775,5776,5777,5778,5779,5780,5781,5782,5783,5784,5785,5786,5787
3,300,'20260411',5788,5789,5790,5791,5792,5793,5794,5795,5796,5797,5798,5799,5800,5801,5802,5803,5804,5805,5806,5807,5808,5809,5810,5811,5812
3,300,'20260412',5813,5814,5815,5816,5817,5818,5819,5820,5821,5822,5823,5824,5825,5826,5827,5828,5829,5830,5831,5832,5833,5834,5835,5836,5837
3,300,'20260413',5838,5839,5840,5841,5842,5843,5844,5845,5846,5847,5848,5849,5850,5851,5852,5853,5854,5855,5856,5857,5858,5859,5860,5861,5862,5863,5864,5865,5866,5867,5868,5869,5870,5871,5872,5873,5874,5875,5876
3,300,'20260414',5877,5878,5879,5880,5881,5882,5883,5884,5885,5886,5887,5888,5889,5890,5891,5892,5893,5894,5895,5896,5897,5898,5899,5900,5901,5902,5903,5904,5905,5906,5907,5908,5909,5910,5911,5912,5913,5914,5915
3,300,'20260415',5916,5917,5918,5919,5920,5921,5922,5923,5924,5925,5926,5927,5928,5929,5930,5931,5932,5933,5934,5935,5936,5937,5938,5939,5940,5941,5942,5943,5944,5945,5946,5947,5948,5949,5950,5951,5952,5953,5954
3,300,'20260416',5955,5956,5957,5958,5959,5960,5961,5962,5963,5964,5965,5966,5967,5968,5969,5970,5971,5972,5973,5974,5975,5976,5977,5978,5979,5980,5981,5982,5983,5984,5985,5986,5987,5988,5989,5990,5991,5992,5993
3,300,'20260417',5994,5995,5996,5997,5998,5999,6000,6001,6002,6003,6004,6005,6006,6007,6008,6009,6010,6011,6012,6013,6014,6015,6016,6017,6018,6019,6021,6022,6023,6024,6025,6026,6027,6028,6029,6030,6031,6032
3,300,'20260418',6042,6043,6044,6045,6046,6047,6048,6049,6050,6051,6052,6053,6054,6056,6057
3,300,'20260419',6067,6068,6069,6070,6071,6072,6073,6074,6075,6076,6077,6078,6079,6081,6082
3,300,'20260420',6083,6084,6085,6086,6087,6088,6089,6090,6091,6092,6093,6094,6095,6096,6097,6098,6099,6100,6101,6102,6103,6104,6105,6106,6107,6108,6109,6110,6111,6112,6113,6114,6115,6116,6117,6118,6119,6120,6121
3,300,'20260421',6122,6123,6124,6125,6126,6127,6128,6129,6130,6131,6132,6133,6134,6135,6136,6137,6138,6139,6140,6141,6142,6143,6144,6145,6146,6147,6148,6149,6150,6151,6152,6153,6154,6155,6156,6157,6158,6159,6160
3,300,'20260422',6161,6162,6163,6164,6165,6166,6167,6168,6169,6170,6171,6172,6173,6174,6175,6176,6177,6178,6179,6180,6181,6182,6183,6184,6185,6186,6187,6188,6189,6190,6191,6192,6193,6194,6195,6196,6197,6198,6199
3,300,'20260423',6200,6201,6202,6203,6204,6205,6206,6207,6208,6209,6210,6211,6212,6213,6214,6215,6216,6217,6218,6219,6220,6221,6222,6223,6224,6225,6226,6227,6228,6229,6230,6231,6232,6233,6234,6235,6236,6237,6238
3,300,'20260424',6239,6240,6241,6242,6243,6244,6245,6246,6247,6248,6249,6250,6251,6252,6253,6254,6255,6256,6257,6258,6259,6260,6261,6262,6263,6264,6265,6266,6267,6268,6269,6270,6271,6272,6273,6274,6275,6276,6277
3,301,'20260409',7302,7303,7304,7305,7306,7307,7308,7309,7310,7311,7312,7313,7314,7315,7316,7317,7318,7319,7320,7321,7322,7323,7324,7325,7326,7327,7328,7329,7330,7331,7332,7333,7334,7335,7336,7337,7338,7339,7340
3,301,'20260410',7341,7342,7343,7344,7345,7346,7347,7348,7349,7350,7351,7352,7353,7354,7355,7356,7357,7358,7359,7360,7361,7362,7363,7364,7365,7366,7367,7368,7369,7370,7371,7372,7373,7374,7375,7376,7377,7378,7379
3,301,'20260411',7380,7381,7382,7383,7384,7385,7386,7387,7388,7389,7390,7391,7392,7393,7394,7395,7396,7397,7398,7399,7400,7401,7402,7403,7404
3,301,'20260412',7405,7406,7407,7408,7409,7410,7411,7412,7413,7414,7415,7416,7417,7418,7419,7420,7421,7422,7423,7424,7425,7426,7427,7428,7429
3,301,'20260413',7430,7431,7432,7433,7434,7435,7436,7437,7438,7439,7440,7441,7442,7443,7444,7445,7446,7447,7448,7449,7450,7451,7452,7453,7454,7455,7456,7457,7458,7459,7460,7461,7462,7463,7464,7465,7466,7467,7468
3,301,'20260414',7469,7470,7471,7472,7473,7474,7475,7476,7477,7478,7479,7480,7481,7482,7483,7484,7485,7486,7487,7488,7489,7490,7491,7492,7493,7494,7495,7496,7497,7498,7499,7500,7501,7502,7503,7504,7505,7506,7507
3,301,'20260415',7508,7509,7510,7511,7512,7513,7514,7515,7516,7517,7518,7519,7520,7521,7522,7523,7524,7525,7526,7527,7528,7529,7530,7531,7532,7533,7534,7535,7536,7537,7538,7539,7540,7541,7542,7543,7544,7545,7546
3,301,'20260416',7547,7548,7549,7550,7551,7552,7553,7554,7555,7556,7557,7558,7559,7560,7561,7562,7563,7564,7565,7566,7567,7568,7569,7570,7571,7572,7573,7574,7575,7576,7577,7578,7579,7580,7581,7582,7583,7584,7585
3,301,'20260417',7586,7587,7588,7589,7590,7591,7592,7593,7594,7595,7596,7597,7598,7599,7600,7601,7602,7603,7604,7605,7606,7607,7608,7609,7610,7611,7612,7613,7614,7615,7616,7617,7618,7619,7620,7621,7622,7623,7624
3,301,'20260418',7635,7636,7637,7638,7639,7640,7641,7642,7643,7644,7645,7646,7647,7648,7649
3,301,'20260419',7660,7661,7662,7663,7664,7665,7666,7667,7668,7669,7670,7671,7672,7673,7674
3,301,'20260420',7675,7676,7677,7678,7679,7680,7681,7682,7683,7684,7685,7686,7687,7688,7689,7690,7691,7692,7693,7694,7695,7696,7697,7698,7699,7700,7701,7702,7703,7704,7705,7706,7707,7708,7709,7710,7711,7712,7713
3,301,'20260421',7714,7715,7716,7717,7718,7719,7720,7721,7722,7723,7724,7725,7726,7727,7728,7729,7730,7731,7732,7733,7734,7735,7736,7737,7738,7739,7740,7741,7742,7743,7744,7745,7746,7747,7748,7749,7750,7751,7752
3,301,'20260422',7753,7754,7755,7756,7757,7758,7759,7760,7761,7762,7763,7764,7765,7766,7767,7768,7769,7770,7771,7772,7773,7774,7775,7776,7777,7778,7779,7780,7781,7782,7783,7784,7785,7786,7787,7788,7789,7790,7791
3,301,'20260423',7792,7793,7794,7795,7796,7797,7798,7799,7800,7801,7802,7803,7804,7805,7806,7807,7808,7809,7810,7811,7812,7813,7814,7815,7816,7817,7818,7819,7820,7821,7822,7823,7824,7825,7826,7827,7828,7829,7830
3,301,'20260424',7831,7832,7833,7834,7835,7836,7837,7838,7839,7840,7841,7842,7843,7844,7845,7846,7847,7848,7849,7850,7851,7852,7853,7854,7855,7856,7857,7858,7859,7860,7861,7862,7863,7864,7865,7866,7867,7868,7869
5,500,'20260409',8362,8363,8364,8365,8366,8367,8368,8369,8370,8371,8372,8373,8374,8375,8376,8377,8378
5,500,'20260410',8379,8380,8381,8382,8383,8384,8385,8386,8387,8388,8389,8390,8391,8392,8393,8394,8395
5,500,'20260411',8396,8397,8398,8399,8400,8401,8402,8403,8404,8405,8406,8407,8408,8409,8410
5,500,'20260412',8411,8412,8413,8414,8415,8416,8417,8418,8419,8420,8421,8422,8423,8424,8425
5,500,'20260413',8426,8427,8428,8429,8430,8431,8432,8433,8434,8435,8436,8437,8438,8439,8440,8441,8442
5,500,'20260414',8443,8444,8445,8446,8447,8448,8449,8450,8451,8452,8453,8454,8455,8456,8457,8458,8459
5,500,'20260415',8460,8461,8462,8463,8464,8465,8466,8467,8468,8469,8470,8471,8472,8473,8474,8475,8476
5,500,'20260416',8477,8478,8479,8480,8481,8482,8483,8484,8485,8486,8487,8488,8489,8490,8491,8492,8493
5,500,'20260417',8494,8495,8496,8497,8498,8499,8500,8501,8502,8503,8504,8505,8506,8507,8508,8509,8510
5,500,'20260418',8511,8512,8513,8514,8515,8516,8517,8518,8519,8520,8521,8522,8523,8524,8525
5,500,'20260419',8526,8527,8528,8529,8530,8531,8532,8533,8534,8535,8536,8537,8538,8539,8540
5,500,'20260420',8541,8542,8543,8544,8545,8546,8547,8548,8549,8550,8551,8552,8553,8554,8555,8556,8557
5,500,'20260421',8558,8559,8560,8561,8562,8563,8564,8565,8566,8567,8568,8569,8570,8571,8572,8573,8574
5,500,'20260422',8575,8576,8577,8578,8579,8580,8581,8582,8583,8584,8585,8586,8587,8588,8589,8590,8591
5,500,'20260423',8592,8593,8594,8595,8596,8597,8598,8599,8600,8601,8602,8603,8604,8605,8606,8607,8608
5,500,'20260424',8609,8610,8611,8612,8613,8614,8615,8616,8617,8618,8619,8620,8621,8622,8623,8624,8625
5,501,'20260409',9118,9119,9120,9121,9122,9123,9124,9125,9126,9127,9128,9129,9130,9131,9132,9133,9134
5,501,'20260410',9135,9136,9137,9138,9139,9140,9141,9142,9143,9144,9145,9146,9147,9148,9149,9150,9151
5,501,'20260411',9152,9153,9154,9155,9156,9157,9158,9159,9160,9161,9162,9163,9164,9165,9166
5,501,'20260412',9167,9168,9169,9170,9171,9172,9173,9174,9175,9176,9177,9178,9179,9180,9181
5,501,'20260413',9182,9183,9184,9185,9186,9187,9188,9189,9190,9191,9192,9193,9194,9195,9196,9197,9198
5,501,'20260414',9199,9200,9201,9202,9203,9204,9205,9206,9207,9208,9209,9210,9211,9212,9213,9214,9215
5,501,'20260415',9216,9217,9218,9219,9220,9221,9222,9223,9224,9225,9226,9227,9228,9229,9230,9231,9232
5,501,'20260416',9233,9234,9235,9236,9237,9238,9239,9240,9241,9242,9243,9244,9245,9246,9247,9248,9249
5,501,'20260417',9250,9251,9252,9253,9254,9255,9256,9257,9258,9259,9260,9261,9262,9263,9264,9265,9266
5,501,'20260418',9267,9268,9269,9270,9271,9272,9273,9274,9275,9276,9277,9278,9279,9280,9281
5,501,'20260419',9282,9283,9284,9285,9286,9287,9288,9289,9290,9291,9292,9293,9294,9295,9296
5,501,'20260420',9297,9298,9299,9300,9301,9302,9303,9304,9305,9306,9307,9308,9309,9310,9311,9312,9313
5,501,'20260421',9314,9315,9316,9317,9318,9319,9320,9321,9322,9323,9324,9325,9326,9327,9328,9329,9330
5,501,'20260422',9331,9332,9333,9334,9335,9336,9337,9338,9339,9340,9341,9342,9343,9344,9345,9346,9347
5,501,'20260423',9348,9349,9350,9351,9352,9353,9354,9355,9356,9357,9358,9359,9360,9361,9362,9363,9364
5,501,'20260424',9365,9366,9367,9368,9369,9370,9371,9372,9373,9374,9375,9376,9377,9378,9379,9380,9381
6,600,'20260409',9487,9488,9489,9490,9491
6,600,'20260410',9492,9493,9494,9495,9496
6,600,'20260413',9497,9498,9499,9500,9501
6,600,'20260414',9502,9503,9504,9505,9506
6,600,'20260415',9507,9508,9509,9510,9511
6,600,'20260416',9512,9513,9514,9515,9516
6,600,'20260417',9517,9518,9519,9520,9521
6,600,'20260420',9522,9523,9524,9525,9526
6,600,'20260421',9527,9528,9529,9530,9531
6,600,'20260422',9532,9533,9534,9535,9536
6,600,'20260423',9537,9538,9539,9540,9541
6,600,'20260424',9542,9543,9544,9545,9546
6,601,'20260409',9631,9632,9633,9634
6,601,'20260410',9635,9636,9637,9638
6,601,'20260413',9639,9640,9641,9642
6,601,'20260414',9643,9644,9645,9646
6,601,'20260415',9647,9648,9649,9650
6,601,'20260416',9651,9652,9653,9654
6,601,'20260417',9655,9656,9657,9658
6,601,'20260420',9659,9660,9661,9662
6,601,'20260421',9663,9664,9665,9666
6,601,'20260422',9667,9668,9669,9670
6,601,'20260423',9671,9672,9673,9674
6,601,'20260424',9675,9676,9677,9678
7,700,'20260409',10234,10235,10236,10237,10238,10239,10240,10241,10242,10243,10244,10245,10246,10247,10248,10249,10250,10251,10252,10253
7,700,'20260410',10254,10255,10256,10257,10258,10259,10260,10261,10262,10263,10264,10265,10267,10268,10269,15167,10270,10272,10273
7,700,'20260413',10304,10305,10306,10307,10308,10309,10310,10311,10312,10313,10314,10315,10316,10317,10318,10319,10320,10321,10322,10323
7,700,'20260414',10324,10325,10326,10327,10328,10329,10330,10331,10332,10333,10334,10335,10336,10337,10338,10339,10340,10341,10342,10343
7,700,'20260415',10344,10345,10346,10347,10348,10349,10350,10351,10352,10353,10354,10355,10356,10357,10358,10359,10360,10361,10362,10363
7,700,'20260416',10364,10365,10366,10367,10368,10369,10370,10371,10372,10373,10374,10375,10376,10377,10378,10379,10380,10381,10382,10383
7,700,'20260417',10384,10385,10386,10387,10388,10389,10390,10391,10392,10393,10394,10395,10396,10397,10398,10399,10400,10401,10402,10403
7,700,'20260418',10404,10405,10406,10407,10408,10409,10410,10411,10412,10413,10414,10415,10416,10417,10418
7,700,'20260419',10419,10420,10421,10422,10423,10424,10425,10426,10427,10428,10429,10430,10431,10432,10433
7,700,'20260420',10434,10435,10436,10437,10438,10439,10440,10441,10442,10443,10444,10445,10446,10447,10448,10449,10450,10451,10452,10453
7,700,'20260421',10454,10455,10456,10457,10458,10459,10460,10461,10462,10463,10464,10465,10466,10467,10468,10469,10470,10471,10472,10473
7,700,'20260422',10474,10475,10476,10477,10478,10479,10480,10481,10482,10483,10484,10485,10486,10487,10488,10489,10490,10491,10492,10493
7,700,'20260423',10494,10495,10496,10497,10498,10499,10500,10501,10502,10503,10504,10505,10506,10507,10508,10509,10510,10511,10512,10513
7,700,'20260424',10514,10515,10516,10517,10518,10519,10520,10521,10522,10523,10524,10525,10526,10527,10528,10529,10530,10531,10532,10533
7,701,'20260409',11068,11069,11070,11071,11072,11073,11074,11075,11076,11077,11078,11079,11080,11081,11082,11083,11084,11085,11086
7,701,'20260410',11087,11088,11089,11090,11091,11092,11093,11094,11095,11096,11097,11098,11099,11100,11101,11102,11103,11104,11105
7,701,'20260413',11136,11137,11138,11139,11140,11141,11142,11143,11144,11145,11146,11147,11148,11149,11150,11151,11152,11153,11154
7,701,'20260414',11155,11156,11157,11158,11159,11160,11161,11162,11163,11164,11165,11166,11167,11168,11169,11170,11171,11172,11173
7,701,'20260415',11174,11175,11176,11177,11178,11179,11180,11181,11182,11183,11184,11185,11186,11187,11188,11189,11190,11191,11192
7,701,'20260416',11193,11194,11195,11196,11197,11198,11199,11200,11201,11202,11203,11204,11205,11206,11207,11208,11209,11210,11211
7,701,'20260417',11212,11213,11214,11215,11216,11217,11218,11219,11220,11221,11222,11223,11224,11225,11226,11227,11228,11229,11230
7,701,'20260418',11231,11232,11233,11234,11235,11236,11237,11238,11239,11240,11241,11242,11243,11244,11245
7,701,'20260419',11246,11247,11248,11249,11250,11251,11252,11253,11254,11255,11256,11257,11258,11259,11260
7,701,'20260420',11261,11262,11263,11264,11265,11266,11267,11268,11269,11270,11271,11272,11273,11274,11275,11276,11277,11278,11279
7,701,'20260421',11280,11281,11282,11283,11284,11285,11286,11287,11288,11289,11290,11291,11292,11293,11294,11295,11296,11297,11298
7,701,'20260422',11299,11300,11301,11302,11303,11304,11305,11306,11307,11308,11309,11310,11311,11312,11313,11314,11315,11316,11317
7,701,'20260423',11318,11319,11320,11321,11322,11323,11324,11325,11326,11327,11328,11329,11330,11331,11332,11333,11334,11335,11336
7,701,'20260424',11337,11338,11339,11340,11341,11342,11343,11344,11345,11346,11347,11348,11349,11350,11351,11352,11353,11354,11355
9,900,'20260409',12546,12547,12548,12549,12550,12551,12552,12553,12554,12555,12556,12557,12558,12559,12560,12561,12562,12563,12564,12565,12566,12567,12568,12569,12570,12571,12572,12573,12574,12575,12576,12577,12578,12579,12580,12581,12582,12583,12584,12585,12586,12587,12588,12589
9,900,'20260410',12590,12591,12592,12593,12594,12595,12596,12597,12598,12599,12600,12601,12602,12603,12604,12605,12606,12607,12608,12611,12612,12613,12614,12615,12616,12617,12618,12619,12620,12621,12622,12623,12624,12625,12626,12627,12628,12629,12632,12633,15168,12634
9,900,'20260413',12701,12702,12703,12704,12705,12706,12707,12708,12709,12710,12711,12712,12713,12714,12715,12716,12717,12718,12719,12720,12721,12722,12723,12724,12725,12726,12727,12728,12729,12730,12731,12732,12733,12734,12735,12736,12737,12738,12739,12740,12741,12742,12743,12744
9,900,'20260414',12745,12746,12747,12748,12749,12750,12751,12752,12753,12754,12755,12756,12757,12758,12759,12760,12761,12762,12763,12764,12765,12766,12767,12768,12769,12770,12771,12772,12773,12774,12775,12776,12777,12778,12779,12780,12781,12782,12783,12784,12785,12786,12787,12788
9,900,'20260415',12789,12790,12791,12792,12793,12794,12795,12796,12797,12798,12799,12800,12801,12802,12803,12804,12805,12806,12807,12808,12809,12810,12811,12812,12813,12814,12815,12816,12817,12818,12819,12820,12821,12822,12823,12824,12825,12826,12827,12828,12829,12830,12831,12832
9,900,'20260416',12833,12834,12835,12836,12837,12838,12839,12840,12841,12842,12843,12844,12845,12846,12847,12848,12849,12850,12851,12852,12853,12854,12855,12856,12857,12858,12859,12860,12861,12862,12863,12864,12865,12866,12867,12868,12869,12870,12871,12872,12873,12874,12875,12876
9,900,'20260417',12877,12878,12879,12880,12881,12882,12883,12884,12885,12886,12887,12888,12889,12890,12891,12892,12893,12894,12895,12896,12897,12898,12899,12900,12901,12902,12903,12904,12905,12906,12907,12908,12909,12910,12911,12912,12913,12914,12915,12916,12917,12918,12919,12920,12921
9,900,'20260418',12922,12923,12924,12925,12926,12927,12928,12929,12930,12931,12932,12933,12934,12935,12936,12937,12938,12939,12940,12941,12942,12943,12944,12945,12946,12947,12948,12949,12950,12951,12952,12953,12954
9,900,'20260419',12955,12956,12957,12958,12959,12960,12961,12962,12963,12964,12965,12966,12967,12968,12969,12970,12971,12972,12973,12974,12975,12976,12977,12978,12979,12980,12981,12982,12983,12984,12985,12986
9,900,'20260420',12988,12989,12990,12991,12992,12993,12994,12995,12996,12997,12998,12999,13000,13001,13002,13003,13004,13005,13006,13007,13008,13009,13010,13011,13012,13013,13014,13015,13016,13017,13018,13019,13020,13021,13022,13023,13024,13025,13026,13027,13028,13029,13030,13031
9,900,'20260421',13032,13033,13034,13035,13036,13037,13038,13039,13040,13041,13042,13043,13044,13045,13046,13047,13048,13049,13050,13051,13052,13053,13054,13055,13056,13057,13058,13059,13060,13061,13062,13063,13064,13065,13066,13067,13068,13069,13070,13071,13072,13073,13074,13075
9,900,'20260422',13076,13077,13078,13079,13080,13081,13082,13083,13084,13085,13086,13087,13088,13089,13090,13091,13092,13093,13094,13095,13096,13097,13098,13099,13100,13101,13102,13103,13104,13105,13106,13107,13108,13109,13110,13111,13112,13113,13114,13115,13116,13117,13118,13119
9,900,'20260423',13120,13121,13122,13123,13124,13125,13126,13127,13128,13129,13130,13131,13132,13133,13134,13135,13136,13137,13138,13139,13140,13141,13142,13143,13144,13145,13146,13147,13148,13149,13150,13151,13152,13153,13154,13155,13156,13157,13158,13159,13160,13161,13162,13163
9,900,'20260424',13164,13165,13166,13167,13168,13169,13170,13171,13172,13173,13174,13175,13176,13177,13178,13179,13180,13181,13182,13183,13184,13185,13186,13187,13188,13189,13190,13191,13192,13193,13194,13195,13196,13197,13198,13199,13200,13201,13202,13203,13204,13205,13206,13207,13208
9,901,'20260409',14398,14399,14400,14401,14402,14403,14404,14405,14406,14407,14408,14409,14410,14411,14412,14413,14414,14415,14416,14417,14418,14419,14420,14421,14422,14423,14424,14425,14426,14427,14428,14429,14430,14431,14432,14433,14434,14435,14436,14437,14438,14439,14440,14441
9,901,'20260410',14442,14443,14444,14445,14446,14447,14448,14449,14450,14451,14452,14453,14454,14455,14456,14457,14458,14459,14461,14462,14463,14464,14465,14466,14467,14468,14469,14470,14471,14472,14473,14474,14475,14476,14477,14478,14479,14480,14482,14483,14484,14485,14486
9,901,'20260413',14553,14554,14555,14556,14557,14558,14559,14560,14561,14562,14563,14564,14565,14566,14567,14568,14569,14570,14571,14572,14573,14574,14575,14576,14577,14578,14579,14580,14581,14582,14583,14584,14585,14586,14587,14588,14589,14590,14591,14592,14593,14594,14595,14596
9,901,'20260414',14597,14598,14599,14600,14601,14602,14603,14604,14605,14606,14607,14608,14609,14610,14611,14612,14613,14614,14615,14616,14617,14618,14619,14620,14621,14622,14623,14624,14625,14626,14627,14628,14629,14630,14631,14632,14633,14634,14635,14636,14637,14638,14639,14640
9,901,'20260415',14641,14642,14643,14644,14645,14646,14647,14648,14649,14650,14651,14652,14653,14654,14655,14656,14657,14658,14659,14660,14661,14662,14663,14664,14665,14666,14667,14668,14669,14670,14671,14672,14673,14674,14675,14676,14677,14678,14679,14680,14681,14682,14683,14684
9,901,'20260416',14685,14686,14687,14688,14689,14690,14691,14692,14693,14694,14695,14696,14697,14698,14699,14700,14701,14702,14703,14704,14705,14706,14707,14708,14709,14710,14711,14712,14713,14714,14715,14716,14717,14718,14719,14720,14721,14722,14723,14724,14725,14726,14727,14728
9,901,'20260417',14729,14730,14731,14732,14733,14734,14735,14736,14737,14738,14739,14740,14741,14742,14743,14744,14745,14746,14747,14748,14749,14750,14751,14752,14753,14754,14755,14756,14757,14758,14759,14760,14761,14762,14763,14764,14765,14766,14767,14768,14769,14770,14771,14772,14773
9,901,'20260418',14774,14775,14776,14777,14778,14779,14780,14781,14782,14783,14784,14785,14786,14787,14788,14789,14790,14791,14792,14793,14794,14795,14796,14797,14798,14799,14800,14801,14802,14803,14804,14805,14806
9,901,'20260419',14807,14808,14809,14810,14811,14812,14813,14814,14815,14816,14817,14818,14819,14820,14821,14822,14823,14824,14825,14826,14827,14828,14829,14830,14831,14832,14833,14834,14835,14836,14837,14838
9,901,'20260420',14840,14841,14842,14843,14844,14845,14846,14847,14848,14849,14850,14851,14852,14853,14854,14855,14856,14857,14858,14859,14860,14861,14862,14863,14864,14865,14866,14867,14868,14869,14870,14871,14872,14873,14874,14875,14876,14877,14878,14879,14880,14881,14882,14883
9,901,'20260421',14884,14885,14886,14887,14888,14889,14890,14891,14892,14893,14894,14895,14896,14897,14898,14899,14900,14901,14902,14903,14904,14905,14906,14907,14908,14909,14910,14911,14912,14913,14914,14915,14916,14917,14918,14919,14920,14921,14922,14923,14924,14925,14926,14927
9,901,'20260422',14928,14929,14930,14931,14932,14933,14934,14935,14936,14937,14938,14939,14940,14941,14942,14943,14944,14945,14946,14947,14948,14949,14950,14951,14952,14953,14954,14955,14956,14957,14958,14959,14960,14961,14962,14963,14964,14965,14966,14967,14968,14969,14970,14971
9,901,'20260423',14972,14973,14974,14975,14976,14977,14978,14979,14980,14981,14982,14983,14984,14985,14986,14987,14988,14989,14990,14991,14992,14993,14994,14995,14996,14997,14998,14999,15000,15001,15002,15003,15004,15005,15006,15007,15008,15009,15010,15011,15012,15013,15014,15015
9,901,'20260424',15016,15017,15018,15019,15020,15021,15022,15023,15024,15025,15026,15027,15028,15029,15030,15031,15032,15033,15034,15035,15036,15037,15038,15039,15040,15041,15042,15043,15044,15045,15046,15047,15048,15049,15050,15051,15052,15053,15054,15055,15056,15057,15058,15059,15060
