300,'20260625',1005,,43318,34,,,1,100,,43313,36,,,1,300,,43314,36,,,1,300,,43315,36,,,1,39,,43310,36,,,1,71,,43319,36,,,1,30,,43311,36,,,1,71,,43320,36,,,1,27,,43312,36,,,1,362,,43316,36,,,1,100,,43317,36,,,1
300,'20260626',1005,,43358,34,,,1,100,,43353,36,,,1,300,,43354,36,,,1,300,,43355,36,,,1,39,,43350,36,,,1,71,,43359,36,,,1,30,,43351,36,,,1,71,,43360,36,,,1,27,,43352,36,,,1,362,,43356,36,,,1,100,,43357,36,,,1
300,'20260627',1818,,43384,36,,,1,600,,43385,36,,,1
300,'20260628',1818,,43409,36,,,1,600,,43410,36,,,1
300,'20260629',1005,,43448,34,,,1,100,,43443,36,,,1,300,,43444,36,,,1,300,,43445,36,,,1,39,,43440,36,,,1,71,,43449,36,,,1,30,,43441,36,,,1,71,,43450,36,,,1,27,,43442,36,,,1,362,,43446,36,,,1,100,,43447,36,,,1
300,'20260630',1005,,43488,34,,,1,100,,43483,36,,,1,300,,43484,36,,,1,300,,43485,36,,,1,39,,43480,36,,,1,71,,43489,36,,,1,30,,43481,36,,,1,71,,43490,36,,,1,27,,43482,36,,,1,362,,43486,36,,,1,100,,43487,36,,,1
300,'20260701',1818,,43514,36,,,1,600,,43515,36,,,1
300,'20260702',1005,,43553,34,,,1,100,,43548,36,,,1,300,,43549,36,,,1,300,,43550,36,,,1,39,,43545,36,,,1,71,,43554,36,,,1,30,,43546,36,,,1,71,,43555,36,,,1,27,,43547,36,,,1,362,,43551,36,,,1,100,,43552,36,,,1
300,'20260703',1005,,43593,34,,,1,100,,43588,36,,,1,300,,43589,36,,,1,300,,43590,36,,,1,39,,43585,36,,,1,71,,43594,36,,,1,30,,43586,36,,,1,71,,43595,36,,,1,27,,43587,36,,,1,362,,43591,36,,,1,100,,43592,36,,,1
300,'20260704',1818,,43619,36,,,1,600,,43620,36,,,1
300,'20260705',1818,,43644,36,,,1,600,,43645,36,,,1
300,'20260706',1005,,43683,34,,,1,100,,43678,36,,,1,300,,43679,36,,,1,300,,43680,36,,,1,39,,43675,36,,,1,71,,43684,36,,,1,30,,43676,36,,,1,71,,43685,36,,,1,27,,43677,36,,,1,362,,43681,36,,,1,100,,43682,36,,,1
300,'20260707',1005,,43723,34,,,1,100,,43718,36,,,1,300,,43719,36,,,1,300,,43720,36,,,1,39,,43715,36,,,1,71,,43724,36,,,1,30,,43716,36,,,1,71,,43725,36,,,1,27,,43717,36,,,1,362,,43721,36,,,1,100,,43722,36,,,1
300,'20260708',1005,,43763,34,,,1,100,,43758,36,,,1,300,,43759,36,,,1,300,,43760,36,,,1,39,,43755,36,,,1,71,,43764,36,,,1,30,,43756,36,,,1,71,,43765,36,,,1,27,,43757,36,,,1,362,,43761,36,,,1,100,,43762,36,,,1
300,'20260709',1005,,43803,34,,,1,100,,43798,36,,,1,300,,43799,36,,,1,300,,43800,36,,,1,39,,43795,36,,,1,71,,43804,36,,,1,30,,43796,36,,,1,71,,43805,36,,,1,27,,43797,36,,,1,362,,43801,36,,,1,100,,43802,36,,,1
300,'20260710',1005,,43843,34,,,1,100,,43838,36,,,1,300,,43839,36,,,1,300,,43840,36,,,1,39,,43835,36,,,1,71,,43844,36,,,1,30,,43836,36,,,1,71,,43845,36,,,1,27,,43837,36,,,1,362,,43841,36,,,1,100,,43842,36,,,1
300,'20260711',1818,,43869,36,,,1,600,,43870,36,,,1
300,'20260712',1818,,43894,36,,,1,600,,43895,36,,,1
300,'20260713',1005,,43933,34,,,1,100,,43928,36,,,1,300,,43929,36,,,1,300,,43930,36,,,1,39,,43925,36,,,1,71,,43934,36,,,1,30,,43926,36,,,1,71,,43935,36,,,1,27,,43927,36,,,1,362,,43931,36,,,1,100,,43932,36,,,1
300,'20260714',1005,,43973,34,,,1,100,,43968,36,,,1,300,,43969,36,,,1,300,,43970,36,,,1,39,,43965,36,,,1,71,,43974,36,,,1,30,,43966,36,,,1,71,,43975,36,,,1,27,,43967,36,,,1,362,,43971,36,,,1,100,,43972,36,,,1
300,'20260715',1005,,44013,34,,,1,100,,44008,36,,,1,300,,44009,36,,,1,300,,44010,36,,,1,39,,44005,36,,,1,71,,44014,36,,,1,30,,44006,36,,,1,71,,44015,36,,,1,27,,44007,36,,,1,362,,44011,36,,,1,100,,44012,36,,,1
300,'20260716',1005,,44053,34,,,1,100,,44048,36,,,1,300,,44049,36,,,1,300,,44050,36,,,1,39,,44045,36,,,1,71,,44054,36,,,1,30,,44046,36,,,1,71,,44055,36,,,1,27,,44047,36,,,1,362,,44051,36,,,1,100,,44052,36,,,1
300,'20260717',1005,,44093,34,,,1,100,,44088,36,,,1,300,,44089,36,,,1,300,,44090,36,,,1,39,,44085,36,,,1,71,,44094,36,,,1,30,,44086,36,,,1,71,,44095,36,,,1,27,,44087,36,,,1,362,,44091,36,,,1,100,,44092,36,,,1
300,'20260718',1818,,44119,36,,,1,600,,44120,36,,,1
300,'20260719',1818,,44144,36,,,1,600,,44145,36,,,1
300,'20260720',1005,,44183,34,,,1,100,,44178,36,,,1,300,,44179,36,,,1,300,,44180,36,,,1,39,,44175,36,,,1,71,,44184,36,,,1,30,,44176,36,,,1,71,,44185,36,,,1,27,,44177,36,,,1,362,,44181,36,,,1,100,,44182,36,,,1
300,'20260721',1005,,44223,34,,,1,100,,44218,36,,,1,300,,44219,36,,,1,300,,44220,36,,,1,39,,44215,36,,,1,71,,44224,36,,,1,30,,44216,36,,,1,71,,44225,36,,,1,27,,44217,36,,,1,362,,44221,36,,,1,100,,44222,36,,,1
300,'20260722',1005,,44263,34,,,1,100,,44258,36,,,1,300,,44259,36,,,1,300,,44260,36,,,1,39,,44255,36,,,1,71,,44264,36,,,1,30,,44256,36,,,1,71,,44265,36,,,1,27,,44257,36,,,1,362,,44261,36,,,1,100,,44262,36,,,1
300,'20260723',1005,,44303,34,,,1,100,,44298,36,,,1,300,,44299,36,,,1,300,,44300,36,,,1,39,,44295,36,,,1,71,,44304,36,,,1,30,,44296,36,,,1,71,,44305,36,,,1,27,,44297,36,,,1,362,,44301,36,,,1,100,,44302,36,,,1
300,'20260724',1005,,44343,34,,,1,100,,44338,36,,,1,300,,44339,36,,,1,300,,44340,36,,,1,39,,44335,36,,,1,71,,44344,36,,,1,30,,44336,36,,,1,71,,44345,36,,,1,27,,44337,36,,,1,362,,44341,36,,,1,100,,44342,36,,,1
300,'20260725',1818,,44369,36,,,1,600,,44370,36,,,1
300,'20260726',1818,,44394,36,,,1,600,,44395,36,,,1
300,'20260727',1005,,44433,34,,,1,100,,44428,36,,,1,300,,44429,36,,,1,300,,44430,36,,,1,39,,44425,36,,,1,71,,44434,36,,,1,30,,44426,36,,,1,71,,44435,36,,,1,27,,44427,36,,,1,362,,44431,36,,,1,100,,44432,36,,,1
300,'20260728',1005,,44473,34,,,1,100,,44468,36,,,1,300,,44469,36,,,1,300,,44470,36,,,1,39,,44465,36,,,1,71,,44474,36,,,1,30,,44466,36,,,1,71,,44475,36,,,1,27,,44467,36,,,1,362,,44471,36,,,1,100,,44472,36,,,1
300,'20260729',1005,,44513,34,,,1,100,,44508,36,,,1,300,,44509,36,,,1,300,,44510,36,,,1,39,,44505,36,,,1,71,,44514,36,,,1,30,,44506,36,,,1,71,,44515,36,,,1,27,,44507,36,,,1,362,,44511,36,,,1,100,,44512,36,,,1
300,'20260730',1005,,44553,34,,,1,100,,44548,36,,,1,300,,44549,36,,,1,300,,44550,36,,,1,39,,44545,36,,,1,71,,44554,36,,,1,30,,44546,36,,,1,71,,44555,36,,,1,27,,44547,36,,,1,362,,44551,36,,,1,100,,44552,36,,,1
300,'20260731',1005,,44593,34,,,1,100,,44588,36,,,1,300,,44589,36,,,1,300,,44590,36,,,1,39,,44585,36,,,1,71,,44594,36,,,1,30,,44586,36,,,1,71,,44595,36,,,1,27,,44587,36,,,1,362,,44591,36,,,1,100,,44592,36,,,1
300,'20260801',1818,,44619,36,,,1,600,,44620,36,,,1
300,'20260802',1818,,44644,36,,,1,600,,44645,36,,,1
300,'20260803',1005,,44683,34,,,1,100,,44678,36,,,1,300,,44679,36,,,1,300,,44680,36,,,1,39,,44675,36,,,1,71,,44684,36,,,1,30,,44676,36,,,1,71,,44685,36,,,1,27,,44677,36,,,1,362,,44681,36,,,1,100,,44682,36,,,1
300,'20260804',1005,,44723,34,,,1,100,,44718,36,,,1,300,,44719,36,,,1,300,,44720,36,,,1,39,,44715,36,,,1,71,,44724,36,,,1,30,,44716,36,,,1,71,,44725,36,,,1,27,,44717,36,,,1,362,,44721,36,,,1,100,,44722,36,,,1
300,'20260805',1005,,44763,34,,,1,100,,44758,36,,,1,300,,44759,36,,,1,300,,44760,36,,,1,39,,44755,36,,,1,71,,44764,36,,,1,30,,44756,36,,,1,71,,44765,36,,,1,27,,44757,36,,,1,362,,44761,36,,,1,100,,44762,36,,,1
300,'20260806',1005,,44803,34,,,1,100,,44798,36,,,1,300,,44799,36,,,1,300,,44800,36,,,1,39,,44795,36,,,1,71,,44804,36,,,1,30,,44796,36,,,1,71,,44805,36,,,1,27,,44797,36,,,1,362,,44801,36,,,1,100,,44802,36,,,1
300,'20260807',1005,,44843,34,,,1,100,,44838,36,,,1,300,,44839,36,,,1,300,,44840,36,,,1,39,,44835,36,,,1,71,,44844,36,,,1,30,,44836,36,,,1,71,,44845,36,,,1,27,,44837,36,,,1,362,,44841,36,,,1,100,,44842,36,,,1
300,'20260808',1818,,44869,36,,,1,600,,44870,36,,,1
300,'20260809',1818,,44894,36,,,1,600,,44895,36,,,1
300,'20260810',1005,,44933,34,,,1,100,,44928,36,,,1,300,,44929,36,,,1,300,,44930,36,,,1,39,,44925,36,,,1,71,,44934,36,,,1,30,,44926,36,,,1,71,,44935,36,,,1,27,,44927,36,,,1,362,,44931,36,,,1,100,,44932,36,,,1
300,'20260811',1005,,44973,34,,,1,100,,44968,36,,,1,300,,44969,36,,,1,300,,44970,36,,,1,39,,44965,36,,,1,71,,44974,36,,,1,30,,44966,36,,,1,71,,44975,36,,,1,27,,44967,36,,,1,362,,44971,36,,,1,100,,44972,36,,,1
300,'20260812',1005,,45013,34,,,1,100,,45008,36,,,1,300,,45009,36,,,1,300,,45010,36,,,1,39,,45005,36,,,1,71,,45014,36,,,1,30,,45006,36,,,1,71,,45015,36,,,1,27,,45007,36,,,1,362,,45011,36,,,1,100,,45012,36,,,1
300,'20260813',1005,,45053,34,,,1,100,,45048,36,,,1,300,,45049,36,,,1,300,,45050,36,,,1,39,,45045,36,,,1,71,,45054,36,,,1,30,,45046,36,,,1,71,,45055,36,,,1,27,,45047,36,,,1,362,,45051,36,,,1,100,,45052,36,,,1
300,'20260814',1005,,45093,34,,,1,100,,45088,36,,,1,300,,45089,36,,,1,300,,45090,36,,,1,39,,45085,36,,,1,71,,45094,36,,,1,30,,45086,36,,,1,71,,45095,36,,,1,27,,45087,36,,,1,362,,45091,36,,,1,100,,45092,36,,,1
300,'20260815',1818,,45119,36,,,1,600,,45120,36,,,1
300,'20260816',1818,,45144,36,,,1,600,,45145,36,,,1
300,'20260817',1005,,45183,34,,,1,100,,45178,36,,,1,300,,45179,36,,,1,300,,45180,36,,,1,39,,45175,36,,,1,71,,45184,36,,,1,30,,45176,36,,,1,71,,45185,36,,,1,27,,45177,36,,,1,362,,45181,36,,,1,100,,45182,36,,,1
300,'20260818',1005,,45223,34,,,1,100,,45218,36,,,1,300,,45219,36,,,1,300,,45220,36,,,1,39,,45215,36,,,1,71,,45224,36,,,1,30,,45216,36,,,1,71,,45225,36,,,1,27,,45217,36,,,1,362,,45221,36,,,1,100,,45222,36,,,1
300,'20260819',1005,,45263,34,,,1,100,,45258,36,,,1,300,,45259,36,,,1,300,,45260,36,,,1,39,,45255,36,,,1,71,,45264,36,,,1,30,,45256,36,,,1,71,,45265,36,,,1,27,,45257,36,,,1,362,,45261,36,,,1,100,,45262,36,,,1
300,'20260820',1005,,45303,34,,,1,100,,45298,36,,,1,300,,45299,36,,,1,300,,45300,36,,,1,39,,45295,36,,,1,71,,45304,36,,,1,30,,45296,36,,,1,71,,45305,36,,,1,27,,45297,36,,,1,362,,45301,36,,,1,100,,45302,36,,,1
300,'20260821',1005,,45343,34,,,1,100,,45338,36,,,1,300,,45339,36,,,1,300,,45340,36,,,1,39,,45335,36,,,1,71,,45344,36,,,1,30,,45336,36,,,1,71,,45345,36,,,1,27,,45337,36,,,1,362,,45341,36,,,1,100,,45342,36,,,1
300,'20260822',1818,,45369,36,,,1,600,,45370,36,,,1
300,'20260823',1818,,45394,36,,,1,600,,45395,36,,,1
300,'20260824',1005,,45433,34,,,1,100,,45428,36,,,1,300,,45429,36,,,1,300,,45430,36,,,1,39,,45425,36,,,1,71,,45434,36,,,1,30,,45426,36,,,1,71,,45435,36,,,1,27,,45427,36,,,1,362,,45431,36,,,1,100,,45432,36,,,1
300,'20260825',1005,,45473,34,,,1,100,,45468,36,,,1,300,,45469,36,,,1,300,,45470,36,,,1,39,,45465,36,,,1,71,,45474,36,,,1,30,,45466,36,,,1,71,,45475,36,,,1,27,,45467,36,,,1,362,,45471,36,,,1,100,,45472,36,,,1
300,'20260826',1005,,45513,34,,,1,100,,45508,36,,,1,300,,45509,36,,,1,300,,45510,36,,,1,39,,45505,36,,,1,71,,45514,36,,,1,30,,45506,36,,,1,71,,45515,36,,,1,27,,45507,36,,,1,362,,45511,36,,,1,100,,45512,36,,,1
300,'20260827',1005,,45553,34,,,1,100,,45548,36,,,1,300,,45549,36,,,1,300,,45550,36,,,1,39,,45545,36,,,1,71,,45554,36,,,1,30,,45546,36,,,1,71,,45555,36,,,1,27,,45547,36,,,1,362,,45551,36,,,1,100,,45552,36,,,1
300,'20260828',1005,,45593,34,,,1,100,,45588,36,,,1,300,,45589,36,,,1,300,,45590,36,,,1,39,,45585,36,,,1,71,,45594,36,,,1,30,,45586,36,,,1,71,,45595,36,,,1,27,,45587,36,,,1,362,,45591,36,,,1,100,,45592,36,,,1
300,'20260829',1818,,45619,36,,,1,600,,45620,36,,,1
300,'20260830',1818,,45644,36,,,1,600,,45645,36,,,1
300,'20260831',1005,,45683,34,,,1,100,,45678,36,,,1,300,,45679,36,,,1,300,,45680,36,,,1,39,,45675,36,,,1,71,,45684,36,,,1,30,,45676,36,,,1,71,,45685,36,,,1,27,,45677,36,,,1,362,,45681,36,,,1,100,,45682,36,,,1
300,'20260901',1005,,45723,34,,,1,100,,45718,36,,,1,300,,45719,36,,,1,300,,45720,36,,,1,39,,45715,36,,,1,71,,45724,36,,,1,30,,45716,36,,,1,71,,45725,36,,,1,27,,45717,36,,,1,362,,45721,36,,,1,100,,45722,36,,,1
300,'20260902',1005,,45763,34,,,1,100,,45758,36,,,1,300,,45759,36,,,1,300,,45760,36,,,1,39,,45755,36,,,1,71,,45764,36,,,1,30,,45756,36,,,1,71,,45765,36,,,1,27,,45757,36,,,1,362,,45761,36,,,1,100,,45762,36,,,1
300,'20260903',1005,,45803,34,,,1,100,,45798,36,,,1,300,,45799,36,,,1,300,,45800,36,,,1,39,,45795,36,,,1,71,,45804,36,,,1,30,,45796,36,,,1,71,,45805,36,,,1,27,,45797,36,,,1,362,,45801,36,,,1,100,,45802,36,,,1
300,'20260904',1005,,45843,34,,,1,100,,45838,36,,,1,300,,45839,36,,,1,300,,45840,36,,,1,39,,45835,36,,,1,71,,45844,36,,,1,30,,45836,36,,,1,71,,45845,36,,,1,27,,45837,36,,,1,362,,45841,36,,,1,100,,45842,36,,,1
301,'20260625',534,,46295,7,,,1,92,,46302,7,,,1,31,,46296,7,,,1,70,,46303,7,,,1,30,,46297,7,,,1,70,,46304,7,,,1,28,,46305,7,,,1,352,,46299,7,,,1,300,,46300,7,,,1,95,,46298,7,,,1,505,,46301,7,,,1
301,'20260626',534,,46335,7,,,1,92,,46342,7,,,1,31,,46336,7,,,1,70,,46343,7,,,1,30,,46337,7,,,1,70,,46344,7,,,1,28,,46345,7,,,1,352,,46339,7,,,1,300,,46340,7,,,1,95,,46338,7,,,1,505,,46341,7,,,1
301,'20260627',808,,46369,7,,,1,800,,46370,7,,,1
301,'20260628',808,,46394,7,,,1,800,,46395,7,,,1
301,'20260629',534,,46425,7,,,1,92,,46432,7,,,1,31,,46426,7,,,1,70,,46433,7,,,1,30,,46427,7,,,1,70,,46434,7,,,1,28,,46435,7,,,1,352,,46429,7,,,1,300,,46430,7,,,1,95,,46428,7,,,1,505,,46431,7,,,1
301,'20260630',534,,46465,7,,,1,92,,46472,7,,,1,31,,46466,7,,,1,70,,46473,7,,,1,30,,46467,7,,,1,70,,46474,7,,,1,28,,46475,7,,,1,352,,46469,7,,,1,300,,46470,7,,,1,95,,46468,7,,,1,505,,46471,7,,,1
301,'20260701',808,,46499,7,,,1,800,,46500,7,,,1
301,'20260702',534,,46530,7,,,1,92,,46537,7,,,1,31,,46531,7,,,1,70,,46538,7,,,1,30,,46532,7,,,1,70,,46539,7,,,1,28,,46540,7,,,1,352,,46534,7,,,1,300,,46535,7,,,1,95,,46533,7,,,1,505,,46536,7,,,1
301,'20260703',534,,46570,7,,,1,92,,46577,7,,,1,31,,46571,7,,,1,70,,46578,7,,,1,30,,46572,7,,,1,70,,46579,7,,,1,28,,46580,7,,,1,352,,46574,7,,,1,300,,46575,7,,,1,95,,46573,7,,,1,505,,46576,7,,,1
301,'20260704',808,,46604,7,,,1,800,,46605,7,,,1
301,'20260705',808,,46629,7,,,1,800,,46630,7,,,1
301,'20260706',534,,46660,7,,,1,92,,46667,7,,,1,31,,46661,7,,,1,70,,46668,7,,,1,30,,46662,7,,,1,70,,46669,7,,,1,28,,46670,7,,,1,352,,46664,7,,,1,300,,46665,7,,,1,95,,46663,7,,,1,505,,46666,7,,,1
301,'20260707',534,,46700,7,,,1,92,,46707,7,,,1,31,,46701,7,,,1,70,,46708,7,,,1,30,,46702,7,,,1,70,,46709,7,,,1,28,,46710,7,,,1,352,,46704,7,,,1,300,,46705,7,,,1,95,,46703,7,,,1,505,,46706,7,,,1
301,'20260708',534,,46740,7,,,1,92,,46747,7,,,1,31,,46741,7,,,1,70,,46748,7,,,1,30,,46742,7,,,1,70,,46749,7,,,1,28,,46750,7,,,1,352,,46744,7,,,1,300,,46745,7,,,1,95,,46743,7,,,1,505,,46746,7,,,1
301,'20260709',534,,46780,7,,,1,92,,46787,7,,,1,31,,46781,7,,,1,70,,46788,7,,,1,30,,46782,7,,,1,70,,46789,7,,,1,28,,46790,7,,,1,352,,46784,7,,,1,300,,46785,7,,,1,95,,46783,7,,,1,505,,46786,7,,,1
301,'20260710',534,,46820,7,,,1,92,,46827,7,,,1,31,,46821,7,,,1,70,,46828,7,,,1,30,,46822,7,,,1,70,,46829,7,,,1,28,,46830,7,,,1,352,,46824,7,,,1,300,,46825,7,,,1,95,,46823,7,,,1,505,,46826,7,,,1
301,'20260711',808,,46854,7,,,1,800,,46855,7,,,1
301,'20260712',808,,46879,7,,,1,800,,46880,7,,,1
301,'20260713',534,,46910,7,,,1,92,,46917,7,,,1,31,,46911,7,,,1,70,,46918,7,,,1,30,,46912,7,,,1,70,,46919,7,,,1,28,,46920,7,,,1,352,,46914,7,,,1,300,,46915,7,,,1,95,,46913,7,,,1,505,,46916,7,,,1
301,'20260714',534,,46950,7,,,1,92,,46957,7,,,1,31,,46951,7,,,1,70,,46958,7,,,1,30,,46952,7,,,1,70,,46959,7,,,1,28,,46960,7,,,1,352,,46954,7,,,1,300,,46955,7,,,1,95,,46953,7,,,1,505,,46956,7,,,1
301,'20260715',534,,46990,7,,,1,92,,46997,7,,,1,31,,46991,7,,,1,70,,46998,7,,,1,30,,46992,7,,,1,70,,46999,7,,,1,28,,47000,7,,,1,352,,46994,7,,,1,300,,46995,7,,,1,95,,46993,7,,,1,505,,46996,7,,,1
301,'20260716',534,,47030,7,,,1,92,,47037,7,,,1,31,,47031,7,,,1,70,,47038,7,,,1,30,,47032,7,,,1,70,,47039,7,,,1,28,,47040,7,,,1,352,,47034,7,,,1,300,,47035,7,,,1,95,,47033,7,,,1,505,,47036,7,,,1
301,'20260717',534,,47070,7,,,1,92,,47077,7,,,1,31,,47071,7,,,1,70,,47078,7,,,1,30,,47072,7,,,1,70,,47079,7,,,1,28,,47080,7,,,1,352,,47074,7,,,1,300,,47075,7,,,1,95,,47073,7,,,1,505,,47076,7,,,1
301,'20260718',808,,47104,7,,,1,800,,47105,7,,,1
301,'20260719',808,,47129,7,,,1,800,,47130,7,,,1
301,'20260720',534,,47160,7,,,1,92,,47167,7,,,1,31,,47161,7,,,1,70,,47168,7,,,1,30,,47162,7,,,1,70,,47169,7,,,1,28,,47170,7,,,1,352,,47164,7,,,1,300,,47165,7,,,1,95,,47163,7,,,1,505,,47166,7,,,1
301,'20260721',534,,47200,7,,,1,92,,47207,7,,,1,31,,47201,7,,,1,70,,47208,7,,,1,30,,47202,7,,,1,70,,47209,7,,,1,28,,47210,7,,,1,352,,47204,7,,,1,300,,47205,7,,,1,95,,47203,7,,,1,505,,47206,7,,,1
301,'20260722',534,,47240,7,,,1,92,,47247,7,,,1,31,,47241,7,,,1,70,,47248,7,,,1,30,,47242,7,,,1,70,,47249,7,,,1,28,,47250,7,,,1,352,,47244,7,,,1,300,,47245,7,,,1,95,,47243,7,,,1,505,,47246,7,,,1
301,'20260723',534,,47280,7,,,1,92,,47287,7,,,1,31,,47281,7,,,1,70,,47288,7,,,1,30,,47282,7,,,1,70,,47289,7,,,1,28,,47290,7,,,1,352,,47284,7,,,1,300,,47285,7,,,1,95,,47283,7,,,1,505,,47286,7,,,1
301,'20260724',534,,47320,7,,,1,92,,47327,7,,,1,31,,47321,7,,,1,70,,47328,7,,,1,30,,47322,7,,,1,70,,47329,7,,,1,28,,47330,7,,,1,352,,47324,7,,,1,300,,47325,7,,,1,95,,47323,7,,,1,505,,47326,7,,,1
301,'20260725',808,,47354,7,,,1,800,,47355,7,,,1
301,'20260726',808,,47379,7,,,1,800,,47380,7,,,1
301,'20260727',534,,47410,7,,,1,92,,47417,7,,,1,31,,47411,7,,,1,70,,47418,7,,,1,30,,47412,7,,,1,70,,47419,7,,,1,28,,47420,7,,,1,352,,47414,7,,,1,300,,47415,7,,,1,95,,47413,7,,,1,505,,47416,7,,,1
301,'20260728',534,,47450,7,,,1,92,,47457,7,,,1,31,,47451,7,,,1,70,,47458,7,,,1,30,,47452,7,,,1,70,,47459,7,,,1,28,,47460,7,,,1,352,,47454,7,,,1,300,,47455,7,,,1,95,,47453,7,,,1,505,,47456,7,,,1
301,'20260729',534,,47490,7,,,1,92,,47497,7,,,1,31,,47491,7,,,1,70,,47498,7,,,1,30,,47492,7,,,1,70,,47499,7,,,1,28,,47500,7,,,1,352,,47494,7,,,1,300,,47495,7,,,1,95,,47493,7,,,1,505,,47496,7,,,1
301,'20260730',534,,47530,7,,,1,92,,47537,7,,,1,31,,47531,7,,,1,70,,47538,7,,,1,30,,47532,7,,,1,70,,47539,7,,,1,28,,47540,7,,,1,352,,47534,7,,,1,300,,47535,7,,,1,95,,47533,7,,,1,505,,47536,7,,,1
301,'20260731',534,,47570,7,,,1,92,,47577,7,,,1,31,,47571,7,,,1,70,,47578,7,,,1,30,,47572,7,,,1,70,,47579,7,,,1,28,,47580,7,,,1,352,,47574,7,,,1,300,,47575,7,,,1,95,,47573,7,,,1,505,,47576,7,,,1
301,'20260801',808,,47604,7,,,1,800,,47605,7,,,1
301,'20260802',808,,47629,7,,,1,800,,47630,7,,,1
301,'20260803',534,,47660,7,,,1,92,,47667,7,,,1,31,,47661,7,,,1,70,,47668,7,,,1,30,,47662,7,,,1,70,,47669,7,,,1,28,,47670,7,,,1,352,,47664,7,,,1,300,,47665,7,,,1,95,,47663,7,,,1,505,,47666,7,,,1
301,'20260804',534,,47700,7,,,1,92,,47707,7,,,1,31,,47701,7,,,1,70,,47708,7,,,1,30,,47702,7,,,1,70,,47709,7,,,1,28,,47710,7,,,1,352,,47704,7,,,1,300,,47705,7,,,1,95,,47703,7,,,1,505,,47706,7,,,1
301,'20260805',534,,47740,7,,,1,92,,47747,7,,,1,31,,47741,7,,,1,70,,47748,7,,,1,30,,47742,7,,,1,70,,47749,7,,,1,28,,47750,7,,,1,352,,47744,7,,,1,300,,47745,7,,,1,95,,47743,7,,,1,505,,47746,7,,,1
301,'20260806',534,,47780,7,,,1,92,,47787,7,,,1,31,,47781,7,,,1,70,,47788,7,,,1,30,,47782,7,,,1,70,,47789,7,,,1,28,,47790,7,,,1,352,,47784,7,,,1,300,,47785,7,,,1,95,,47783,7,,,1,505,,47786,7,,,1
301,'20260807',534,,47820,7,,,1,92,,47827,7,,,1,31,,47821,7,,,1,70,,47828,7,,,1,30,,47822,7,,,1,70,,47829,7,,,1,28,,47830,7,,,1,352,,47824,7,,,1,300,,47825,7,,,1,95,,47823,7,,,1,505,,47826,7,,,1
301,'20260808',808,,47854,7,,,1,800,,47855,7,,,1
301,'20260809',808,,47879,7,,,1,800,,47880,7,,,1
301,'20260810',534,,47910,7,,,1,92,,47917,7,,,1,31,,47911,7,,,1,70,,47918,7,,,1,30,,47912,7,,,1,70,,47919,7,,,1,28,,47920,7,,,1,352,,47914,7,,,1,300,,47915,7,,,1,95,,47913,7,,,1,505,,47916,7,,,1
301,'20260811',534,,47950,7,,,1,92,,47957,7,,,1,31,,47951,7,,,1,70,,47958,7,,,1,30,,47952,7,,,1,70,,47959,7,,,1,28,,47960,7,,,1,352,,47954,7,,,1,300,,47955,7,,,1,95,,47953,7,,,1,505,,47956,7,,,1
301,'20260812',534,,47990,7,,,1,92,,47997,7,,,1,31,,47991,7,,,1,70,,47998,7,,,1,30,,47992,7,,,1,70,,47999,7,,,1,28,,48000,7,,,1,352,,47994,7,,,1,300,,47995,7,,,1,95,,47993,7,,,1,505,,47996,7,,,1
301,'20260813',534,,48030,7,,,1,92,,48037,7,,,1,31,,48031,7,,,1,70,,48038,7,,,1,30,,48032,7,,,1,70,,48039,7,,,1,28,,48040,7,,,1,352,,48034,7,,,1,300,,48035,7,,,1,95,,48033,7,,,1,505,,48036,7,,,1
301,'20260814',534,,48070,7,,,1,92,,48077,7,,,1,31,,48071,7,,,1,70,,48078,7,,,1,30,,48072,7,,,1,70,,48079,7,,,1,28,,48080,7,,,1,352,,48074,7,,,1,300,,48075,7,,,1,95,,48073,7,,,1,505,,48076,7,,,1
301,'20260815',808,,48104,7,,,1,800,,48105,7,,,1
301,'20260816',808,,48129,7,,,1,800,,48130,7,,,1
301,'20260817',534,,48160,7,,,1,92,,48167,7,,,1,31,,48161,7,,,1,70,,48168,7,,,1,30,,48162,7,,,1,70,,48169,7,,,1,28,,48170,7,,,1,352,,48164,7,,,1,300,,48165,7,,,1,95,,48163,7,,,1,505,,48166,7,,,1
301,'20260818',534,,48200,7,,,1,92,,48207,7,,,1,31,,48201,7,,,1,70,,48208,7,,,1,30,,48202,7,,,1,70,,48209,7,,,1,28,,48210,7,,,1,352,,48204,7,,,1,300,,48205,7,,,1,95,,48203,7,,,1,505,,48206,7,,,1
301,'20260819',534,,48240,7,,,1,92,,48247,7,,,1,31,,48241,7,,,1,70,,48248,7,,,1,30,,48242,7,,,1,70,,48249,7,,,1,28,,48250,7,,,1,352,,48244,7,,,1,300,,48245,7,,,1,95,,48243,7,,,1,505,,48246,7,,,1
301,'20260820',534,,48280,7,,,1,92,,48287,7,,,1,31,,48281,7,,,1,70,,48288,7,,,1,30,,48282,7,,,1,70,,48289,7,,,1,28,,48290,7,,,1,352,,48284,7,,,1,300,,48285,7,,,1,95,,48283,7,,,1,505,,48286,7,,,1
301,'20260821',534,,48320,7,,,1,92,,48327,7,,,1,31,,48321,7,,,1,70,,48328,7,,,1,30,,48322,7,,,1,70,,48329,7,,,1,28,,48330,7,,,1,352,,48324,7,,,1,300,,48325,7,,,1,95,,48323,7,,,1,505,,48326,7,,,1
301,'20260822',808,,48354,7,,,1,800,,48355,7,,,1
301,'20260823',808,,48379,7,,,1,800,,48380,7,,,1
301,'20260824',534,,48410,7,,,1,92,,48417,7,,,1,31,,48411,7,,,1,70,,48418,7,,,1,30,,48412,7,,,1,70,,48419,7,,,1,28,,48420,7,,,1,352,,48414,7,,,1,300,,48415,7,,,1,95,,48413,7,,,1,505,,48416,7,,,1
301,'20260825',534,,48450,7,,,1,92,,48457,7,,,1,31,,48451,7,,,1,70,,48458,7,,,1,30,,48452,7,,,1,70,,48459,7,,,1,28,,48460,7,,,1,352,,48454,7,,,1,300,,48455,7,,,1,95,,48453,7,,,1,505,,48456,7,,,1
301,'20260826',534,,48490,7,,,1,92,,48497,7,,,1,31,,48491,7,,,1,70,,48498,7,,,1,30,,48492,7,,,1,70,,48499,7,,,1,28,,48500,7,,,1,352,,48494,7,,,1,300,,48495,7,,,1,95,,48493,7,,,1,505,,48496,7,,,1
301,'20260827',534,,48530,7,,,1,92,,48537,7,,,1,31,,48531,7,,,1,70,,48538,7,,,1,30,,48532,7,,,1,70,,48539,7,,,1,28,,48540,7,,,1,352,,48534,7,,,1,300,,48535,7,,,1,95,,48533,7,,,1,505,,48536,7,,,1
301,'20260828',534,,48570,7,,,1,92,,48577,7,,,1,31,,48571,7,,,1,70,,48578,7,,,1,30,,48572,7,,,1,70,,48579,7,,,1,28,,48580,7,,,1,352,,48574,7,,,1,300,,48575,7,,,1,95,,48573,7,,,1,505,,48576,7,,,1
301,'20260829',808,,48604,7,,,1,800,,48605,7,,,1
301,'20260830',808,,48629,7,,,1,800,,48630,7,,,1
301,'20260831',534,,48660,7,,,1,92,,48667,7,,,1,31,,48661,7,,,1,70,,48668,7,,,1,30,,48662,7,,,1,70,,48669,7,,,1,28,,48670,7,,,1,352,,48664,7,,,1,300,,48665,7,,,1,95,,48663,7,,,1,505,,48666,7,,,1
301,'20260901',534,,48700,7,,,1,92,,48707,7,,,1,31,,48701,7,,,1,70,,48708,7,,,1,30,,48702,7,,,1,70,,48709,7,,,1,28,,48710,7,,,1,352,,48704,7,,,1,300,,48705,7,,,1,95,,48703,7,,,1,505,,48706,7,,,1
301,'20260902',534,,48740,7,,,1,92,,48747,7,,,1,31,,48741,7,,,1,70,,48748,7,,,1,30,,48742,7,,,1,70,,48749,7,,,1,28,,48750,7,,,1,352,,48744,7,,,1,300,,48745,7,,,1,95,,48743,7,,,1,505,,48746,7,,,1
301,'20260903',534,,48780,7,,,1,92,,48787,7,,,1,31,,48781,7,,,1,70,,48788,7,,,1,30,,48782,7,,,1,70,,48789,7,,,1,28,,48790,7,,,1,352,,48784,7,,,1,300,,48785,7,,,1,95,,48783,7,,,1,505,,48786,7,,,1
301,'20260904',534,,48820,7,,,1,92,,48827,7,,,1,31,,48821,7,,,1,70,,48828,7,,,1,30,,48822,7,,,1,70,,48829,7,,,1,28,,48830,7,,,1,352,,48824,7,,,1,300,,48825,7,,,1,95,,48823,7,,,1,505,,48826,7,,,1
