700,'20260529',956,,26468,25,4,,1,100,,26469,25,4,,1,100,,26470,25,4,,1,100,,26471,25,4,,1,100,,26472,25,4,,1,100,,26473,25,4,,1,99,,26479,25,,,1,100,,26480,25,,,1,70,,26484,25,,,1,30,,26481,25,,,1,72,,26485,25,,,1,84,,26474,25,4,,1,45,,26475,25,4,,1,100,,26476,25,4,,1,100,,26477,25,4,,1,100,,26478,25,4,,1,98,,26482,25,,,1,100,,26483,25,,,1
700,'20260530',955,,26486,25,4,,1,100,,26487,25,4,,1,100,,26488,25,4,,1,100,,26489,25,4,,1,100,,26490,25,4,,1,100,,26491,25,4,,1,100,,26492,25,4,,1,100,,26493,25,4,,1,100,,26494,25,4,,1,100,,26495,25,4,,1,100,,26496,25,4,,1,100,,26497,25,4,,1,99,,26498,25,,,1,100,,26499,25,,,1,100,,26500,25,,,1
700,'20260531',955,,26501,25,4,,1,100,,26502,25,4,,1,100,,26503,25,4,,1,100,,26504,25,4,,1,100,,26505,25,4,,1,100,,26506,25,4,,1,100,,26507,25,4,,1,100,,26508,25,4,,1,100,,26509,25,4,,1,100,,26510,25,4,,1,100,,26511,25,4,,1,100,,26512,25,4,,1,99,,26513,25,,,1,100,,26514,25,,,1,100,,26515,25,,,1
700,'20260601',956,,26518,25,4,,1,100,,26519,25,4,,1,100,,26520,25,4,,1,100,,26521,25,4,,1,100,,26522,25,4,,1,100,,26523,25,4,,1,99,,26529,25,,,1,100,,26530,25,,,1,70,,26534,25,,,1,30,,26531,25,,,1,72,,26535,25,,,1,84,,26524,25,4,,1,45,,26525,25,4,,1,100,,26526,25,4,,1,100,,26527,25,4,,1,100,,26528,25,4,,1,98,,26532,25,,,1,100,,26533,25,,,1
700,'20260602',956,,26538,25,4,,1,100,,26539,25,4,,1,100,,26540,25,4,,1,100,,26541,25,4,,1,100,,26542,25,4,,1,100,,26543,25,4,,1,99,,26549,25,,,1,100,,26550,25,,,1,70,,26554,25,,,1,30,,26551,25,,,1,72,,26555,25,,,1,84,,26544,25,4,,1,45,,26545,25,4,,1,100,,26546,25,4,,1,100,,26547,25,4,,1,100,,26548,25,4,,1,98,,26552,25,,,1,100,,26553,25,,,1
700,'20260603',956,,26558,25,4,,1,100,,26559,25,4,,1,100,,26560,25,4,,1,100,,26561,25,4,,1,100,,26562,25,4,,1,100,,26563,25,4,,1,99,,26569,25,,,1,100,,26570,25,,,1,70,,26574,25,,,1,30,,26571,25,,,1,72,,26575,25,,,1,84,,26564,25,4,,1,45,,26565,25,4,,1,100,,26566,25,4,,1,100,,26567,25,4,,1,100,,26568,25,4,,1,98,,26572,25,,,1,100,,26573,25,,,1
700,'20260604',956,,26578,25,4,,1,100,,26579,25,4,,1,100,,26580,25,4,,1,100,,26581,25,4,,1,100,,26582,25,4,,1,100,,26583,25,4,,1,99,,26589,25,,,1,100,,26590,25,,,1,70,,26594,25,,,1,30,,26591,25,,,1,72,,26595,25,,,1,84,,26584,25,4,,1,45,,26585,25,4,,1,100,,26586,25,4,,1,100,,26587,25,4,,1,100,,26588,25,4,,1,98,,26592,25,,,1,100,,26593,25,,,1
700,'20260605',956,,26598,25,4,,1,100,,26599,25,4,,1,100,,26600,25,4,,1,100,,26601,25,4,,1,100,,26602,25,4,,1,100,,26603,25,4,,1,99,,26609,25,,,1,100,,26610,25,,,1,70,,26614,25,,,1,30,,26611,25,,,1,72,,26615,25,,,1,84,,26604,25,4,,1,45,,26605,25,4,,1,100,,26606,25,4,,1,100,,26607,25,4,,1,101,,52187,25,,,1,97,,26612,25,,,1
700,'20260608',956,,26648,25,4,,1,100,,26649,25,4,,1,100,,26650,25,4,,1,100,,26651,25,4,,1,100,,26652,25,4,,1,100,,26653,25,4,,1,99,,26659,25,,,1,100,,26660,25,,,1,70,,26664,25,,,1,30,,26661,25,,,1,72,,26665,25,,,1,84,,26654,25,4,,1,45,,26655,25,4,,1,100,,26656,25,4,,1,100,,26657,25,4,,1,100,,26658,25,4,,1,98,,26662,25,,,1,100,,26663,25,,,1
700,'20260609',956,,26668,25,4,,1,100,,26669,25,4,,1,100,,26670,25,4,,1,100,,26671,25,4,,1,100,,26672,25,4,,1,100,,26673,25,4,,1,99,,26679,25,,,1,100,,26680,25,,,1,70,,26684,25,,,1,30,,26681,25,,,1,72,,26685,25,,,1,84,,26674,25,4,,1,45,,26675,25,4,,1,100,,26676,25,4,,1,100,,26677,25,4,,1,100,,26678,25,4,,1,98,,26682,25,,,1,100,,26683,25,,,1
700,'20260610',956,,26688,25,4,,1,100,,26689,25,4,,1,100,,26690,25,4,,1,100,,26691,25,4,,1,100,,26692,25,4,,1,100,,26693,25,4,,1,99,,26699,25,,,1,100,,26700,25,,,1,70,,26704,25,,,1,30,,26701,25,,,1,72,,26705,25,,,1,84,,26694,25,4,,1,45,,26695,25,4,,1,100,,26696,25,4,,1,100,,26697,25,4,,1,100,,26698,25,4,,1,98,,26702,25,,,1,100,,26703,25,,,1
700,'20260611',956,,26708,25,4,,1,100,,26709,25,4,,1,100,,26710,25,4,,1,100,,26711,25,4,,1,100,,26712,25,4,,1,100,,26713,25,4,,1,99,,26719,25,,,1,100,,26720,25,,,1,70,,26724,25,,,1,30,,26721,25,,,1,72,,26725,25,,,1,84,,26714,25,4,,1,45,,26715,25,4,,1,100,,26716,25,4,,1,100,,26717,25,4,,1,100,,26718,25,4,,1,98,,26722,25,,,1,100,,26723,25,,,1
700,'20260612',956,,26728,25,4,,1,100,,26729,25,4,,1,100,,26730,25,4,,1,100,,26731,25,4,,1,100,,26732,25,4,,1,100,,26733,25,4,,1,99,,26739,25,,,1,100,,26740,25,,,1,70,,26744,25,,,1,30,,26741,25,,,1,72,,26745,25,,,1,84,,26734,25,4,,1,45,,26735,25,4,,1,100,,26736,25,4,,1,100,,26737,25,4,,1,100,,26738,25,4,,1,98,,26742,25,,,1,100,,26743,25,,,1
700,'20260613',955,,52188,25,4,,1,100,,52189,25,4,,1,100,,52190,25,4,,1,100,,52191,25,4,,1,100,,52192,25,4,,1,100,,52193,25,4,,1,100,,52194,25,4,,1,100,,52195,25,4,,1,100,,52196,25,4,,1,100,,52197,25,4,,1,100,,52198,25,4,,1,100,,52199,25,4,,1,99,,52200,25,,,1,100,,52201,25,,,1,100,,52202,25,,,1
700,'20260614',955,,52203,25,4,,1,100,,52204,25,4,,1,100,,52205,25,4,,1,100,,52206,25,4,,1,100,,52207,25,4,,1,100,,52208,25,4,,1,100,,52209,25,4,,1,100,,52210,25,4,,1,100,,52211,25,4,,1,100,,52212,25,4,,1,100,,52213,25,4,,1,100,,52214,25,4,,1,99,,52215,25,,,1,100,,52216,25,,,1,100,,52217,25,,,1
700,'20260615',956,,52220,25,4,,1,100,,52221,25,4,,1,100,,52222,25,4,,1,100,,52223,25,4,,1,100,,52224,25,4,,1,100,,52225,25,4,,1,99,,52231,25,,,1,100,,52232,25,,,1,70,,52236,25,,,1,30,,52233,25,,,1,72,,52237,25,,,1,84,,52226,25,4,,1,45,,52227,25,4,,1,100,,52228,25,4,,1,100,,52229,25,4,,1,100,,52230,25,4,,1,98,,52234,25,,,1,100,,52235,25,,,1
700,'20260616',956,,52240,25,4,,1,100,,52241,25,4,,1,100,,52242,25,4,,1,100,,52243,25,4,,1,100,,52244,25,4,,1,100,,52245,25,4,,1,99,,52251,25,,,1,100,,52252,25,,,1,70,,52256,25,,,1,30,,52253,25,,,1,72,,52257,25,,,1,84,,52246,25,4,,1,45,,52247,25,4,,1,100,,52248,25,4,,1,100,,52249,25,4,,1,100,,52250,25,4,,1,98,,52254,25,,,1,100,,52255,25,,,1
700,'20260617',956,,52260,25,4,,1,100,,52261,25,4,,1,100,,52262,25,4,,1,100,,52263,25,4,,1,100,,52264,25,4,,1,100,,52265,25,4,,1,99,,52271,25,,,1,100,,52272,25,,,1,70,,52276,25,,,1,30,,52273,25,,,1,72,,52277,25,,,1,84,,52266,25,4,,1,45,,52267,25,4,,1,100,,52268,25,4,,1,100,,52269,25,4,,1,100,,52270,25,4,,1,98,,52274,25,,,1,100,,52275,25,,,1
700,'20260618',956,,52280,25,4,,1,100,,52281,25,4,,1,100,,52282,25,4,,1,100,,52283,25,4,,1,100,,52284,25,4,,1,100,,52285,25,4,,1,99,,52291,25,,,1,100,,52292,25,,,1,70,,52296,25,,,1,30,,52293,25,,,1,72,,52297,25,,,1,84,,52286,25,4,,1,45,,52287,25,4,,1,100,,52288,25,4,,1,100,,52289,25,4,,1,100,,52290,25,4,,1,98,,52294,25,,,1,100,,52295,25,,,1
700,'20260619',956,,52300,25,4,,1,100,,52301,25,4,,1,100,,52302,25,4,,1,100,,52303,25,4,,1,100,,52304,25,4,,1,100,,52305,25,4,,1,99,,52311,25,,,1,100,,52312,25,,,1,70,,52316,25,,,1,30,,52313,25,,,1,72,,52317,25,,,1,84,,52306,25,4,,1,45,,52307,25,4,,1,100,,52308,25,4,,1,100,,52309,25,4,,1,100,,52310,25,4,,1,98,,52314,25,,,1,100,,52315,25,,,1
700,'20260620',955,,52318,25,4,,1,100,,52319,25,4,,1,100,,52320,25,4,,1,100,,52321,25,4,,1,100,,52322,25,4,,1,100,,52323,25,4,,1,100,,52324,25,4,,1,100,,52325,25,4,,1,100,,52326,25,4,,1,100,,52327,25,4,,1,100,,52328,25,4,,1,100,,52329,25,4,,1,99,,52330,25,,,1,100,,52331,25,,,1,100,,52332,25,,,1
700,'20260621',955,,52333,25,4,,1,100,,52334,25,4,,1,100,,52335,25,4,,1,100,,52336,25,4,,1,100,,52337,25,4,,1,100,,52338,25,4,,1,100,,52339,25,4,,1,100,,52340,25,4,,1,100,,52341,25,4,,1,100,,52342,25,4,,1,100,,52343,25,4,,1,100,,52344,25,4,,1,99,,52345,25,,,1,100,,52346,25,,,1,100,,52347,25,,,1
700,'20260622',956,,52350,25,4,,1,100,,52351,25,4,,1,100,,52352,25,4,,1,100,,52353,25,4,,1,100,,52354,25,4,,1,100,,52355,25,4,,1,99,,52361,25,,,1,100,,52362,25,,,1,70,,52366,25,,,1,30,,52363,25,,,1,72,,52367,25,,,1,84,,52356,25,4,,1,45,,52357,25,4,,1,100,,52358,25,4,,1,100,,52359,25,4,,1,100,,52360,25,4,,1,98,,52364,25,,,1,100,,52365,25,,,1
700,'20260623',956,,52370,25,4,,1,100,,52371,25,4,,1,100,,52372,25,4,,1,100,,52373,25,4,,1,100,,52374,25,4,,1,100,,52375,25,4,,1,99,,52381,25,,,1,100,,52382,25,,,1,70,,52386,25,,,1,30,,52383,25,,,1,72,,52387,25,,,1,84,,52376,25,4,,1,45,,52377,25,4,,1,100,,52378,25,4,,1,100,,52379,25,4,,1,100,,52380,25,4,,1,98,,52384,25,,,1,100,,52385,25,,,1
700,'20260624',956,,52390,25,4,,1,100,,52391,25,4,,1,100,,52392,25,4,,1,100,,52393,25,4,,1,100,,52394,25,4,,1,100,,52395,25,4,,1,99,,52401,25,,,1,100,,52402,25,,,1,70,,52406,25,,,1,30,,52403,25,,,1,72,,52407,25,,,1,84,,52396,25,4,,1,45,,52397,25,4,,1,100,,52398,25,4,,1,100,,52399,25,4,,1,100,,52400,25,4,,1,98,,52404,25,,,1,100,,52405,25,,,1
700,'20260625',956,,52410,25,4,,1,100,,52411,25,4,,1,100,,52412,25,4,,1,100,,52413,25,4,,1,100,,52414,25,4,,1,100,,52415,25,4,,1,99,,52421,25,,,1,100,,52422,25,,,1,70,,52426,25,,,1,30,,52423,25,,,1,72,,52427,25,,,1,84,,52416,25,4,,1,45,,52417,25,4,,1,100,,52418,25,4,,1,100,,52419,25,4,,1,100,,52420,25,4,,1,98,,52424,25,,,1,100,,52425,25,,,1
700,'20260626',956,,52430,25,4,,1,100,,52431,25,4,,1,100,,52432,25,4,,1,100,,52433,25,4,,1,100,,52434,25,4,,1,100,,52435,25,4,,1,99,,52441,25,,,1,100,,52442,25,,,1,70,,52446,25,,,1,30,,52443,25,,,1,72,,52447,25,,,1,84,,52436,25,4,,1,45,,52437,25,4,,1,100,,52438,25,4,,1,100,,52439,25,4,,1,100,,52440,25,4,,1,98,,52444,25,,,1,100,,52445,25,,,1
700,'20260627',955,,52448,25,4,,1,100,,52449,25,4,,1,100,,52450,25,4,,1,100,,52451,25,4,,1,100,,52452,25,4,,1,100,,52453,25,4,,1,100,,52454,25,4,,1,100,,52455,25,4,,1,100,,52456,25,4,,1,100,,52457,25,4,,1,100,,52458,25,4,,1,100,,52459,25,4,,1,99,,52460,25,,,1,100,,52461,25,,,1,100,,52462,25,,,1
700,'20260628',955,,52463,25,4,,1,100,,52464,25,4,,1,100,,52465,25,4,,1,100,,52466,25,4,,1,100,,52467,25,4,,1,100,,52468,25,4,,1,100,,52469,25,4,,1,100,,52470,25,4,,1,100,,52471,25,4,,1,100,,52472,25,4,,1,100,,52473,25,4,,1,100,,52474,25,4,,1,99,,52475,25,,,1,100,,52476,25,,,1,100,,52477,25,,,1
700,'20260629',956,,52480,25,4,,1,100,,52481,25,4,,1,100,,52482,25,4,,1,100,,52483,25,4,,1,100,,52484,25,4,,1,100,,52485,25,4,,1,99,,52491,25,,,1,100,,52492,25,,,1,70,,52496,25,,,1,30,,52493,25,,,1,72,,52497,25,,,1,84,,52486,25,4,,1,45,,52487,25,4,,1,100,,52488,25,4,,1,100,,52489,25,4,,1,100,,52490,25,4,,1,98,,52494,25,,,1,100,,52495,25,,,1
700,'20260630',956,,52500,25,4,,1,100,,52501,25,4,,1,100,,52502,25,4,,1,100,,52503,25,4,,1,100,,52504,25,4,,1,100,,52505,25,4,,1,99,,52511,25,,,1,100,,52512,25,,,1,70,,52516,25,,,1,30,,52513,25,,,1,72,,52517,25,,,1,84,,52506,25,4,,1,45,,52507,25,4,,1,100,,52508,25,4,,1,100,,52509,25,4,,1,100,,52510,25,4,,1,98,,52514,25,,,1,100,,52515,25,,,1
700,'20260701',955,,52518,25,4,,1,100,,52519,25,4,,1,100,,52520,25,4,,1,100,,52521,25,4,,1,100,,52522,25,4,,1,100,,52523,25,4,,1,100,,52524,25,4,,1,100,,52525,25,4,,1,100,,52526,25,4,,1,100,,52527,25,4,,1,100,,52528,25,4,,1,100,,52529,25,4,,1,99,,52530,25,,,1,100,,52531,25,,,1,100,,52532,25,,,1
700,'20260702',956,,52535,25,4,,1,100,,52536,25,4,,1,100,,52537,25,4,,1,100,,52538,25,4,,1,100,,52539,25,4,,1,100,,52540,25,4,,1,99,,52546,25,,,1,100,,52547,25,,,1,70,,52551,25,,,1,30,,52548,25,,,1,72,,52552,25,,,1,84,,52541,25,4,,1,45,,52542,25,4,,1,100,,52543,25,4,,1,100,,52544,25,4,,1,100,,52545,25,4,,1,98,,52549,25,,,1,100,,52550,25,,,1
700,'20260703',956,,52555,25,4,,1,100,,52556,25,4,,1,100,,52557,25,4,,1,100,,52558,25,4,,1,100,,52559,25,4,,1,100,,52560,25,4,,1,99,,52566,25,,,1,100,,52567,25,,,1,70,,52571,25,,,1,30,,52568,25,,,1,72,,52572,25,,,1,84,,52561,25,4,,1,45,,52562,25,4,,1,100,,52563,25,4,,1,100,,52564,25,4,,1,100,,52565,25,4,,1,98,,52569,25,,,1,100,,52570,25,,,1
700,'20260704',955,,52573,25,4,,1,100,,52574,25,4,,1,100,,52575,25,4,,1,100,,52576,25,4,,1,100,,52577,25,4,,1,100,,52578,25,4,,1,100,,52579,25,4,,1,100,,52580,25,4,,1,100,,52581,25,4,,1,100,,52582,25,4,,1,100,,52583,25,4,,1,100,,52584,25,4,,1,99,,52585,25,,,1,100,,52586,25,,,1,100,,52587,25,,,1
700,'20260705',955,,52588,25,4,,1,100,,52589,25,4,,1,100,,52590,25,4,,1,100,,52591,25,4,,1,100,,52592,25,4,,1,100,,52593,25,4,,1,100,,52594,25,4,,1,100,,52595,25,4,,1,100,,52596,25,4,,1,100,,52597,25,4,,1,100,,52598,25,4,,1,100,,52599,25,4,,1,99,,52600,25,,,1,100,,52601,25,,,1,100,,52602,25,,,1
700,'20260706',956,,52605,25,4,,1,100,,52606,25,4,,1,100,,52607,25,4,,1,100,,52608,25,4,,1,100,,52609,25,4,,1,100,,52610,25,4,,1,99,,52616,25,,,1,100,,52617,25,,,1,70,,52621,25,,,1,30,,52618,25,,,1,72,,52622,25,,,1,84,,52611,25,4,,1,45,,52612,25,4,,1,100,,52613,25,4,,1,100,,52614,25,4,,1,100,,52615,25,4,,1,98,,52619,25,,,1,100,,52620,25,,,1
700,'20260707',956,,52625,25,4,,1,100,,52626,25,4,,1,100,,52627,25,4,,1,100,,52628,25,4,,1,100,,52629,25,4,,1,100,,52630,25,4,,1,99,,52636,25,,,1,100,,52637,25,,,1,70,,52641,25,,,1,30,,52638,25,,,1,72,,52642,25,,,1,84,,52631,25,4,,1,45,,52632,25,4,,1,100,,52633,25,4,,1,100,,52634,25,4,,1,100,,52635,25,4,,1,98,,52639,25,,,1,100,,52640,25,,,1
700,'20260708',956,,52645,25,4,,1,100,,52646,25,4,,1,100,,52647,25,4,,1,100,,52648,25,4,,1,100,,52649,25,4,,1,100,,52650,25,4,,1,99,,52656,25,,,1,100,,52657,25,,,1,70,,52661,25,,,1,30,,52658,25,,,1,72,,52662,25,,,1,84,,52651,25,4,,1,45,,52652,25,4,,1,100,,52653,25,4,,1,100,,52654,25,4,,1,100,,52655,25,4,,1,98,,52659,25,,,1,100,,52660,25,,,1
700,'20260709',956,,52665,25,4,,1,100,,52666,25,4,,1,100,,52667,25,4,,1,100,,52668,25,4,,1,100,,52669,25,4,,1,100,,52670,25,4,,1,99,,52676,25,,,1,100,,52677,25,,,1,70,,52681,25,,,1,30,,52678,25,,,1,72,,52682,25,,,1,84,,52671,25,4,,1,45,,52672,25,4,,1,100,,52673,25,4,,1,100,,52674,25,4,,1,100,,52675,25,4,,1,98,,52679,25,,,1,100,,52680,25,,,1
700,'20260710',956,,52685,25,4,,1,100,,52686,25,4,,1,100,,52687,25,4,,1,100,,52688,25,4,,1,100,,52689,25,4,,1,100,,52690,25,4,,1,99,,52696,25,,,1,100,,52697,25,,,1,70,,52701,25,,,1,30,,52698,25,,,1,72,,52702,25,,,1,84,,52691,25,4,,1,45,,52692,25,4,,1,100,,52693,25,4,,1,100,,52694,25,4,,1,100,,52695,25,4,,1,98,,52699,25,,,1,100,,52700,25,,,1
700,'20260711',955,,52703,25,4,,1,100,,52704,25,4,,1,100,,52705,25,4,,1,100,,52706,25,4,,1,100,,52707,25,4,,1,100,,52708,25,4,,1,100,,52709,25,4,,1,100,,52710,25,4,,1,100,,52711,25,4,,1,100,,52712,25,4,,1,100,,52713,25,4,,1,100,,52714,25,4,,1,99,,52715,25,,,1,100,,52716,25,,,1,100,,52717,25,,,1
700,'20260712',955,,52718,25,4,,1,100,,52719,25,4,,1,100,,52720,25,4,,1,100,,52721,25,4,,1,100,,52722,25,4,,1,100,,52723,25,4,,1,100,,52724,25,4,,1,100,,52725,25,4,,1,100,,52726,25,4,,1,100,,52727,25,4,,1,100,,52728,25,4,,1,100,,52729,25,4,,1,99,,52730,25,,,1,100,,52731,25,,,1,100,,52732,25,,,1
700,'20260713',956,,52735,25,4,,1,100,,52736,25,4,,1,100,,52737,25,4,,1,100,,52738,25,4,,1,100,,52739,25,4,,1,100,,52740,25,4,,1,99,,52746,25,,,1,100,,52747,25,,,1,70,,52751,25,,,1,30,,52748,25,,,1,72,,52752,25,,,1,84,,52741,25,4,,1,45,,52742,25,4,,1,100,,52743,25,4,,1,100,,52744,25,4,,1,100,,52745,25,4,,1,98,,52749,25,,,1,100,,52750,25,,,1
700,'20260714',956,,52755,25,4,,1,100,,52756,25,4,,1,100,,52757,25,4,,1,100,,52758,25,4,,1,100,,52759,25,4,,1,100,,52760,25,4,,1,99,,52766,25,,,1,100,,52767,25,,,1,70,,52771,25,,,1,30,,52768,25,,,1,72,,52772,25,,,1,84,,52761,25,4,,1,45,,52762,25,4,,1,100,,52763,25,4,,1,100,,52764,25,4,,1,100,,52765,25,4,,1,98,,52769,25,,,1,100,,52770,25,,,1
700,'20260715',956,,52775,25,4,,1,100,,52776,25,4,,1,100,,52777,25,4,,1,100,,52778,25,4,,1,100,,52779,25,4,,1,100,,52780,25,4,,1,99,,52786,25,,,1,100,,52787,25,,,1,70,,52791,25,,,1,30,,52788,25,,,1,72,,52792,25,,,1,84,,52781,25,4,,1,45,,52782,25,4,,1,100,,52783,25,4,,1,100,,52784,25,4,,1,100,,52785,25,4,,1,98,,52789,25,,,1,100,,52790,25,,,1
700,'20260716',956,,52795,25,4,,1,100,,52796,25,4,,1,100,,52797,25,4,,1,100,,52798,25,4,,1,100,,52799,25,4,,1,100,,52800,25,4,,1,99,,52806,25,,,1,100,,52807,25,,,1,70,,52811,25,,,1,30,,52808,25,,,1,72,,52812,25,,,1,84,,52801,25,4,,1,45,,52802,25,4,,1,100,,52803,25,4,,1,100,,52804,25,4,,1,100,,52805,25,4,,1,98,,52809,25,,,1,100,,52810,25,,,1
700,'20260717',956,,52815,25,4,,1,100,,52816,25,4,,1,100,,52817,25,4,,1,100,,52818,25,4,,1,100,,52819,25,4,,1,100,,52820,25,4,,1,99,,52826,25,,,1,100,,52827,25,,,1,70,,52831,25,,,1,30,,52828,25,,,1,72,,52832,25,,,1,84,,52821,25,4,,1,45,,52822,25,4,,1,100,,52823,25,4,,1,100,,52824,25,4,,1,100,,52825,25,4,,1,98,,52829,25,,,1,100,,52830,25,,,1
700,'20260718',955,,52833,25,4,,1,100,,52834,25,4,,1,100,,52835,25,4,,1,100,,52836,25,4,,1,100,,52837,25,4,,1,100,,52838,25,4,,1,100,,52839,25,4,,1,100,,52840,25,4,,1,100,,52841,25,4,,1,100,,52842,25,4,,1,100,,52843,25,4,,1,100,,52844,25,4,,1,99,,52845,25,,,1,100,,52846,25,,,1,100,,52847,25,,,1
700,'20260719',955,,52848,25,4,,1,100,,52849,25,4,,1,100,,52850,25,4,,1,100,,52851,25,4,,1,100,,52852,25,4,,1,100,,52853,25,4,,1,100,,52854,25,4,,1,100,,52855,25,4,,1,100,,52856,25,4,,1,100,,52857,25,4,,1,100,,52858,25,4,,1,100,,52859,25,4,,1,99,,52860,25,,,1,100,,52861,25,,,1,100,,52862,25,,,1
700,'20260720',956,,52865,25,4,,1,100,,52866,25,4,,1,100,,52867,25,4,,1,100,,52868,25,4,,1,100,,52869,25,4,,1,100,,52870,25,4,,1,99,,52876,25,,,1,100,,52877,25,,,1,70,,52881,25,,,1,30,,52878,25,,,1,72,,52882,25,,,1,84,,52871,25,4,,1,45,,52872,25,4,,1,100,,52873,25,4,,1,100,,52874,25,4,,1,100,,52875,25,4,,1,98,,52879,25,,,1,100,,52880,25,,,1
700,'20260721',956,,52885,25,4,,1,100,,52886,25,4,,1,100,,52887,25,4,,1,100,,52888,25,4,,1,100,,52889,25,4,,1,100,,52890,25,4,,1,99,,52896,25,,,1,100,,52897,25,,,1,70,,52901,25,,,1,30,,52898,25,,,1,72,,52902,25,,,1,84,,52891,25,4,,1,45,,52892,25,4,,1,100,,52893,25,4,,1,100,,52894,25,4,,1,100,,52895,25,4,,1,98,,52899,25,,,1,100,,52900,25,,,1
700,'20260722',956,,52905,25,4,,1,100,,52906,25,4,,1,100,,52907,25,4,,1,100,,52908,25,4,,1,100,,52909,25,4,,1,100,,52910,25,4,,1,99,,52916,25,,,1,100,,52917,25,,,1,70,,52921,25,,,1,30,,52918,25,,,1,72,,52922,25,,,1,84,,52911,25,4,,1,45,,52912,25,4,,1,100,,52913,25,4,,1,100,,52914,25,4,,1,100,,52915,25,4,,1,98,,52919,25,,,1,100,,52920,25,,,1
700,'20260723',956,,52925,25,4,,1,100,,52926,25,4,,1,100,,52927,25,4,,1,100,,52928,25,4,,1,100,,52929,25,4,,1,100,,52930,25,4,,1,99,,52936,25,,,1,100,,52937,25,,,1,70,,52941,25,,,1,30,,52938,25,,,1,72,,52942,25,,,1,84,,52931,25,4,,1,45,,52932,25,4,,1,100,,52933,25,4,,1,100,,52934,25,4,,1,100,,52935,25,4,,1,98,,52939,25,,,1,100,,52940,25,,,1
700,'20260724',956,,52945,25,4,,1,100,,52946,25,4,,1,100,,52947,25,4,,1,100,,52948,25,4,,1,100,,52949,25,4,,1,100,,52950,25,4,,1,99,,52956,25,,,1,100,,52957,25,,,1,70,,52961,25,,,1,30,,52958,25,,,1,72,,52962,25,,,1,84,,52951,25,4,,1,45,,52952,25,4,,1,100,,52953,25,4,,1,100,,52954,25,4,,1,100,,52955,25,4,,1,98,,52959,25,,,1,100,,52960,25,,,1
700,'20260725',955,,52963,25,4,,1,100,,52964,25,4,,1,100,,52965,25,4,,1,100,,52966,25,4,,1,100,,52967,25,4,,1,100,,52968,25,4,,1,100,,52969,25,4,,1,100,,52970,25,4,,1,100,,52971,25,4,,1,100,,52972,25,4,,1,100,,52973,25,4,,1,100,,52974,25,4,,1,99,,52975,25,,,1,100,,52976,25,,,1,100,,52977,25,,,1
700,'20260726',955,,52978,25,4,,1,100,,52979,25,4,,1,100,,52980,25,4,,1,100,,52981,25,4,,1,100,,52982,25,4,,1,100,,52983,25,4,,1,100,,52984,25,4,,1,100,,52985,25,4,,1,100,,52986,25,4,,1,100,,52987,25,4,,1,100,,52988,25,4,,1,100,,52989,25,4,,1,99,,52990,25,,,1,100,,52991,25,,,1,100,,52992,25,,,1
700,'20260727',956,,52995,25,4,,1,100,,52996,25,4,,1,100,,52997,25,4,,1,100,,52998,25,4,,1,100,,52999,25,4,,1,100,,53000,25,4,,1,99,,53006,25,,,1,100,,53007,25,,,1,70,,53011,25,,,1,30,,53008,25,,,1,72,,53012,25,,,1,84,,53001,25,4,,1,45,,53002,25,4,,1,100,,53003,25,4,,1,100,,53004,25,4,,1,100,,53005,25,4,,1,98,,53009,25,,,1,100,,53010,25,,,1
700,'20260728',956,,53015,25,4,,1,100,,53016,25,4,,1,100,,53017,25,4,,1,100,,53018,25,4,,1,100,,53019,25,4,,1,100,,53020,25,4,,1,99,,53026,25,,,1,100,,53027,25,,,1,70,,53031,25,,,1,30,,53028,25,,,1,72,,53032,25,,,1,84,,53021,25,4,,1,45,,53022,25,4,,1,100,,53023,25,4,,1,100,,53024,25,4,,1,100,,53025,25,4,,1,98,,53029,25,,,1,100,,53030,25,,,1
700,'20260729',956,,53035,25,4,,1,100,,53036,25,4,,1,100,,53037,25,4,,1,100,,53038,25,4,,1,100,,53039,25,4,,1,100,,53040,25,4,,1,99,,53046,25,,,1,100,,53047,25,,,1,70,,53051,25,,,1,30,,53048,25,,,1,72,,53052,25,,,1,84,,53041,25,4,,1,45,,53042,25,4,,1,100,,53043,25,4,,1,100,,53044,25,4,,1,100,,53045,25,4,,1,98,,53049,25,,,1,100,,53050,25,,,1
700,'20260730',956,,53055,25,4,,1,100,,53056,25,4,,1,100,,53057,25,4,,1,100,,53058,25,4,,1,100,,53059,25,4,,1,100,,53060,25,4,,1,99,,53066,25,,,1,100,,53067,25,,,1,70,,53071,25,,,1,30,,53068,25,,,1,72,,53072,25,,,1,84,,53061,25,4,,1,45,,53062,25,4,,1,100,,53063,25,4,,1,100,,53064,25,4,,1,100,,53065,25,4,,1,98,,53069,25,,,1,100,,53070,25,,,1
700,'20260731',956,,53075,25,4,,1,100,,53076,25,4,,1,100,,53077,25,4,,1,100,,53078,25,4,,1,100,,53079,25,4,,1,100,,53080,25,4,,1,99,,53086,25,,,1,100,,53087,25,,,1,70,,53091,25,,,1,30,,53088,25,,,1,72,,53092,25,,,1,84,,53081,25,4,,1,45,,53082,25,4,,1,100,,53083,25,4,,1,100,,53084,25,4,,1,100,,53085,25,4,,1,98,,53089,25,,,1,100,,53090,25,,,1
700,'20260801',955,,53093,25,4,,1,100,,53094,25,4,,1,100,,53095,25,4,,1,100,,53096,25,4,,1,100,,53097,25,4,,1,100,,53098,25,4,,1,100,,53099,25,4,,1,100,,53100,25,4,,1,100,,53101,25,4,,1,100,,53102,25,4,,1,100,,53103,25,4,,1,100,,53104,25,4,,1,99,,53105,25,,,1,100,,53106,25,,,1,100,,53107,25,,,1
700,'20260802',955,,53108,25,4,,1,100,,53109,25,4,,1,100,,53110,25,4,,1,100,,53111,25,4,,1,100,,53112,25,4,,1,100,,53113,25,4,,1,100,,53114,25,4,,1,100,,53115,25,4,,1,100,,53116,25,4,,1,100,,53117,25,4,,1,100,,53118,25,4,,1,100,,53119,25,4,,1,99,,53120,25,,,1,100,,53121,25,,,1,100,,53122,25,,,1
700,'20260803',956,,53125,25,4,,1,100,,53126,25,4,,1,100,,53127,25,4,,1,100,,53128,25,4,,1,100,,53129,25,4,,1,100,,53130,25,4,,1,99,,53136,25,,,1,100,,53137,25,,,1,70,,53141,25,,,1,30,,53138,25,,,1,72,,53142,25,,,1,84,,53131,25,4,,1,45,,53132,25,4,,1,100,,53133,25,4,,1,100,,53134,25,4,,1,100,,53135,25,4,,1,98,,53139,25,,,1,100,,53140,25,,,1
700,'20260804',956,,53145,25,4,,1,100,,53146,25,4,,1,100,,53147,25,4,,1,100,,53148,25,4,,1,100,,53149,25,4,,1,100,,53150,25,4,,1,99,,53156,25,,,1,100,,53157,25,,,1,70,,53161,25,,,1,30,,53158,25,,,1,72,,53162,25,,,1,84,,53151,25,4,,1,45,,53152,25,4,,1,100,,53153,25,4,,1,100,,53154,25,4,,1,100,,53155,25,4,,1,98,,53159,25,,,1,100,,53160,25,,,1
700,'20260805',956,,53165,25,4,,1,100,,53166,25,4,,1,100,,53167,25,4,,1,100,,53168,25,4,,1,100,,53169,25,4,,1,100,,53170,25,4,,1,99,,53176,25,,,1,100,,53177,25,,,1,70,,53181,25,,,1,30,,53178,25,,,1,72,,53182,25,,,1,84,,53171,25,4,,1,45,,53172,25,4,,1,100,,53173,25,4,,1,100,,53174,25,4,,1,100,,53175,25,4,,1,98,,53179,25,,,1,100,,53180,25,,,1
700,'20260806',956,,53185,25,4,,1,100,,53186,25,4,,1,100,,53187,25,4,,1,100,,53188,25,4,,1,100,,53189,25,4,,1,100,,53190,25,4,,1,99,,53196,25,,,1,100,,53197,25,,,1,70,,53201,25,,,1,30,,53198,25,,,1,72,,53202,25,,,1,84,,53191,25,4,,1,45,,53192,25,4,,1,100,,53193,25,4,,1,100,,53194,25,4,,1,100,,53195,25,4,,1,98,,53199,25,,,1,100,,53200,25,,,1
700,'20260807',956,,53205,25,4,,1,100,,53206,25,4,,1,100,,53207,25,4,,1,100,,53208,25,4,,1,100,,53209,25,4,,1,100,,53210,25,4,,1,99,,53216,25,,,1,100,,53217,25,,,1,70,,53221,25,,,1,30,,53218,25,,,1,72,,53222,25,,,1,84,,53211,25,4,,1,45,,53212,25,4,,1,100,,53213,25,4,,1,100,,53214,25,4,,1,100,,53215,25,4,,1,98,,53219,25,,,1,100,,53220,25,,,1
700,'20260808',955,,53223,25,4,,1,100,,53224,25,4,,1,100,,53225,25,4,,1,100,,53226,25,4,,1,100,,53227,25,4,,1,100,,53228,25,4,,1,100,,53229,25,4,,1,100,,53230,25,4,,1,100,,53231,25,4,,1,100,,53232,25,4,,1,100,,53233,25,4,,1,100,,53234,25,4,,1,99,,53235,25,,,1,100,,53236,25,,,1,100,,53237,25,,,1
700,'20260809',955,,53238,25,4,,1,100,,53239,25,4,,1,100,,53240,25,4,,1,100,,53241,25,4,,1,100,,53242,25,4,,1,100,,53243,25,4,,1,100,,53244,25,4,,1,100,,53245,25,4,,1,100,,53246,25,4,,1,100,,53247,25,4,,1,100,,53248,25,4,,1,100,,53249,25,4,,1,99,,53250,25,,,1,100,,53251,25,,,1,100,,53252,25,,,1
700,'20260810',956,,53255,25,4,,1,100,,53256,25,4,,1,100,,53257,25,4,,1,100,,53258,25,4,,1,100,,53259,25,4,,1,100,,53260,25,4,,1,99,,53266,25,,,1,100,,53267,25,,,1,70,,53271,25,,,1,30,,53268,25,,,1,72,,53272,25,,,1,84,,53261,25,4,,1,45,,53262,25,4,,1,100,,53263,25,4,,1,100,,53264,25,4,,1,100,,53265,25,4,,1,98,,53269,25,,,1,100,,53270,25,,,1
700,'20260811',956,,53275,25,4,,1,100,,53276,25,4,,1,100,,53277,25,4,,1,100,,53278,25,4,,1,100,,53279,25,4,,1,100,,53280,25,4,,1,99,,53286,25,,,1,100,,53287,25,,,1,70,,53291,25,,,1,30,,53288,25,,,1,72,,53292,25,,,1,84,,53281,25,4,,1,45,,53282,25,4,,1,100,,53283,25,4,,1,100,,53284,25,4,,1,100,,53285,25,4,,1,98,,53289,25,,,1,100,,53290,25,,,1
700,'20260812',956,,53295,25,4,,1,100,,53296,25,4,,1,100,,53297,25,4,,1,100,,53298,25,4,,1,100,,53299,25,4,,1,100,,53300,25,4,,1,99,,53306,25,,,1,100,,53307,25,,,1,70,,53311,25,,,1,30,,53308,25,,,1,72,,53312,25,,,1,84,,53301,25,4,,1,45,,53302,25,4,,1,100,,53303,25,4,,1,100,,53304,25,4,,1,100,,53305,25,4,,1,98,,53309,25,,,1,100,,53310,25,,,1
700,'20260813',956,,53315,25,4,,1,100,,53316,25,4,,1,100,,53317,25,4,,1,100,,53318,25,4,,1,100,,53319,25,4,,1,100,,53320,25,4,,1,99,,53326,25,,,1,100,,53327,25,,,1,70,,53331,25,,,1,30,,53328,25,,,1,72,,53332,25,,,1,84,,53321,25,4,,1,45,,53322,25,4,,1,100,,53323,25,4,,1,100,,53324,25,4,,1,100,,53325,25,4,,1,98,,53329,25,,,1,100,,53330,25,,,1
700,'20260814',956,,53335,25,4,,1,100,,53336,25,4,,1,100,,53337,25,4,,1,100,,53338,25,4,,1,100,,53339,25,4,,1,100,,53340,25,4,,1,99,,53346,25,,,1,100,,53347,25,,,1,70,,53351,25,,,1,30,,53348,25,,,1,72,,53352,25,,,1,84,,53341,25,4,,1,45,,53342,25,4,,1,100,,53343,25,4,,1,100,,53344,25,4,,1,100,,53345,25,4,,1,98,,53349,25,,,1,100,,53350,25,,,1
700,'20260815',955,,53353,25,4,,1,100,,53354,25,4,,1,100,,53355,25,4,,1,100,,53356,25,4,,1,100,,53357,25,4,,1,100,,53358,25,4,,1,100,,53359,25,4,,1,100,,53360,25,4,,1,100,,53361,25,4,,1,100,,53362,25,4,,1,100,,53363,25,4,,1,100,,53364,25,4,,1,99,,53365,25,,,1,100,,53366,25,,,1,100,,53367,25,,,1
700,'20260816',955,,53368,25,4,,1,100,,53369,25,4,,1,100,,53370,25,4,,1,100,,53371,25,4,,1,100,,53372,25,4,,1,100,,53373,25,4,,1,100,,53374,25,4,,1,100,,53375,25,4,,1,100,,53376,25,4,,1,100,,53377,25,4,,1,100,,53378,25,4,,1,100,,53379,25,4,,1,99,,53380,25,,,1,100,,53381,25,,,1,100,,53382,25,,,1
700,'20260817',956,,53385,25,4,,1,100,,53386,25,4,,1,100,,53387,25,4,,1,100,,53388,25,4,,1,100,,53389,25,4,,1,100,,53390,25,4,,1,99,,53396,25,,,1,100,,53397,25,,,1,70,,53401,25,,,1,30,,53398,25,,,1,72,,53402,25,,,1,84,,53391,25,4,,1,45,,53392,25,4,,1,100,,53393,25,4,,1,100,,53394,25,4,,1,100,,53395,25,4,,1,98,,53399,25,,,1,100,,53400,25,,,1
700,'20260818',956,,53405,25,4,,1,100,,53406,25,4,,1,100,,53407,25,4,,1,100,,53408,25,4,,1,100,,53409,25,4,,1,100,,53410,25,4,,1,99,,53416,25,,,1,100,,53417,25,,,1,70,,53421,25,,,1,30,,53418,25,,,1,72,,53422,25,,,1,84,,53411,25,4,,1,45,,53412,25,4,,1,100,,53413,25,4,,1,100,,53414,25,4,,1,100,,53415,25,4,,1,98,,53419,25,,,1,100,,53420,25,,,1
700,'20260819',956,,53425,25,4,,1,100,,53426,25,4,,1,100,,53427,25,4,,1,100,,53428,25,4,,1,100,,53429,25,4,,1,100,,53430,25,4,,1,99,,53436,25,,,1,100,,53437,25,,,1,70,,53441,25,,,1,30,,53438,25,,,1,72,,53442,25,,,1,84,,53431,25,4,,1,45,,53432,25,4,,1,100,,53433,25,4,,1,100,,53434,25,4,,1,100,,53435,25,4,,1,98,,53439,25,,,1,100,,53440,25,,,1
700,'20260820',956,,53445,25,4,,1,100,,53446,25,4,,1,100,,53447,25,4,,1,100,,53448,25,4,,1,100,,53449,25,4,,1,100,,53450,25,4,,1,99,,53456,25,,,1,100,,53457,25,,,1,70,,53461,25,,,1,30,,53458,25,,,1,72,,53462,25,,,1,84,,53451,25,4,,1,45,,53452,25,4,,1,100,,53453,25,4,,1,100,,53454,25,4,,1,100,,53455,25,4,,1,98,,53459,25,,,1,100,,53460,25,,,1
700,'20260821',956,,53465,25,4,,1,100,,53466,25,4,,1,100,,53467,25,4,,1,100,,53468,25,4,,1,100,,53469,25,4,,1,100,,53470,25,4,,1,99,,53476,25,,,1,100,,53477,25,,,1,70,,53481,25,,,1,30,,53478,25,,,1,72,,53482,25,,,1,84,,53471,25,4,,1,45,,53472,25,4,,1,100,,53473,25,4,,1,100,,53474,25,4,,1,100,,53475,25,4,,1,98,,53479,25,,,1,100,,53480,25,,,1
700,'20260822',955,,53483,25,4,,1,100,,53484,25,4,,1,100,,53485,25,4,,1,100,,53486,25,4,,1,100,,53487,25,4,,1,100,,53488,25,4,,1,100,,53489,25,4,,1,100,,53490,25,4,,1,100,,53491,25,4,,1,100,,53492,25,4,,1,100,,53493,25,4,,1,100,,53494,25,4,,1,99,,53495,25,,,1,100,,53496,25,,,1,100,,53497,25,,,1
700,'20260823',955,,53498,25,4,,1,100,,53499,25,4,,1,100,,53500,25,4,,1,100,,53501,25,4,,1,100,,53502,25,4,,1,100,,53503,25,4,,1,100,,53504,25,4,,1,100,,53505,25,4,,1,100,,53506,25,4,,1,100,,53507,25,4,,1,100,,53508,25,4,,1,100,,53509,25,4,,1,99,,53510,25,,,1,100,,53511,25,,,1,100,,53512,25,,,1
700,'20260824',956,,53515,25,4,,1,100,,53516,25,4,,1,100,,53517,25,4,,1,100,,53518,25,4,,1,100,,53519,25,4,,1,100,,53520,25,4,,1,99,,53526,25,,,1,100,,53527,25,,,1,70,,53531,25,,,1,30,,53528,25,,,1,72,,53532,25,,,1,84,,53521,25,4,,1,45,,53522,25,4,,1,100,,53523,25,4,,1,100,,53524,25,4,,1,100,,53525,25,4,,1,98,,53529,25,,,1,100,,53530,25,,,1
700,'20260825',956,,53535,25,4,,1,100,,53536,25,4,,1,100,,53537,25,4,,1,100,,53538,25,4,,1,100,,53539,25,4,,1,100,,53540,25,4,,1,99,,53546,25,,,1,100,,53547,25,,,1,70,,53551,25,,,1,30,,53548,25,,,1,72,,53552,25,,,1,84,,53541,25,4,,1,45,,53542,25,4,,1,100,,53543,25,4,,1,100,,53544,25,4,,1,100,,53545,25,4,,1,98,,53549,25,,,1,100,,53550,25,,,1
700,'20260826',956,,53555,25,4,,1,100,,53556,25,4,,1,100,,53557,25,4,,1,100,,53558,25,4,,1,100,,53559,25,4,,1,100,,53560,25,4,,1,99,,53566,25,,,1,100,,53567,25,,,1,70,,53571,25,,,1,30,,53568,25,,,1,72,,53572,25,,,1,84,,53561,25,4,,1,45,,53562,25,4,,1,100,,53563,25,4,,1,100,,53564,25,4,,1,100,,53565,25,4,,1,98,,53569,25,,,1,100,,53570,25,,,1
700,'20260827',956,,53575,25,4,,1,100,,53576,25,4,,1,100,,53577,25,4,,1,100,,53578,25,4,,1,100,,53579,25,4,,1,100,,53580,25,4,,1,99,,53586,25,,,1,100,,53587,25,,,1,70,,53591,25,,,1,30,,53588,25,,,1,72,,53592,25,,,1,84,,53581,25,4,,1,45,,53582,25,4,,1,100,,53583,25,4,,1,100,,53584,25,4,,1,100,,53585,25,4,,1,98,,53589,25,,,1,100,,53590,25,,,1
700,'20260828',956,,53595,25,4,,1,100,,53596,25,4,,1,100,,53597,25,4,,1,100,,53598,25,4,,1,100,,53599,25,4,,1,100,,53600,25,4,,1,99,,53606,25,,,1,100,,53607,25,,,1,70,,53611,25,,,1,30,,53608,25,,,1,72,,53612,25,,,1,84,,53601,25,4,,1,45,,53602,25,4,,1,100,,53603,25,4,,1,100,,53604,25,4,,1,100,,53605,25,4,,1,98,,53609,25,,,1,100,,53610,25,,,1
700,'20260829',955,,53613,25,4,,1,100,,53614,25,4,,1,100,,53615,25,4,,1,100,,53616,25,4,,1,100,,53617,25,4,,1,100,,53618,25,4,,1,100,,53619,25,4,,1,100,,53620,25,4,,1,100,,53621,25,4,,1,100,,53622,25,4,,1,100,,53623,25,4,,1,100,,53624,25,4,,1,99,,53625,25,,,1,100,,53626,25,,,1,100,,53627,25,,,1
700,'20260830',955,,53628,25,4,,1,100,,53629,25,4,,1,100,,53630,25,4,,1,100,,53631,25,4,,1,100,,53632,25,4,,1,100,,53633,25,4,,1,100,,53634,25,4,,1,100,,53635,25,4,,1,100,,53636,25,4,,1,100,,53637,25,4,,1,100,,53638,25,4,,1,100,,53639,25,4,,1,99,,53640,25,,,1,100,,53641,25,,,1,100,,53642,25,,,1
700,'20260831',956,,53645,25,4,,1,100,,53646,25,4,,1,100,,53647,25,4,,1,100,,53648,25,4,,1,100,,53649,25,4,,1,100,,53650,25,4,,1,99,,53656,25,,,1,100,,53657,25,,,1,70,,53661,25,,,1,30,,53658,25,,,1,72,,53662,25,,,1,84,,53651,25,4,,1,45,,53652,25,4,,1,100,,53653,25,4,,1,100,,53654,25,4,,1,100,,53655,25,4,,1,98,,53659,25,,,1,100,,53660,25,,,1
700,'20260901',956,,53665,25,4,,1,100,,53666,25,4,,1,100,,53667,25,4,,1,100,,53668,25,4,,1,100,,53669,25,4,,1,100,,53670,25,4,,1,99,,53676,25,,,1,100,,53677,25,,,1,70,,53681,25,,,1,30,,53678,25,,,1,72,,53682,25,,,1,84,,53671,25,4,,1,45,,53672,25,4,,1,100,,53673,25,4,,1,100,,53674,25,4,,1,100,,53675,25,4,,1,98,,53679,25,,,1,100,,53680,25,,,1
700,'20260902',956,,53685,25,4,,1,100,,53686,25,4,,1,100,,53687,25,4,,1,100,,53688,25,4,,1,100,,53689,25,4,,1,100,,53690,25,4,,1,99,,53696,25,,,1,100,,53697,25,,,1,70,,53701,25,,,1,30,,53698,25,,,1,72,,53702,25,,,1,84,,53691,25,4,,1,45,,53692,25,4,,1,100,,53693,25,4,,1,100,,53694,25,4,,1,100,,53695,25,4,,1,98,,53699,25,,,1,100,,53700,25,,,1
700,'20260903',956,,53705,25,4,,1,100,,53706,25,4,,1,100,,53707,25,4,,1,100,,53708,25,4,,1,100,,53709,25,4,,1,100,,53710,25,4,,1,99,,53716,25,,,1,100,,53717,25,,,1,70,,53721,25,,,1,30,,53718,25,,,1,72,,53722,25,,,1,84,,53711,25,4,,1,45,,53712,25,4,,1,100,,53713,25,4,,1,100,,53714,25,4,,1,100,,53715,25,4,,1,98,,53719,25,,,1,100,,53720,25,,,1
700,'20260904',956,,53725,25,4,,1,100,,53726,25,4,,1,100,,53727,25,4,,1,100,,53728,25,4,,1,100,,53729,25,4,,1,100,,53730,25,4,,1,99,,53736,25,,,1,100,,53737,25,,,1,70,,53741,25,,,1,30,,53738,25,,,1,72,,53742,25,,,1,84,,53731,25,4,,1,45,,53732,25,4,,1,100,,53733,25,4,,1,100,,53734,25,4,,1,100,,53735,25,4,,1,98,,53739,25,,,1,100,,53740,25,,,1
701,'20260529',523,,27360,4,,,1,100,,27361,4,,,1,30,,27365,4,,,1,70,,27362,4,,,1,30,,27366,4,,,1,70,,27363,4,,,1,100,,27364,4,,,1,102,,27350,1,,,1,100,,27351,1,,,1,100,,27352,1,,,1,100,,27353,1,,,1,100,,27354,1,,,1,100,,27355,1,,,1,400,,27356,1,,,1,100,,27357,1,,,1,100,,27358,1,,,1,100,,27359,1,,,1
701,'20260530',724,,27379,4,,,1,100,,27380,4,,,1,100,,27381,4,,,1,102,,27367,1,,,1,100,,27368,1,,,1,100,,27369,1,,,1,100,,27370,1,,,1,100,,27371,1,,,1,100,,27372,1,,,1,100,,27373,1,,,1,100,,27374,1,,,1,100,,27375,1,,,1,100,,27376,1,,,1,100,,27377,1,,,1,100,,27378,1,,,1
701,'20260531',724,,27394,4,,,1,100,,27395,4,,,1,100,,27396,4,,,1,102,,27382,1,,,1,100,,27383,1,,,1,100,,27384,1,,,1,100,,27385,1,,,1,100,,27386,1,,,1,100,,27387,1,,,1,100,,27388,1,,,1,100,,27389,1,,,1,100,,27390,1,,,1,100,,27391,1,,,1,100,,27392,1,,,1,100,,27393,1,,,1
701,'20260601',523,,27409,4,,,1,100,,27410,4,,,1,30,,27414,4,,,1,70,,27411,4,,,1,30,,27415,4,,,1,70,,27412,4,,,1,100,,27413,4,,,1,102,,27399,1,,,1,100,,27400,1,,,1,100,,27401,1,,,1,100,,27402,1,,,1,100,,27403,1,,,1,100,,27404,1,,,1,400,,27405,1,,,1,100,,27406,1,,,1,100,,27407,1,,,1,100,,27408,1,,,1
701,'20260602',523,,27428,4,,,1,100,,27429,4,,,1,30,,27433,4,,,1,70,,27430,4,,,1,30,,27434,4,,,1,70,,27431,4,,,1,100,,27432,4,,,1,102,,27418,1,,,1,100,,27419,1,,,1,100,,27420,1,,,1,100,,27421,1,,,1,100,,27422,1,,,1,100,,27423,1,,,1,400,,27424,1,,,1,100,,27425,1,,,1,100,,27426,1,,,1,100,,27427,1,,,1
701,'20260603',523,,27447,4,,,1,100,,27448,4,,,1,30,,27452,4,,,1,70,,27449,4,,,1,30,,27453,4,,,1,70,,27450,4,,,1,100,,27451,4,,,1,102,,27437,1,,,1,100,,27438,1,,,1,100,,27439,1,,,1,100,,27440,1,,,1,100,,27441,1,,,1,100,,27442,1,,,1,400,,27443,1,,,1,100,,27444,1,,,1,100,,27445,1,,,1,100,,27446,1,,,1
701,'20260604',523,,27466,4,,,1,100,,27467,4,,,1,30,,27471,4,,,1,70,,27468,4,,,1,30,,27472,4,,,1,70,,27469,4,,,1,100,,27470,4,,,1,102,,27456,1,,,1,100,,27457,1,,,1,100,,27458,1,,,1,100,,27459,1,,,1,100,,27460,1,,,1,100,,27461,1,,,1,400,,27462,1,,,1,100,,27463,1,,,1,100,,27464,1,,,1,100,,27465,1,,,1
701,'20260605',523,,27485,4,,,1,100,,27486,4,,,1,30,,27490,4,,,1,70,,27487,4,,,1,30,,27491,4,,,1,70,,27488,4,,,1,100,,27489,4,,,1,102,,27475,1,,,1,100,,27476,1,,,1,100,,27477,1,,,1,100,,27478,1,,,1,100,,27479,1,,,1,100,,27480,1,,,1,400,,27481,1,,,1,100,,27482,1,,,1,100,,27483,1,,,1,100,,27484,1,,,1
701,'20260608',523,,27534,4,,,1,100,,27535,4,,,1,30,,27539,4,,,1,70,,27536,4,,,1,30,,27540,4,,,1,70,,27537,4,,,1,100,,27538,4,,,1,102,,27524,1,,,1,100,,27525,1,,,1,100,,27526,1,,,1,100,,27527,1,,,1,100,,27528,1,,,1,100,,27529,1,,,1,400,,27530,1,,,1,100,,27531,1,,,1,100,,27532,1,,,1,100,,27533,1,,,1
701,'20260609',523,,27553,4,,,1,100,,27554,4,,,1,30,,27558,4,,,1,70,,27555,4,,,1,30,,27559,4,,,1,70,,27556,4,,,1,100,,27557,4,,,1,102,,27543,1,,,1,100,,27544,1,,,1,100,,27545,1,,,1,100,,27546,1,,,1,100,,27547,1,,,1,100,,27548,1,,,1,400,,27549,1,,,1,100,,27550,1,,,1,100,,27551,1,,,1,100,,27552,1,,,1
701,'20260610',523,,27572,4,,,1,100,,27573,4,,,1,30,,27577,4,,,1,70,,27574,4,,,1,30,,27578,4,,,1,70,,27575,4,,,1,100,,27576,4,,,1,102,,27562,1,,,1,100,,27563,1,,,1,100,,27564,1,,,1,100,,27565,1,,,1,100,,27566,1,,,1,100,,27567,1,,,1,400,,27568,1,,,1,100,,27569,1,,,1,100,,27570,1,,,1,100,,27571,1,,,1
701,'20260611',523,,27591,4,,,1,100,,27592,4,,,1,30,,27596,4,,,1,70,,27593,4,,,1,30,,27597,4,,,1,70,,27594,4,,,1,100,,27595,4,,,1,102,,27581,1,,,1,100,,27582,1,,,1,100,,27583,1,,,1,100,,27584,1,,,1,100,,27585,1,,,1,100,,27586,1,,,1,400,,27587,1,,,1,100,,27588,1,,,1,100,,27589,1,,,1,100,,27590,1,,,1
701,'20260612',523,,27610,4,,,1,100,,27611,4,,,1,30,,27615,4,,,1,70,,27612,4,,,1,30,,27616,4,,,1,70,,27613,4,,,1,100,,27614,4,,,1,102,,27600,1,,,1,100,,27601,1,,,1,100,,27602,1,,,1,100,,27603,1,,,1,100,,27604,1,,,1,100,,27605,1,,,1,400,,27606,1,,,1,100,,27607,1,,,1,100,,27608,1,,,1,100,,27609,1,,,1
701,'20260613',724,,53758,4,,,1,100,,53759,4,,,1,100,,53760,4,,,1,102,,53746,1,,,1,100,,53747,1,,,1,100,,53748,1,,,1,100,,53749,1,,,1,100,,53750,1,,,1,100,,53751,1,,,1,100,,53752,1,,,1,100,,53753,1,,,1,100,,53754,1,,,1,100,,53755,1,,,1,100,,53756,1,,,1,100,,53757,1,,,1
701,'20260614',724,,53773,4,,,1,100,,53774,4,,,1,100,,53775,4,,,1,102,,53761,1,,,1,100,,53762,1,,,1,100,,53763,1,,,1,100,,53764,1,,,1,100,,53765,1,,,1,100,,53766,1,,,1,100,,53767,1,,,1,100,,53768,1,,,1,100,,53769,1,,,1,100,,53770,1,,,1,100,,53771,1,,,1,100,,53772,1,,,1
701,'20260615',523,,53789,4,,,1,100,,53790,4,,,1,30,,53794,4,,,1,70,,53791,4,,,1,30,,53795,4,,,1,70,,53792,4,,,1,100,,53793,4,,,1,102,,53779,1,,,1,100,,53780,1,,,1,100,,53781,1,,,1,100,,53782,1,,,1,100,,53783,1,,,1,100,,53784,1,,,1,400,,53785,1,,,1,100,,53786,1,,,1,100,,53787,1,,,1,100,,53788,1,,,1
701,'20260616',523,,53809,4,,,1,100,,53810,4,,,1,30,,53814,4,,,1,70,,53811,4,,,1,30,,53815,4,,,1,70,,53812,4,,,1,100,,53813,4,,,1,102,,53799,1,,,1,100,,53800,1,,,1,100,,53801,1,,,1,100,,53802,1,,,1,100,,53803,1,,,1,100,,53804,1,,,1,400,,53805,1,,,1,100,,53806,1,,,1,100,,53807,1,,,1,100,,53808,1,,,1
701,'20260617',523,,53829,4,,,1,100,,53830,4,,,1,30,,53834,4,,,1,70,,53831,4,,,1,30,,53835,4,,,1,70,,53832,4,,,1,100,,53833,4,,,1,102,,53819,1,,,1,100,,53820,1,,,1,100,,53821,1,,,1,100,,53822,1,,,1,100,,53823,1,,,1,100,,53824,1,,,1,400,,53825,1,,,1,100,,53826,1,,,1,100,,53827,1,,,1,100,,53828,1,,,1
701,'20260618',523,,53849,4,,,1,100,,53850,4,,,1,30,,53854,4,,,1,70,,53851,4,,,1,30,,53855,4,,,1,70,,53852,4,,,1,100,,53853,4,,,1,102,,53839,1,,,1,100,,53840,1,,,1,100,,53841,1,,,1,100,,53842,1,,,1,100,,53843,1,,,1,100,,53844,1,,,1,400,,53845,1,,,1,100,,53846,1,,,1,100,,53847,1,,,1,100,,53848,1,,,1
701,'20260619',523,,53869,4,,,1,100,,53870,4,,,1,30,,53874,4,,,1,70,,53871,4,,,1,30,,53875,4,,,1,70,,53872,4,,,1,100,,53873,4,,,1,102,,53859,1,,,1,100,,53860,1,,,1,100,,53861,1,,,1,100,,53862,1,,,1,100,,53863,1,,,1,100,,53864,1,,,1,400,,53865,1,,,1,100,,53866,1,,,1,100,,53867,1,,,1,100,,53868,1,,,1
701,'20260620',724,,53888,4,,,1,100,,53889,4,,,1,100,,53890,4,,,1,102,,53876,1,,,1,100,,53877,1,,,1,100,,53878,1,,,1,100,,53879,1,,,1,100,,53880,1,,,1,100,,53881,1,,,1,100,,53882,1,,,1,100,,53883,1,,,1,100,,53884,1,,,1,100,,53885,1,,,1,100,,53886,1,,,1,100,,53887,1,,,1
701,'20260621',724,,53903,4,,,1,100,,53904,4,,,1,100,,53905,4,,,1,102,,53891,1,,,1,100,,53892,1,,,1,100,,53893,1,,,1,100,,53894,1,,,1,100,,53895,1,,,1,100,,53896,1,,,1,100,,53897,1,,,1,100,,53898,1,,,1,100,,53899,1,,,1,100,,53900,1,,,1,100,,53901,1,,,1,100,,53902,1,,,1
701,'20260622',523,,53919,4,,,1,100,,53920,4,,,1,30,,53924,4,,,1,70,,53921,4,,,1,30,,53925,4,,,1,70,,53922,4,,,1,100,,53923,4,,,1,102,,53909,1,,,1,100,,53910,1,,,1,100,,53911,1,,,1,100,,53912,1,,,1,100,,53913,1,,,1,100,,53914,1,,,1,400,,53915,1,,,1,100,,53916,1,,,1,100,,53917,1,,,1,100,,53918,1,,,1
701,'20260623',523,,53939,4,,,1,100,,53940,4,,,1,30,,53944,4,,,1,70,,53941,4,,,1,30,,53945,4,,,1,70,,53942,4,,,1,100,,53943,4,,,1,102,,53929,1,,,1,100,,53930,1,,,1,100,,53931,1,,,1,100,,53932,1,,,1,100,,53933,1,,,1,100,,53934,1,,,1,400,,53935,1,,,1,100,,53936,1,,,1,100,,53937,1,,,1,100,,53938,1,,,1
701,'20260624',523,,53959,4,,,1,100,,53960,4,,,1,30,,53964,4,,,1,70,,53961,4,,,1,30,,53965,4,,,1,70,,53962,4,,,1,100,,53963,4,,,1,102,,53949,1,,,1,100,,53950,1,,,1,100,,53951,1,,,1,100,,53952,1,,,1,100,,53953,1,,,1,100,,53954,1,,,1,400,,53955,1,,,1,100,,53956,1,,,1,100,,53957,1,,,1,100,,53958,1,,,1
701,'20260625',523,,53979,4,,,1,100,,53980,4,,,1,30,,53984,4,,,1,70,,53981,4,,,1,30,,53985,4,,,1,70,,53982,4,,,1,100,,53983,4,,,1,102,,53969,1,,,1,100,,53970,1,,,1,100,,53971,1,,,1,100,,53972,1,,,1,100,,53973,1,,,1,100,,53974,1,,,1,400,,53975,1,,,1,100,,53976,1,,,1,100,,53977,1,,,1,100,,53978,1,,,1
701,'20260626',523,,53999,4,,,1,100,,54000,4,,,1,30,,54004,4,,,1,70,,54001,4,,,1,30,,54005,4,,,1,70,,54002,4,,,1,100,,54003,4,,,1,102,,53989,1,,,1,100,,53990,1,,,1,100,,53991,1,,,1,100,,53992,1,,,1,100,,53993,1,,,1,100,,53994,1,,,1,400,,53995,1,,,1,100,,53996,1,,,1,100,,53997,1,,,1,100,,53998,1,,,1
701,'20260627',724,,54018,4,,,1,100,,54019,4,,,1,100,,54020,4,,,1,102,,54006,1,,,1,100,,54007,1,,,1,100,,54008,1,,,1,100,,54009,1,,,1,100,,54010,1,,,1,100,,54011,1,,,1,100,,54012,1,,,1,100,,54013,1,,,1,100,,54014,1,,,1,100,,54015,1,,,1,100,,54016,1,,,1,100,,54017,1,,,1
701,'20260628',724,,54033,4,,,1,100,,54034,4,,,1,100,,54035,4,,,1,102,,54021,1,,,1,100,,54022,1,,,1,100,,54023,1,,,1,100,,54024,1,,,1,100,,54025,1,,,1,100,,54026,1,,,1,100,,54027,1,,,1,100,,54028,1,,,1,100,,54029,1,,,1,100,,54030,1,,,1,100,,54031,1,,,1,100,,54032,1,,,1
701,'20260629',523,,54049,4,,,1,100,,54050,4,,,1,30,,54054,4,,,1,70,,54051,4,,,1,30,,54055,4,,,1,70,,54052,4,,,1,100,,54053,4,,,1,102,,54039,1,,,1,100,,54040,1,,,1,100,,54041,1,,,1,100,,54042,1,,,1,100,,54043,1,,,1,100,,54044,1,,,1,400,,54045,1,,,1,100,,54046,1,,,1,100,,54047,1,,,1,100,,54048,1,,,1
701,'20260630',523,,54069,4,,,1,100,,54070,4,,,1,30,,54074,4,,,1,70,,54071,4,,,1,30,,54075,4,,,1,70,,54072,4,,,1,100,,54073,4,,,1,102,,54059,1,,,1,100,,54060,1,,,1,100,,54061,1,,,1,100,,54062,1,,,1,100,,54063,1,,,1,100,,54064,1,,,1,400,,54065,1,,,1,100,,54066,1,,,1,100,,54067,1,,,1,100,,54068,1,,,1
701,'20260701',724,,54088,4,,,1,100,,54089,4,,,1,100,,54090,4,,,1,102,,54076,1,,,1,100,,54077,1,,,1,100,,54078,1,,,1,100,,54079,1,,,1,100,,54080,1,,,1,100,,54081,1,,,1,100,,54082,1,,,1,100,,54083,1,,,1,100,,54084,1,,,1,100,,54085,1,,,1,100,,54086,1,,,1,100,,54087,1,,,1
701,'20260702',523,,54104,4,,,1,100,,54105,4,,,1,30,,54109,4,,,1,70,,54106,4,,,1,30,,54110,4,,,1,70,,54107,4,,,1,100,,54108,4,,,1,102,,54094,1,,,1,100,,54095,1,,,1,100,,54096,1,,,1,100,,54097,1,,,1,100,,54098,1,,,1,100,,54099,1,,,1,400,,54100,1,,,1,100,,54101,1,,,1,100,,54102,1,,,1,100,,54103,1,,,1
701,'20260703',523,,54124,4,,,1,100,,54125,4,,,1,30,,54129,4,,,1,70,,54126,4,,,1,30,,54130,4,,,1,70,,54127,4,,,1,100,,54128,4,,,1,102,,54114,1,,,1,100,,54115,1,,,1,100,,54116,1,,,1,100,,54117,1,,,1,100,,54118,1,,,1,100,,54119,1,,,1,400,,54120,1,,,1,100,,54121,1,,,1,100,,54122,1,,,1,100,,54123,1,,,1
701,'20260704',724,,54143,4,,,1,100,,54144,4,,,1,100,,54145,4,,,1,102,,54131,1,,,1,100,,54132,1,,,1,100,,54133,1,,,1,100,,54134,1,,,1,100,,54135,1,,,1,100,,54136,1,,,1,100,,54137,1,,,1,100,,54138,1,,,1,100,,54139,1,,,1,100,,54140,1,,,1,100,,54141,1,,,1,100,,54142,1,,,1
701,'20260705',724,,54158,4,,,1,100,,54159,4,,,1,100,,54160,4,,,1,102,,54146,1,,,1,100,,54147,1,,,1,100,,54148,1,,,1,100,,54149,1,,,1,100,,54150,1,,,1,100,,54151,1,,,1,100,,54152,1,,,1,100,,54153,1,,,1,100,,54154,1,,,1,100,,54155,1,,,1,100,,54156,1,,,1,100,,54157,1,,,1
701,'20260706',523,,54173,4,,,1,100,,54174,4,,,1,30,,54178,4,,,1,70,,54175,4,,,1,30,,54179,4,,,1,70,,54176,4,,,1,100,,54177,4,,,1,102,,54163,1,,,1,100,,54164,1,,,1,100,,54165,1,,,1,100,,54166,1,,,1,100,,54167,1,,,1,100,,54168,1,,,1,400,,54169,1,,,1,100,,54170,1,,,1,100,,54171,1,,,1,100,,54172,1,,,1
701,'20260707',523,,54192,4,,,1,100,,54193,4,,,1,30,,54197,4,,,1,70,,54194,4,,,1,30,,54198,4,,,1,70,,54195,4,,,1,100,,54196,4,,,1,102,,54182,1,,,1,100,,54183,1,,,1,100,,54184,1,,,1,100,,54185,1,,,1,100,,54186,1,,,1,100,,54187,1,,,1,400,,54188,1,,,1,100,,54189,1,,,1,100,,54190,1,,,1,100,,54191,1,,,1
701,'20260708',523,,54211,4,,,1,100,,54212,4,,,1,30,,54216,4,,,1,70,,54213,4,,,1,30,,54217,4,,,1,70,,54214,4,,,1,100,,54215,4,,,1,102,,54201,1,,,1,100,,54202,1,,,1,100,,54203,1,,,1,100,,54204,1,,,1,100,,54205,1,,,1,100,,54206,1,,,1,400,,54207,1,,,1,100,,54208,1,,,1,100,,54209,1,,,1,100,,54210,1,,,1
701,'20260709',523,,54230,4,,,1,100,,54231,4,,,1,30,,54235,4,,,1,70,,54232,4,,,1,30,,54236,4,,,1,70,,54233,4,,,1,100,,54234,4,,,1,102,,54220,1,,,1,100,,54221,1,,,1,100,,54222,1,,,1,100,,54223,1,,,1,100,,54224,1,,,1,100,,54225,1,,,1,400,,54226,1,,,1,100,,54227,1,,,1,100,,54228,1,,,1,100,,54229,1,,,1
701,'20260710',523,,54249,4,,,1,100,,54250,4,,,1,30,,54254,4,,,1,70,,54251,4,,,1,30,,54255,4,,,1,70,,54252,4,,,1,100,,54253,4,,,1,102,,54239,1,,,1,100,,54240,1,,,1,100,,54241,1,,,1,100,,54242,1,,,1,100,,54243,1,,,1,100,,54244,1,,,1,400,,54245,1,,,1,100,,54246,1,,,1,100,,54247,1,,,1,100,,54248,1,,,1
701,'20260711',724,,54268,4,,,1,100,,54269,4,,,1,100,,54270,4,,,1,102,,54256,1,,,1,100,,54257,1,,,1,100,,54258,1,,,1,100,,54259,1,,,1,100,,54260,1,,,1,100,,54261,1,,,1,100,,54262,1,,,1,100,,54263,1,,,1,100,,54264,1,,,1,100,,54265,1,,,1,100,,54266,1,,,1,100,,54267,1,,,1
701,'20260712',724,,54283,4,,,1,100,,54284,4,,,1,100,,54285,4,,,1,102,,54271,1,,,1,100,,54272,1,,,1,100,,54273,1,,,1,100,,54274,1,,,1,100,,54275,1,,,1,100,,54276,1,,,1,100,,54277,1,,,1,100,,54278,1,,,1,100,,54279,1,,,1,100,,54280,1,,,1,100,,54281,1,,,1,100,,54282,1,,,1
701,'20260713',523,,54298,4,,,1,100,,54299,4,,,1,30,,54303,4,,,1,70,,54300,4,,,1,30,,54304,4,,,1,70,,54301,4,,,1,100,,54302,4,,,1,102,,54288,1,,,1,100,,54289,1,,,1,100,,54290,1,,,1,100,,54291,1,,,1,100,,54292,1,,,1,100,,54293,1,,,1,400,,54294,1,,,1,100,,54295,1,,,1,100,,54296,1,,,1,100,,54297,1,,,1
701,'20260714',523,,54317,4,,,1,100,,54318,4,,,1,30,,54322,4,,,1,70,,54319,4,,,1,30,,54323,4,,,1,70,,54320,4,,,1,100,,54321,4,,,1,102,,54307,1,,,1,100,,54308,1,,,1,100,,54309,1,,,1,100,,54310,1,,,1,100,,54311,1,,,1,100,,54312,1,,,1,400,,54313,1,,,1,100,,54314,1,,,1,100,,54315,1,,,1,100,,54316,1,,,1
701,'20260715',523,,54336,4,,,1,100,,54337,4,,,1,30,,54341,4,,,1,70,,54338,4,,,1,30,,54342,4,,,1,70,,54339,4,,,1,100,,54340,4,,,1,102,,54326,1,,,1,100,,54327,1,,,1,100,,54328,1,,,1,100,,54329,1,,,1,100,,54330,1,,,1,100,,54331,1,,,1,400,,54332,1,,,1,100,,54333,1,,,1,100,,54334,1,,,1,100,,54335,1,,,1
701,'20260716',523,,54355,4,,,1,100,,54356,4,,,1,30,,54360,4,,,1,70,,54357,4,,,1,30,,54361,4,,,1,70,,54358,4,,,1,100,,54359,4,,,1,102,,54345,1,,,1,100,,54346,1,,,1,100,,54347,1,,,1,100,,54348,1,,,1,100,,54349,1,,,1,100,,54350,1,,,1,400,,54351,1,,,1,100,,54352,1,,,1,100,,54353,1,,,1,100,,54354,1,,,1
701,'20260717',523,,54374,4,,,1,100,,54375,4,,,1,30,,54379,4,,,1,70,,54376,4,,,1,30,,54380,4,,,1,70,,54377,4,,,1,100,,54378,4,,,1,102,,54364,1,,,1,100,,54365,1,,,1,100,,54366,1,,,1,100,,54367,1,,,1,100,,54368,1,,,1,100,,54369,1,,,1,400,,54370,1,,,1,100,,54371,1,,,1,100,,54372,1,,,1,100,,54373,1,,,1
701,'20260718',724,,54393,4,,,1,100,,54394,4,,,1,100,,54395,4,,,1,102,,54381,1,,,1,100,,54382,1,,,1,100,,54383,1,,,1,100,,54384,1,,,1,100,,54385,1,,,1,100,,54386,1,,,1,100,,54387,1,,,1,100,,54388,1,,,1,100,,54389,1,,,1,100,,54390,1,,,1,100,,54391,1,,,1,100,,54392,1,,,1
701,'20260719',724,,54408,4,,,1,100,,54409,4,,,1,100,,54410,4,,,1,102,,54396,1,,,1,100,,54397,1,,,1,100,,54398,1,,,1,100,,54399,1,,,1,100,,54400,1,,,1,100,,54401,1,,,1,100,,54402,1,,,1,100,,54403,1,,,1,100,,54404,1,,,1,100,,54405,1,,,1,100,,54406,1,,,1,100,,54407,1,,,1
701,'20260720',523,,54423,4,,,1,100,,54424,4,,,1,30,,54428,4,,,1,70,,54425,4,,,1,30,,54429,4,,,1,70,,54426,4,,,1,100,,54427,4,,,1,102,,54413,1,,,1,100,,54414,1,,,1,100,,54415,1,,,1,100,,54416,1,,,1,100,,54417,1,,,1,100,,54418,1,,,1,400,,54419,1,,,1,100,,54420,1,,,1,100,,54421,1,,,1,100,,54422,1,,,1
701,'20260721',523,,54442,4,,,1,100,,54443,4,,,1,30,,54447,4,,,1,70,,54444,4,,,1,30,,54448,4,,,1,70,,54445,4,,,1,100,,54446,4,,,1,102,,54432,1,,,1,100,,54433,1,,,1,100,,54434,1,,,1,100,,54435,1,,,1,100,,54436,1,,,1,100,,54437,1,,,1,400,,54438,1,,,1,100,,54439,1,,,1,100,,54440,1,,,1,100,,54441,1,,,1
701,'20260722',523,,54461,4,,,1,100,,54462,4,,,1,30,,54466,4,,,1,70,,54463,4,,,1,30,,54467,4,,,1,70,,54464,4,,,1,100,,54465,4,,,1,102,,54451,1,,,1,100,,54452,1,,,1,100,,54453,1,,,1,100,,54454,1,,,1,100,,54455,1,,,1,100,,54456,1,,,1,400,,54457,1,,,1,100,,54458,1,,,1,100,,54459,1,,,1,100,,54460,1,,,1
701,'20260723',523,,54480,4,,,1,100,,54481,4,,,1,30,,54485,4,,,1,70,,54482,4,,,1,30,,54486,4,,,1,70,,54483,4,,,1,100,,54484,4,,,1,102,,54470,1,,,1,100,,54471,1,,,1,100,,54472,1,,,1,100,,54473,1,,,1,100,,54474,1,,,1,100,,54475,1,,,1,400,,54476,1,,,1,100,,54477,1,,,1,100,,54478,1,,,1,100,,54479,1,,,1
701,'20260724',523,,54499,4,,,1,100,,54500,4,,,1,30,,54504,4,,,1,70,,54501,4,,,1,30,,54505,4,,,1,70,,54502,4,,,1,100,,54503,4,,,1,102,,54489,1,,,1,100,,54490,1,,,1,100,,54491,1,,,1,100,,54492,1,,,1,100,,54493,1,,,1,100,,54494,1,,,1,400,,54495,1,,,1,100,,54496,1,,,1,100,,54497,1,,,1,100,,54498,1,,,1
701,'20260725',724,,54518,4,,,1,100,,54519,4,,,1,100,,54520,4,,,1,102,,54506,1,,,1,100,,54507,1,,,1,100,,54508,1,,,1,100,,54509,1,,,1,100,,54510,1,,,1,100,,54511,1,,,1,100,,54512,1,,,1,100,,54513,1,,,1,100,,54514,1,,,1,100,,54515,1,,,1,100,,54516,1,,,1,100,,54517,1,,,1
701,'20260726',724,,54533,4,,,1,100,,54534,4,,,1,100,,54535,4,,,1,102,,54521,1,,,1,100,,54522,1,,,1,100,,54523,1,,,1,100,,54524,1,,,1,100,,54525,1,,,1,100,,54526,1,,,1,100,,54527,1,,,1,100,,54528,1,,,1,100,,54529,1,,,1,100,,54530,1,,,1,100,,54531,1,,,1,100,,54532,1,,,1
701,'20260727',523,,54548,4,,,1,100,,54549,4,,,1,30,,54553,4,,,1,70,,54550,4,,,1,30,,54554,4,,,1,70,,54551,4,,,1,100,,54552,4,,,1,102,,54538,1,,,1,100,,54539,1,,,1,100,,54540,1,,,1,100,,54541,1,,,1,100,,54542,1,,,1,100,,54543,1,,,1,400,,54544,1,,,1,100,,54545,1,,,1,100,,54546,1,,,1,100,,54547,1,,,1
701,'20260728',523,,54567,4,,,1,100,,54568,4,,,1,30,,54572,4,,,1,70,,54569,4,,,1,30,,54573,4,,,1,70,,54570,4,,,1,100,,54571,4,,,1,102,,54557,1,,,1,100,,54558,1,,,1,100,,54559,1,,,1,100,,54560,1,,,1,100,,54561,1,,,1,100,,54562,1,,,1,400,,54563,1,,,1,100,,54564,1,,,1,100,,54565,1,,,1,100,,54566,1,,,1
701,'20260729',523,,54586,4,,,1,100,,54587,4,,,1,30,,54591,4,,,1,70,,54588,4,,,1,30,,54592,4,,,1,70,,54589,4,,,1,100,,54590,4,,,1,102,,54576,1,,,1,100,,54577,1,,,1,100,,54578,1,,,1,100,,54579,1,,,1,100,,54580,1,,,1,100,,54581,1,,,1,400,,54582,1,,,1,100,,54583,1,,,1,100,,54584,1,,,1,100,,54585,1,,,1
701,'20260730',523,,54605,4,,,1,100,,54606,4,,,1,30,,54610,4,,,1,70,,54607,4,,,1,30,,54611,4,,,1,70,,54608,4,,,1,100,,54609,4,,,1,102,,54595,1,,,1,100,,54596,1,,,1,100,,54597,1,,,1,100,,54598,1,,,1,100,,54599,1,,,1,100,,54600,1,,,1,400,,54601,1,,,1,100,,54602,1,,,1,100,,54603,1,,,1,100,,54604,1,,,1
701,'20260731',523,,54624,4,,,1,100,,54625,4,,,1,30,,54629,4,,,1,70,,54626,4,,,1,30,,54630,4,,,1,70,,54627,4,,,1,100,,54628,4,,,1,102,,54614,1,,,1,100,,54615,1,,,1,100,,54616,1,,,1,100,,54617,1,,,1,100,,54618,1,,,1,100,,54619,1,,,1,400,,54620,1,,,1,100,,54621,1,,,1,100,,54622,1,,,1,100,,54623,1,,,1
701,'20260801',724,,54643,4,,,1,100,,54644,4,,,1,100,,54645,4,,,1,102,,54631,1,,,1,100,,54632,1,,,1,100,,54633,1,,,1,100,,54634,1,,,1,100,,54635,1,,,1,100,,54636,1,,,1,100,,54637,1,,,1,100,,54638,1,,,1,100,,54639,1,,,1,100,,54640,1,,,1,100,,54641,1,,,1,100,,54642,1,,,1
701,'20260802',724,,54658,4,,,1,100,,54659,4,,,1,100,,54660,4,,,1,102,,54646,1,,,1,100,,54647,1,,,1,100,,54648,1,,,1,100,,54649,1,,,1,100,,54650,1,,,1,100,,54651,1,,,1,100,,54652,1,,,1,100,,54653,1,,,1,100,,54654,1,,,1,100,,54655,1,,,1,100,,54656,1,,,1,100,,54657,1,,,1
701,'20260803',523,,54673,4,,,1,100,,54674,4,,,1,30,,54678,4,,,1,70,,54675,4,,,1,30,,54679,4,,,1,70,,54676,4,,,1,100,,54677,4,,,1,102,,54663,1,,,1,100,,54664,1,,,1,100,,54665,1,,,1,100,,54666,1,,,1,100,,54667,1,,,1,100,,54668,1,,,1,400,,54669,1,,,1,100,,54670,1,,,1,100,,54671,1,,,1,100,,54672,1,,,1
701,'20260804',523,,54692,4,,,1,100,,54693,4,,,1,30,,54697,4,,,1,70,,54694,4,,,1,30,,54698,4,,,1,70,,54695,4,,,1,100,,54696,4,,,1,102,,54682,1,,,1,100,,54683,1,,,1,100,,54684,1,,,1,100,,54685,1,,,1,100,,54686,1,,,1,100,,54687,1,,,1,400,,54688,1,,,1,100,,54689,1,,,1,100,,54690,1,,,1,100,,54691,1,,,1
701,'20260805',523,,54711,4,,,1,100,,54712,4,,,1,30,,54716,4,,,1,70,,54713,4,,,1,30,,54717,4,,,1,70,,54714,4,,,1,100,,54715,4,,,1,102,,54701,1,,,1,100,,54702,1,,,1,100,,54703,1,,,1,100,,54704,1,,,1,100,,54705,1,,,1,100,,54706,1,,,1,400,,54707,1,,,1,100,,54708,1,,,1,100,,54709,1,,,1,100,,54710,1,,,1
701,'20260806',523,,54730,4,,,1,100,,54731,4,,,1,30,,54735,4,,,1,70,,54732,4,,,1,30,,54736,4,,,1,70,,54733,4,,,1,100,,54734,4,,,1,102,,54720,1,,,1,100,,54721,1,,,1,100,,54722,1,,,1,100,,54723,1,,,1,100,,54724,1,,,1,100,,54725,1,,,1,400,,54726,1,,,1,100,,54727,1,,,1,100,,54728,1,,,1,100,,54729,1,,,1
701,'20260807',523,,54749,4,,,1,100,,54750,4,,,1,30,,54754,4,,,1,70,,54751,4,,,1,30,,54755,4,,,1,70,,54752,4,,,1,100,,54753,4,,,1,102,,54739,1,,,1,100,,54740,1,,,1,100,,54741,1,,,1,100,,54742,1,,,1,100,,54743,1,,,1,100,,54744,1,,,1,400,,54745,1,,,1,100,,54746,1,,,1,100,,54747,1,,,1,100,,54748,1,,,1
701,'20260808',724,,54768,4,,,1,100,,54769,4,,,1,100,,54770,4,,,1,102,,54756,1,,,1,100,,54757,1,,,1,100,,54758,1,,,1,100,,54759,1,,,1,100,,54760,1,,,1,100,,54761,1,,,1,100,,54762,1,,,1,100,,54763,1,,,1,100,,54764,1,,,1,100,,54765,1,,,1,100,,54766,1,,,1,100,,54767,1,,,1
701,'20260809',724,,54783,4,,,1,100,,54784,4,,,1,100,,54785,4,,,1,102,,54771,1,,,1,100,,54772,1,,,1,100,,54773,1,,,1,100,,54774,1,,,1,100,,54775,1,,,1,100,,54776,1,,,1,100,,54777,1,,,1,100,,54778,1,,,1,100,,54779,1,,,1,100,,54780,1,,,1,100,,54781,1,,,1,100,,54782,1,,,1
701,'20260810',523,,54798,4,,,1,100,,54799,4,,,1,30,,54803,4,,,1,70,,54800,4,,,1,30,,54804,4,,,1,70,,54801,4,,,1,100,,54802,4,,,1,102,,54788,1,,,1,100,,54789,1,,,1,100,,54790,1,,,1,100,,54791,1,,,1,100,,54792,1,,,1,100,,54793,1,,,1,400,,54794,1,,,1,100,,54795,1,,,1,100,,54796,1,,,1,100,,54797,1,,,1
701,'20260811',523,,54817,4,,,1,100,,54818,4,,,1,30,,54822,4,,,1,70,,54819,4,,,1,30,,54823,4,,,1,70,,54820,4,,,1,100,,54821,4,,,1,102,,54807,1,,,1,100,,54808,1,,,1,100,,54809,1,,,1,100,,54810,1,,,1,100,,54811,1,,,1,100,,54812,1,,,1,400,,54813,1,,,1,100,,54814,1,,,1,100,,54815,1,,,1,100,,54816,1,,,1
701,'20260812',523,,54836,4,,,1,100,,54837,4,,,1,30,,54841,4,,,1,70,,54838,4,,,1,30,,54842,4,,,1,70,,54839,4,,,1,100,,54840,4,,,1,102,,54826,1,,,1,100,,54827,1,,,1,100,,54828,1,,,1,100,,54829,1,,,1,100,,54830,1,,,1,100,,54831,1,,,1,400,,54832,1,,,1,100,,54833,1,,,1,100,,54834,1,,,1,100,,54835,1,,,1
701,'20260813',523,,54855,4,,,1,100,,54856,4,,,1,30,,54860,4,,,1,70,,54857,4,,,1,30,,54861,4,,,1,70,,54858,4,,,1,100,,54859,4,,,1,102,,54845,1,,,1,100,,54846,1,,,1,100,,54847,1,,,1,100,,54848,1,,,1,100,,54849,1,,,1,100,,54850,1,,,1,400,,54851,1,,,1,100,,54852,1,,,1,100,,54853,1,,,1,100,,54854,1,,,1
701,'20260814',523,,54874,4,,,1,100,,54875,4,,,1,30,,54879,4,,,1,70,,54876,4,,,1,30,,54880,4,,,1,70,,54877,4,,,1,100,,54878,4,,,1,102,,54864,1,,,1,100,,54865,1,,,1,100,,54866,1,,,1,100,,54867,1,,,1,100,,54868,1,,,1,100,,54869,1,,,1,400,,54870,1,,,1,100,,54871,1,,,1,100,,54872,1,,,1,100,,54873,1,,,1
701,'20260815',724,,54893,4,,,1,100,,54894,4,,,1,100,,54895,4,,,1,102,,54881,1,,,1,100,,54882,1,,,1,100,,54883,1,,,1,100,,54884,1,,,1,100,,54885,1,,,1,100,,54886,1,,,1,100,,54887,1,,,1,100,,54888,1,,,1,100,,54889,1,,,1,100,,54890,1,,,1,100,,54891,1,,,1,100,,54892,1,,,1
701,'20260816',724,,54908,4,,,1,100,,54909,4,,,1,100,,54910,4,,,1,102,,54896,1,,,1,100,,54897,1,,,1,100,,54898,1,,,1,100,,54899,1,,,1,100,,54900,1,,,1,100,,54901,1,,,1,100,,54902,1,,,1,100,,54903,1,,,1,100,,54904,1,,,1,100,,54905,1,,,1,100,,54906,1,,,1,100,,54907,1,,,1
701,'20260817',523,,54923,4,,,1,100,,54924,4,,,1,30,,54928,4,,,1,70,,54925,4,,,1,30,,54929,4,,,1,70,,54926,4,,,1,100,,54927,4,,,1,102,,54913,1,,,1,100,,54914,1,,,1,100,,54915,1,,,1,100,,54916,1,,,1,100,,54917,1,,,1,100,,54918,1,,,1,400,,54919,1,,,1,100,,54920,1,,,1,100,,54921,1,,,1,100,,54922,1,,,1
701,'20260818',523,,54942,4,,,1,100,,54943,4,,,1,30,,54947,4,,,1,70,,54944,4,,,1,30,,54948,4,,,1,70,,54945,4,,,1,100,,54946,4,,,1,102,,54932,1,,,1,100,,54933,1,,,1,100,,54934,1,,,1,100,,54935,1,,,1,100,,54936,1,,,1,100,,54937,1,,,1,400,,54938,1,,,1,100,,54939,1,,,1,100,,54940,1,,,1,100,,54941,1,,,1
701,'20260819',523,,54961,4,,,1,100,,54962,4,,,1,30,,54966,4,,,1,70,,54963,4,,,1,30,,54967,4,,,1,70,,54964,4,,,1,100,,54965,4,,,1,102,,54951,1,,,1,100,,54952,1,,,1,100,,54953,1,,,1,100,,54954,1,,,1,100,,54955,1,,,1,100,,54956,1,,,1,400,,54957,1,,,1,100,,54958,1,,,1,100,,54959,1,,,1,100,,54960,1,,,1
701,'20260820',523,,54980,4,,,1,100,,54981,4,,,1,30,,54985,4,,,1,70,,54982,4,,,1,30,,54986,4,,,1,70,,54983,4,,,1,100,,54984,4,,,1,102,,54970,1,,,1,100,,54971,1,,,1,100,,54972,1,,,1,100,,54973,1,,,1,100,,54974,1,,,1,100,,54975,1,,,1,400,,54976,1,,,1,100,,54977,1,,,1,100,,54978,1,,,1,100,,54979,1,,,1
701,'20260821',523,,54999,4,,,1,100,,55000,4,,,1,30,,55004,4,,,1,70,,55001,4,,,1,30,,55005,4,,,1,70,,55002,4,,,1,100,,55003,4,,,1,102,,54989,1,,,1,100,,54990,1,,,1,100,,54991,1,,,1,100,,54992,1,,,1,100,,54993,1,,,1,100,,54994,1,,,1,400,,54995,1,,,1,100,,54996,1,,,1,100,,54997,1,,,1,100,,54998,1,,,1
701,'20260822',724,,55018,4,,,1,100,,55019,4,,,1,100,,55020,4,,,1,102,,55006,1,,,1,100,,55007,1,,,1,100,,55008,1,,,1,100,,55009,1,,,1,100,,55010,1,,,1,100,,55011,1,,,1,100,,55012,1,,,1,100,,55013,1,,,1,100,,55014,1,,,1,100,,55015,1,,,1,100,,55016,1,,,1,100,,55017,1,,,1
701,'20260823',724,,55033,4,,,1,100,,55034,4,,,1,100,,55035,4,,,1,102,,55021,1,,,1,100,,55022,1,,,1,100,,55023,1,,,1,100,,55024,1,,,1,100,,55025,1,,,1,100,,55026,1,,,1,100,,55027,1,,,1,100,,55028,1,,,1,100,,55029,1,,,1,100,,55030,1,,,1,100,,55031,1,,,1,100,,55032,1,,,1
701,'20260824',523,,55048,4,,,1,100,,55049,4,,,1,30,,55053,4,,,1,70,,55050,4,,,1,30,,55054,4,,,1,70,,55051,4,,,1,100,,55052,4,,,1,102,,55038,1,,,1,100,,55039,1,,,1,100,,55040,1,,,1,100,,55041,1,,,1,100,,55042,1,,,1,100,,55043,1,,,1,400,,55044,1,,,1,100,,55045,1,,,1,100,,55046,1,,,1,100,,55047,1,,,1
701,'20260825',523,,55067,4,,,1,100,,55068,4,,,1,30,,55072,4,,,1,70,,55069,4,,,1,30,,55073,4,,,1,70,,55070,4,,,1,100,,55071,4,,,1,102,,55057,1,,,1,100,,55058,1,,,1,100,,55059,1,,,1,100,,55060,1,,,1,100,,55061,1,,,1,100,,55062,1,,,1,400,,55063,1,,,1,100,,55064,1,,,1,100,,55065,1,,,1,100,,55066,1,,,1
701,'20260826',523,,55086,4,,,1,100,,55087,4,,,1,30,,55091,4,,,1,70,,55088,4,,,1,30,,55092,4,,,1,70,,55089,4,,,1,100,,55090,4,,,1,102,,55076,1,,,1,100,,55077,1,,,1,100,,55078,1,,,1,100,,55079,1,,,1,100,,55080,1,,,1,100,,55081,1,,,1,400,,55082,1,,,1,100,,55083,1,,,1,100,,55084,1,,,1,100,,55085,1,,,1
701,'20260827',523,,55105,4,,,1,100,,55106,4,,,1,30,,55110,4,,,1,70,,55107,4,,,1,30,,55111,4,,,1,70,,55108,4,,,1,100,,55109,4,,,1,102,,55095,1,,,1,100,,55096,1,,,1,100,,55097,1,,,1,100,,55098,1,,,1,100,,55099,1,,,1,100,,55100,1,,,1,400,,55101,1,,,1,100,,55102,1,,,1,100,,55103,1,,,1,100,,55104,1,,,1
701,'20260828',523,,55124,4,,,1,100,,55125,4,,,1,30,,55129,4,,,1,70,,55126,4,,,1,30,,55130,4,,,1,70,,55127,4,,,1,100,,55128,4,,,1,102,,55114,1,,,1,100,,55115,1,,,1,100,,55116,1,,,1,100,,55117,1,,,1,100,,55118,1,,,1,100,,55119,1,,,1,400,,55120,1,,,1,100,,55121,1,,,1,100,,55122,1,,,1,100,,55123,1,,,1
701,'20260829',724,,55143,4,,,1,100,,55144,4,,,1,100,,55145,4,,,1,102,,55131,1,,,1,100,,55132,1,,,1,100,,55133,1,,,1,100,,55134,1,,,1,100,,55135,1,,,1,100,,55136,1,,,1,100,,55137,1,,,1,100,,55138,1,,,1,100,,55139,1,,,1,100,,55140,1,,,1,100,,55141,1,,,1,100,,55142,1,,,1
701,'20260830',724,,55158,4,,,1,100,,55159,4,,,1,100,,55160,4,,,1,102,,55146,1,,,1,100,,55147,1,,,1,100,,55148,1,,,1,100,,55149,1,,,1,100,,55150,1,,,1,100,,55151,1,,,1,100,,55152,1,,,1,100,,55153,1,,,1,100,,55154,1,,,1,100,,55155,1,,,1,100,,55156,1,,,1,100,,55157,1,,,1
701,'20260831',523,,55173,4,,,1,100,,55174,4,,,1,30,,55178,4,,,1,70,,55175,4,,,1,30,,55179,4,,,1,70,,55176,4,,,1,100,,55177,4,,,1,102,,55163,1,,,1,100,,55164,1,,,1,100,,55165,1,,,1,100,,55166,1,,,1,100,,55167,1,,,1,100,,55168,1,,,1,400,,55169,1,,,1,100,,55170,1,,,1,100,,55171,1,,,1,100,,55172,1,,,1
701,'20260901',523,,55192,4,,,1,100,,55193,4,,,1,30,,55197,4,,,1,70,,55194,4,,,1,30,,55198,4,,,1,70,,55195,4,,,1,100,,55196,4,,,1,102,,55182,1,,,1,100,,55183,1,,,1,100,,55184,1,,,1,100,,55185,1,,,1,100,,55186,1,,,1,100,,55187,1,,,1,400,,55188,1,,,1,100,,55189,1,,,1,100,,55190,1,,,1,100,,55191,1,,,1
701,'20260902',523,,55211,4,,,1,100,,55212,4,,,1,30,,55216,4,,,1,70,,55213,4,,,1,30,,55217,4,,,1,70,,55214,4,,,1,100,,55215,4,,,1,102,,55201,1,,,1,100,,55202,1,,,1,100,,55203,1,,,1,100,,55204,1,,,1,100,,55205,1,,,1,100,,55206,1,,,1,400,,55207,1,,,1,100,,55208,1,,,1,100,,55209,1,,,1,100,,55210,1,,,1
701,'20260903',523,,55230,4,,,1,100,,55231,4,,,1,30,,55235,4,,,1,70,,55232,4,,,1,30,,55236,4,,,1,70,,55233,4,,,1,100,,55234,4,,,1,102,,55220,1,,,1,100,,55221,1,,,1,100,,55222,1,,,1,100,,55223,1,,,1,100,,55224,1,,,1,100,,55225,1,,,1,400,,55226,1,,,1,100,,55227,1,,,1,100,,55228,1,,,1,100,,55229,1,,,1
701,'20260904',523,,55249,4,,,1,100,,55250,4,,,1,30,,55254,4,,,1,70,,55251,4,,,1,30,,55255,4,,,1,70,,55252,4,,,1,100,,55253,4,,,1,102,,55239,1,,,1,100,,55240,1,,,1,100,,55241,1,,,1,100,,55242,1,,,1,100,,55243,1,,,1,100,,55244,1,,,1,400,,55245,1,,,1,100,,55246,1,,,1,100,,55247,1,,,1,100,,55248,1,,,1
