300,'20260707',1048,,43718,32,0,35,1,300,,43719,32,0,35,1,300,,43720,32,0,35,1,79,,43715,32,0,35,1,31,,63769,32,,,1,70,,43716,32,0,35,1,31,,43725,32,0,35,1,67,,43717,32,0,35,1,322,,43721,32,0,35,1,100,,43722,32,0,35,1
300,'20260708',1048,,43758,32,0,35,1,300,,43759,32,0,35,1,300,,43760,32,0,35,1,79,,43755,32,0,35,1,31,,63770,32,,,1,70,,43756,32,0,35,1,31,,43765,32,0,35,1,67,,43757,32,0,35,1,322,,43761,32,0,35,1,100,,43762,32,0,35,1
300,'20260709',1048,,43798,32,0,35,1,300,,43799,32,0,35,1,300,,43800,32,0,35,1,79,,43795,32,0,35,1,31,,63771,32,,,1,70,,43796,32,0,35,1,31,,43805,32,0,35,1,67,,43797,32,0,35,1,322,,43801,32,0,35,1,100,,43802,32,0,35,1
300,'20260710',1048,,43838,32,0,35,1,300,,43839,32,0,35,1,300,,43840,32,0,35,1,79,,43835,32,0,35,1,31,,63772,32,,,1,70,,43836,32,0,35,1,31,,43845,32,0,35,1,67,,43837,32,0,35,1,322,,43841,32,0,35,1,100,,43842,32,0,35,1
300,'20260711',1801,,43869,32,0,35,1,600,,43870,32,0,35,1
300,'20260712',1801,,43894,32,0,35,1,600,,43895,32,0,35,1
300,'20260713',1048,,43928,32,0,35,1,300,,43929,32,0,35,1,300,,43930,32,0,35,1,79,,43925,32,0,35,1,31,,63775,32,,,1,70,,43926,32,0,35,1,31,,43935,32,0,35,1,67,,43927,32,0,35,1,322,,43931,32,0,35,1,100,,43932,32,0,35,1
300,'20260714',1048,,43968,32,0,35,1,300,,43969,32,0,35,1,300,,43970,32,0,35,1,79,,43965,32,0,35,1,31,,63776,32,,,1,70,,43966,32,0,35,1,31,,43975,32,0,35,1,67,,43967,32,0,35,1,322,,43971,32,0,35,1,100,,43972,32,0,35,1
300,'20260715',1048,,44008,32,0,35,1,300,,44009,32,0,35,1,300,,44010,32,0,35,1,79,,44005,32,0,35,1,31,,63777,32,,,1,70,,44006,32,0,35,1,31,,44015,32,0,35,1,67,,44007,32,0,35,1,322,,44011,32,0,35,1,100,,44012,32,0,35,1
300,'20260716',1048,,44048,32,0,35,1,300,,44049,32,0,35,1,300,,44050,32,0,35,1,79,,44045,32,0,35,1,31,,63778,32,,,1,70,,44046,32,0,35,1,31,,44055,32,0,35,1,67,,44047,32,0,35,1,322,,44051,32,0,35,1,100,,44052,32,0,35,1
300,'20260717',1048,,44088,32,0,35,1,300,,44089,32,0,35,1,300,,44090,32,0,35,1,79,,44085,32,0,35,1,31,,63779,32,,,1,70,,44086,32,0,35,1,31,,44095,32,0,35,1,67,,44087,32,0,35,1,322,,44091,32,0,35,1,100,,44092,32,0,35,1
300,'20260718',1801,,44119,32,0,35,1,600,,44120,32,0,35,1
300,'20260719',1801,,44144,32,0,35,1,600,,44145,32,0,35,1
300,'20260720',1048,,44178,32,0,35,1,300,,44179,32,0,35,1,300,,44180,32,0,35,1,79,,44175,32,0,35,1,31,,63782,32,,,1,70,,44176,32,0,35,1,31,,44185,32,0,35,1,67,,44177,32,0,35,1,322,,44181,32,0,35,1,100,,44182,32,0,35,1
300,'20260721',1048,,44218,32,0,35,1,300,,44219,32,0,35,1,300,,44220,32,0,35,1,79,,44215,32,0,35,1,31,,63783,32,,,1,70,,44216,32,0,35,1,31,,44225,32,0,35,1,67,,44217,32,0,35,1,322,,44221,32,0,35,1,100,,44222,32,0,35,1
300,'20260722',1048,,44258,32,0,35,1,300,,44259,32,0,35,1,300,,44260,32,0,35,1,79,,44255,32,0,35,1,31,,63784,32,,,1,70,,44256,32,0,35,1,31,,44265,32,0,35,1,67,,44257,32,0,35,1,322,,44261,32,0,35,1,100,,44262,32,0,35,1
300,'20260723',1048,,44298,32,0,35,1,300,,44299,32,0,35,1,300,,44300,32,0,35,1,79,,44295,32,0,35,1,31,,63785,32,,,1,70,,44296,32,0,35,1,31,,44305,32,0,35,1,67,,44297,32,0,35,1,322,,44301,32,0,35,1,100,,44302,32,0,35,1
300,'20260724',1048,,44338,32,0,35,1,300,,44339,32,0,35,1,300,,44340,32,0,35,1,79,,44335,32,0,35,1,31,,63786,32,,,1,70,,44336,32,0,35,1,31,,44345,32,0,35,1,67,,44337,32,0,35,1,422,,44342,32,0,35,1
300,'20260727',1049,,44428,32,0,35,1,300,,44429,32,0,35,1,300,,44430,32,0,35,1,79,,44425,32,0,35,1,31,,63789,32,,,1,70,,44426,32,0,35,1,71,,44435,32,0,35,1,27,,44427,32,0,35,1,322,,44431,32,0,35,1,100,,44432,32,0,35,1
300,'20260728',1049,,44468,32,0,35,1,300,,44469,32,0,35,1,300,,44470,32,0,35,1,79,,44465,32,0,35,1,31,,63790,32,,,1,70,,44466,32,0,35,1,71,,44475,32,0,35,1,27,,44467,32,0,35,1,322,,44471,32,0,35,1,100,,44472,32,0,35,1
300,'20260729',1048,,44508,32,0,35,1,300,,44509,32,0,35,1,300,,44510,32,0,35,1,79,,44505,32,0,35,1,31,,63791,32,,,1,70,,44506,32,0,35,1,31,,44515,32,0,35,1,67,,44507,32,0,35,1,322,,44511,32,0,35,1,100,,44512,32,0,35,1
300,'20260730',1048,,44548,32,0,35,1,300,,44549,32,0,35,1,300,,44550,32,0,35,1,79,,44545,32,0,35,1,31,,63792,32,,,1,70,,44546,32,0,35,1,31,,44555,32,0,35,1,67,,44547,32,0,35,1,322,,44551,32,0,35,1,100,,44552,32,0,35,1
300,'20260731',1048,,44588,32,0,35,1,300,,44589,32,0,35,1,300,,44590,32,0,35,1,79,,44585,32,0,35,1,31,,63793,32,,,1,70,,44586,32,0,35,1,31,,44595,32,0,35,1,67,,44587,32,0,35,1,322,,44591,32,0,35,1,100,,44592,32,0,35,1
300,'20260801',1801,,44619,32,0,35,1,600,,44620,32,0,35,1
300,'20260802',1801,,44644,32,0,35,1,600,,44645,32,0,35,1
300,'20260803',1801,,64170,32,0,35,1,600,,44682,32,0,35,1
300,'20260804',1048,,44718,32,0,35,1,300,,44719,32,0,35,1,300,,44720,32,0,35,1,79,,44715,32,0,35,1,31,,63797,32,,,1,70,,44716,32,0,35,1,31,,44725,32,0,35,1,67,,44717,32,0,35,1,322,,44721,32,0,35,1,100,,44722,32,0,35,1
300,'20260805',1048,,44758,32,0,35,1,300,,44759,32,0,35,1,300,,44760,32,0,35,1,79,,44755,32,0,35,1,31,,63798,32,,,1,70,,44756,32,0,35,1,31,,44765,32,0,35,1,67,,44757,32,0,35,1,322,,44761,32,0,35,1,100,,44762,32,0,35,1
300,'20260806',1048,,44798,32,0,35,1,300,,44799,32,0,35,1,300,,44800,32,0,35,1,79,,44795,32,0,35,1,31,,63799,32,,,1,70,,44796,32,0,35,1,31,,44805,32,0,35,1,67,,44797,32,0,35,1,322,,44801,32,0,35,1,100,,44802,32,0,35,1
300,'20260807',1048,,44838,32,0,35,1,300,,44839,32,0,35,1,300,,44840,32,0,35,1,79,,44835,32,0,35,1,31,,63800,32,,,1,70,,44836,32,0,35,1,31,,44845,32,0,35,1,67,,44837,32,0,35,1,322,,44841,32,0,35,1,100,,44842,32,0,35,1
300,'20260808',1801,,44869,32,0,35,1,600,,44870,32,0,35,1
300,'20260809',1801,,44894,32,0,35,1,600,,44895,32,0,35,1
300,'20260810',1801,,64187,32,0,35,1,600,,44932,32,0,35,1
300,'20260811',1048,,44968,32,0,35,1,300,,44969,32,0,35,1,300,,44970,32,0,35,1,79,,44965,32,0,35,1,31,,63804,32,,,1,70,,44966,32,0,35,1,31,,44975,32,0,35,1,67,,44967,32,0,35,1,322,,44971,32,0,35,1,100,,44972,32,0,35,1
300,'20260812',1048,,45008,32,0,35,1,300,,45009,32,0,35,1,300,,45010,32,0,35,1,79,,45005,32,0,35,1,31,,63805,32,,,1,70,,45006,32,0,35,1,31,,45015,32,0,35,1,67,,45007,32,0,35,1,322,,45011,32,0,35,1,100,,45012,32,0,35,1
300,'20260813',1048,,45048,32,0,35,1,300,,45049,32,0,35,1,300,,45050,32,0,35,1,79,,45045,32,0,35,1,31,,63806,32,,,1,70,,45046,32,0,35,1,31,,45055,32,0,35,1,67,,45047,32,0,35,1,322,,45051,32,0,35,1,100,,45052,32,0,35,1
300,'20260814',1048,,45088,32,0,35,1,300,,45089,32,0,35,1,300,,45090,32,0,35,1,79,,45085,32,0,35,1,31,,63807,32,,,1,70,,45086,32,0,35,1,31,,45095,32,0,35,1,67,,45087,32,0,35,1,322,,45091,32,0,35,1,100,,45092,32,0,35,1
300,'20260815',1801,,45119,32,0,35,1,600,,45120,32,0,35,1
300,'20260816',1801,,45144,32,0,35,1,600,,45145,32,0,35,1
300,'20260817',1801,,64204,32,0,35,1,600,,45182,32,0,35,1
300,'20260818',1048,,45218,32,0,35,1,300,,45219,32,0,35,1,300,,45220,32,0,35,1,79,,45215,32,0,35,1,31,,63811,32,,,1,70,,45216,32,0,35,1,31,,45225,32,0,35,1,67,,45217,32,0,35,1,322,,45221,32,0,35,1,100,,45222,32,0,35,1
300,'20260819',1048,,45258,32,0,35,1,300,,45259,32,0,35,1,300,,45260,32,0,35,1,79,,45255,32,0,35,1,31,,63812,32,,,1,70,,45256,32,0,35,1,31,,45265,32,0,35,1,67,,45257,32,0,35,1,322,,45261,32,0,35,1,100,,45262,32,0,35,1
300,'20260820',1048,,45298,32,0,35,1,300,,45299,32,0,35,1,300,,45300,32,0,35,1,79,,45295,32,0,35,1,31,,63813,32,,,1,70,,45296,32,0,35,1,31,,45305,32,0,35,1,67,,45297,32,0,35,1,322,,45301,32,0,35,1,100,,45302,32,0,35,1
300,'20260821',1048,,45338,32,0,35,1,300,,45339,32,0,35,1,300,,45340,32,0,35,1,79,,45335,32,0,35,1,31,,63814,32,,,1,70,,45336,32,0,35,1,31,,45345,32,0,35,1,67,,45337,32,0,35,1,322,,45341,32,0,35,1,100,,45342,32,0,35,1
300,'20260822',1801,,45369,32,0,35,1,600,,45370,32,0,35,1
300,'20260823',1801,,45394,32,0,35,1,600,,45395,32,0,35,1
300,'20260824',1801,,64221,32,0,35,1,600,,45432,32,0,35,1
300,'20260825',1048,,45468,32,0,35,1,300,,45469,32,0,35,1,300,,45470,32,0,35,1,79,,45465,32,0,35,1,31,,63818,32,,,1,70,,45466,32,0,35,1,31,,45475,32,0,35,1,67,,45467,32,0,35,1,322,,45471,32,0,35,1,100,,45472,32,0,35,1
300,'20260826',1048,,45508,32,0,35,1,300,,45509,32,0,35,1,300,,45510,32,0,35,1,79,,45505,32,0,35,1,31,,63819,32,,,1,70,,45506,32,0,35,1,31,,45515,32,0,35,1,67,,45507,32,0,35,1,322,,45511,32,0,35,1,100,,45512,32,0,35,1
300,'20260827',1048,,45548,32,0,35,1,300,,45549,32,0,35,1,300,,45550,32,0,35,1,79,,45545,32,0,35,1,31,,63820,32,,,1,70,,45546,32,0,35,1,31,,45555,32,0,35,1,67,,45547,32,0,35,1,322,,45551,32,0,35,1,100,,45552,32,0,35,1
300,'20260828',1048,,45588,32,0,35,1,300,,45589,32,0,35,1,300,,45590,32,0,35,1,79,,45585,32,0,35,1,31,,63821,32,,,1,70,,45586,32,0,35,1,31,,45595,32,0,35,1,67,,45587,32,0,35,1,322,,45591,32,0,35,1,100,,45592,32,0,35,1
300,'20260829',1801,,45619,32,0,35,1,600,,45620,32,0,35,1
300,'20260830',1801,,45644,32,0,35,1,600,,45645,32,0,35,1
300,'20260831',1801,,64238,32,0,35,1,600,,45682,32,0,35,1
300,'20260901',1048,,45718,32,0,35,1,300,,45719,32,0,35,1,300,,45720,32,0,35,1,79,,45715,32,0,35,1,31,,63825,32,,,1,70,,45716,32,0,35,1,31,,45725,32,0,35,1,67,,45717,32,0,35,1,322,,45721,32,0,35,1,100,,45722,32,0,35,1
300,'20260902',1048,,45758,32,0,35,1,300,,45759,32,0,35,1,300,,45760,32,0,35,1,79,,45755,32,0,35,1,31,,63826,32,,,1,70,,45756,32,0,35,1,31,,45765,32,0,35,1,67,,45757,32,0,35,1,322,,45761,32,0,35,1,100,,45762,32,0,35,1
300,'20260903',1048,,45798,32,0,35,1,300,,45799,32,0,35,1,300,,45800,32,0,35,1,79,,45795,32,0,35,1,31,,63827,32,,,1,70,,45796,32,0,35,1,31,,45805,32,0,35,1,67,,45797,32,0,35,1,322,,45801,32,0,35,1,100,,45802,32,0,35,1
300,'20260904',1048,,45838,32,0,35,1,300,,45839,32,0,35,1,300,,45840,32,0,35,1,79,,45835,32,0,35,1,31,,63828,32,,,1,70,,45836,32,0,35,1,31,,45845,32,0,35,1,67,,45837,32,0,35,1,322,,45841,32,0,35,1,100,,45842,32,0,35,1
301,'20260707',550,,46700,11,,,1,92,,46707,11,,,1,71,,46701,11,,,1,30,,63830,20,,,1,70,,46702,11,,,1,30,,46709,11,,,1,68,,46710,11,,,1,312,,46704,11,,,1,300,,46705,11,,,1,600,,46706,11,,,1
301,'20260708',550,,46740,11,,,1,92,,46747,11,,,1,71,,46741,11,,,1,30,,63831,20,,,1,70,,46742,11,,,1,30,,46749,11,,,1,68,,46750,11,,,1,312,,46744,11,,,1,300,,46745,11,,,1,600,,46746,11,,,1
301,'20260709',550,,46780,11,,,1,92,,46787,11,,,1,71,,46781,11,,,1,30,,63832,20,,,1,70,,46782,11,,,1,30,,46789,11,,,1,68,,46790,11,,,1,312,,46784,11,,,1,300,,46785,11,,,1,600,,46786,11,,,1
301,'20260710',550,,46820,11,,,1,92,,46827,11,,,1,71,,46821,11,,,1,30,,63833,20,,,1,70,,46822,11,,,1,30,,46829,11,,,1,68,,46830,11,,,1,312,,46824,11,,,1,300,,46825,11,,,1,600,,46826,11,,,1
301,'20260711',824,,46854,11,,,1,800,,46855,11,,,1
301,'20260712',824,,46879,11,,,1,800,,46880,11,,,1
301,'20260713',550,,46910,11,,,1,92,,46917,11,,,1,71,,46911,11,,,1,30,,63836,20,,,1,70,,46912,11,,,1,30,,46919,11,,,1,68,,46920,11,,,1,312,,46914,11,,,1,300,,46915,11,,,1,600,,46916,11,,,1
301,'20260714',550,,46950,11,,,1,92,,46957,11,,,1,71,,46951,11,,,1,30,,63837,20,,,1,70,,46952,11,,,1,30,,46959,11,,,1,68,,46960,11,,,1,312,,46954,11,,,1,300,,46955,11,,,1,600,,46956,11,,,1
301,'20260715',550,,46990,11,,,1,92,,46997,11,,,1,71,,46991,11,,,1,30,,63838,20,,,1,70,,46992,11,,,1,30,,46999,11,,,1,68,,47000,11,,,1,312,,46994,11,,,1,300,,46995,11,,,1,600,,46996,11,,,1
301,'20260716',550,,47030,11,,,1,92,,47037,11,,,1,71,,47031,11,,,1,30,,63839,20,,,1,70,,47032,11,,,1,30,,47039,11,,,1,68,,47040,11,,,1,312,,47034,11,,,1,300,,47035,11,,,1,600,,47036,11,,,1
301,'20260717',550,,47070,11,,,1,92,,47077,11,,,1,71,,47071,11,,,1,30,,63840,20,,,1,70,,47072,11,,,1,30,,47079,11,,,1,68,,47080,11,,,1,312,,47074,11,,,1,300,,47075,11,,,1,600,,47076,11,,,1
301,'20260718',824,,47104,11,,,1,800,,47105,11,,,1
301,'20260719',824,,47129,11,,,1,800,,47130,11,,,1
301,'20260720',550,,47160,11,,,1,92,,47167,11,,,1,71,,47161,11,,,1,30,,63843,20,,,1,70,,47162,11,,,1,30,,47169,11,,,1,68,,47170,11,,,1,312,,47164,11,,,1,300,,47165,11,,,1,600,,47166,11,,,1
301,'20260721',550,,47200,11,,,1,92,,47207,11,,,1,71,,47201,11,,,1,30,,63844,20,,,1,70,,47202,11,,,1,30,,47209,11,,,1,68,,47210,11,,,1,312,,47204,11,,,1,300,,47205,11,,,1,600,,47206,11,,,1
301,'20260722',550,,47240,11,,,1,92,,47247,11,,,1,71,,47241,11,,,1,30,,63845,20,,,1,70,,47242,11,,,1,30,,47249,11,,,1,68,,47250,11,,,1,312,,47244,11,,,1,300,,47245,11,,,1,600,,47246,11,,,1
301,'20260723',550,,47280,11,,,1,92,,47287,11,,,1,71,,47281,11,,,1,30,,63846,20,,,1,70,,47282,11,,,1,30,,47289,11,,,1,68,,47290,11,,,1,312,,47284,11,,,1,300,,47285,11,,,1,600,,47286,11,,,1
301,'20260724',550,,47320,11,,,1,92,,47327,11,,,1,71,,47321,11,,,1,30,,63847,20,,,1,70,,47322,11,,,1,30,,47329,11,,,1,68,,47330,11,,,1,312,,47324,11,,,1,300,,47325,11,,,1,600,,47326,11,,,1
301,'20260727',549,,47410,11,,,1,92,,47417,11,,,1,71,,47411,11,,,1,30,,63850,20,,,1,70,,47412,11,,,1,30,,47419,11,,,1,68,,47420,11,,,1,312,,47414,11,,,1,300,,47415,11,,,1,600,,47416,11,,,1
301,'20260728',549,,47450,11,,,1,92,,47457,11,,,1,71,,47451,11,,,1,30,,63851,20,,,1,70,,47452,11,,,1,30,,47459,11,,,1,68,,47460,11,,,1,312,,47454,11,,,1,300,,47455,11,,,1,600,,47456,11,,,1
301,'20260729',550,,47490,11,,,1,92,,47497,11,,,1,71,,47491,11,,,1,30,,63852,20,,,1,70,,47492,11,,,1,30,,47499,11,,,1,68,,47500,11,,,1,312,,47494,11,,,1,300,,47495,11,,,1,600,,47496,11,,,1
301,'20260730',550,,47530,11,,,1,92,,47537,11,,,1,71,,47531,11,,,1,30,,63853,20,,,1,70,,47532,11,,,1,30,,47539,11,,,1,68,,47540,11,,,1,312,,47534,11,,,1,300,,47535,11,,,1,600,,47536,11,,,1
301,'20260731',550,,47570,11,,,1,92,,47577,11,,,1,71,,47571,11,,,1,30,,63854,20,,,1,70,,47572,11,,,1,30,,47579,11,,,1,68,,47580,11,,,1,312,,47574,11,,,1,300,,47575,11,,,1,600,,47576,11,,,1
301,'20260801',824,,47604,11,,,1,800,,47605,11,,,1
301,'20260802',824,,47629,11,,,1,800,,47630,11,,,1
301,'20260803',824,,64255,11,,,1,800,,64256,11,,,1
301,'20260804',550,,47700,11,,,1,92,,47707,11,,,1,71,,47701,11,,,1,30,,63858,20,,,1,70,,47702,11,,,1,30,,47709,11,,,1,68,,47710,11,,,1,312,,47704,11,,,1,300,,47705,11,,,1,600,,47706,11,,,1
301,'20260805',550,,47740,11,,,1,92,,47747,11,,,1,71,,47741,11,,,1,30,,63859,20,,,1,70,,47742,11,,,1,30,,47749,11,,,1,68,,47750,11,,,1,312,,47744,11,,,1,300,,47745,11,,,1,600,,47746,11,,,1
301,'20260806',550,,47780,11,,,1,92,,47787,11,,,1,71,,47781,11,,,1,30,,63860,20,,,1,70,,47782,11,,,1,30,,47789,11,,,1,68,,47790,11,,,1,312,,47784,11,,,1,300,,47785,11,,,1,600,,47786,11,,,1
301,'20260807',550,,47820,11,,,1,92,,47827,11,,,1,71,,47821,11,,,1,30,,63861,20,,,1,70,,47822,11,,,1,30,,47829,11,,,1,68,,47830,11,,,1,312,,47824,11,,,1,300,,47825,11,,,1,600,,47826,11,,,1
301,'20260808',824,,47854,11,,,1,800,,47855,11,,,1
301,'20260809',824,,47879,11,,,1,800,,47880,11,,,1
301,'20260810',824,,64273,11,,,1,800,,64274,11,,,1
301,'20260811',550,,47950,11,,,1,92,,47957,11,,,1,71,,47951,11,,,1,30,,63865,20,,,1,70,,47952,11,,,1,30,,47959,11,,,1,68,,47960,11,,,1,312,,47954,11,,,1,300,,47955,11,,,1,600,,47956,11,,,1
301,'20260812',550,,47990,11,,,1,92,,47997,11,,,1,71,,47991,11,,,1,30,,63866,20,,,1,70,,47992,11,,,1,30,,47999,11,,,1,68,,48000,11,,,1,312,,47994,11,,,1,300,,47995,11,,,1,600,,47996,11,,,1
301,'20260813',550,,48030,11,,,1,92,,48037,11,,,1,71,,48031,11,,,1,30,,63867,20,,,1,70,,48032,11,,,1,30,,48039,11,,,1,68,,48040,11,,,1,312,,48034,11,,,1,300,,48035,11,,,1,600,,48036,11,,,1
301,'20260814',550,,48070,11,,,1,92,,48077,11,,,1,71,,48071,11,,,1,30,,63868,20,,,1,70,,48072,11,,,1,30,,48079,11,,,1,68,,48080,11,,,1,312,,48074,11,,,1,300,,48075,11,,,1,600,,48076,11,,,1
301,'20260815',824,,48104,11,,,1,800,,48105,11,,,1
301,'20260816',824,,48129,11,,,1,800,,48130,11,,,1
301,'20260817',824,,64291,11,,,1,800,,64292,11,,,1
301,'20260818',550,,48200,11,,,1,92,,48207,11,,,1,71,,48201,11,,,1,30,,63872,20,,,1,70,,48202,11,,,1,30,,48209,11,,,1,68,,48210,11,,,1,312,,48204,11,,,1,300,,48205,11,,,1,600,,48206,11,,,1
301,'20260819',550,,48240,11,,,1,92,,48247,11,,,1,71,,48241,11,,,1,30,,63873,20,,,1,70,,48242,11,,,1,30,,48249,11,,,1,68,,48250,11,,,1,312,,48244,11,,,1,300,,48245,11,,,1,600,,48246,11,,,1
301,'20260820',550,,48280,11,,,1,92,,48287,11,,,1,71,,48281,11,,,1,30,,63874,20,,,1,70,,48282,11,,,1,30,,48289,11,,,1,68,,48290,11,,,1,312,,48284,11,,,1,300,,48285,11,,,1,600,,48286,11,,,1
301,'20260821',550,,48320,11,,,1,92,,48327,11,,,1,71,,48321,11,,,1,30,,63875,20,,,1,70,,48322,11,,,1,30,,48329,11,,,1,68,,48330,11,,,1,312,,48324,11,,,1,300,,48325,11,,,1,600,,48326,11,,,1
301,'20260822',824,,48354,11,,,1,800,,48355,11,,,1
301,'20260823',824,,48379,11,,,1,800,,48380,11,,,1
301,'20260824',824,,64309,11,,,1,800,,64310,11,,,1
301,'20260825',550,,48450,11,,,1,92,,48457,11,,,1,71,,48451,11,,,1,30,,63879,20,,,1,70,,48452,11,,,1,30,,48459,11,,,1,68,,48460,11,,,1,312,,48454,11,,,1,300,,48455,11,,,1,600,,48456,11,,,1
301,'20260826',550,,48490,11,,,1,92,,48497,11,,,1,71,,48491,11,,,1,30,,63880,20,,,1,70,,48492,11,,,1,30,,48499,11,,,1,68,,48500,11,,,1,312,,48494,11,,,1,300,,48495,11,,,1,600,,48496,11,,,1
301,'20260827',550,,48530,11,,,1,92,,48537,11,,,1,71,,48531,11,,,1,30,,63881,20,,,1,70,,48532,11,,,1,30,,48539,11,,,1,68,,48540,11,,,1,312,,48534,11,,,1,300,,48535,11,,,1,600,,48536,11,,,1
301,'20260828',550,,48570,11,,,1,92,,48577,11,,,1,71,,48571,11,,,1,30,,63882,20,,,1,70,,48572,11,,,1,30,,48579,11,,,1,68,,48580,11,,,1,312,,48574,11,,,1,300,,48575,11,,,1,600,,48576,11,,,1
301,'20260829',824,,48604,11,,,1,800,,48605,11,,,1
301,'20260830',824,,48629,11,,,1,800,,48630,11,,,1
301,'20260831',824,,64327,11,,,1,800,,64328,11,,,1
301,'20260901',550,,48700,11,,,1,92,,48707,11,,,1,71,,48701,11,,,1,30,,63886,20,,,1,70,,48702,11,,,1,30,,48709,11,,,1,68,,48710,11,,,1,312,,48704,11,,,1,300,,48705,11,,,1,600,,48706,11,,,1
301,'20260902',550,,48740,11,,,1,92,,48747,11,,,1,71,,48741,11,,,1,30,,63887,20,,,1,70,,48742,11,,,1,30,,48749,11,,,1,68,,48750,11,,,1,312,,48744,11,,,1,300,,48745,11,,,1,600,,48746,11,,,1
301,'20260903',550,,48780,11,,,1,92,,48787,11,,,1,71,,48781,11,,,1,30,,63888,20,,,1,70,,48782,11,,,1,30,,48789,11,,,1,68,,48790,11,,,1,312,,48784,11,,,1,300,,48785,11,,,1,600,,48786,11,,,1
301,'20260904',550,,48820,11,,,1,92,,48827,11,,,1,71,,48821,11,,,1,30,,63889,20,,,1,70,,48822,11,,,1,30,,48829,11,,,1,68,,48830,11,,,1,312,,48824,11,,,1,300,,48825,11,,,1,600,,48826,11,,,1
