200,'20260629',1640,,41780,35,4,,1,70,,41781,35,4,,1,15,,41782,35,4,,1,15,,41783,35,4,,1,15,,41784,35,4,,1,55,,41785,35,4,,1,15,,41786,35,4,,1,30,,41787,35,4,,1,70,,41788,35,4,,1,85,,41789,35,4,,1
200,'20260630',1640,,41790,35,4,,1,70,,41791,35,4,,1,15,,41792,35,4,,1,15,,41793,35,4,,1,15,,41794,35,4,,1,55,,41795,35,4,,1,15,,41796,35,4,,1,30,,41797,35,4,,1,70,,41798,35,4,,1,85,,41799,35,4,,1
200,'20260702',1640,,41800,35,4,,1,70,,41801,35,4,,1,15,,41802,35,4,,1,15,,41803,35,4,,1,15,,41804,35,4,,1,55,,41805,35,4,,1,15,,41806,35,4,,1,30,,41807,35,4,,1,70,,41808,35,4,,1,85,,41809,35,4,,1
200,'20260703',1640,,41810,35,4,,1,70,,41811,35,4,,1,15,,41812,35,4,,1,15,,41813,35,4,,1,15,,41814,35,4,,1,55,,41815,35,4,,1,15,,41816,35,4,,1,30,,41817,35,4,,1,70,,41818,35,4,,1,85,,41819,35,4,,1
200,'20260706',1640,,41820,35,4,,1,70,,41821,35,4,,1,15,,41822,35,4,,1,15,,41823,35,4,,1,15,,41824,35,4,,1,55,,41825,35,4,,1,15,,41826,35,4,,1,30,,41827,35,4,,1,70,,41828,35,4,,1,85,,41829,35,4,,1
200,'20260707',1640,,41830,35,4,,1,70,,41831,35,4,,1,15,,41832,35,4,,1,15,,41833,35,4,,1,15,,41834,35,4,,1,55,,41835,35,4,,1,15,,41836,35,4,,1,30,,41837,35,4,,1,70,,41838,35,4,,1,85,,41839,35,4,,1
200,'20260708',1640,,41840,35,4,,1,70,,41841,35,4,,1,15,,41842,35,4,,1,15,,41843,35,4,,1,15,,41844,35,4,,1,55,,41845,35,4,,1,15,,41846,35,4,,1,30,,41847,35,4,,1,70,,41848,35,4,,1,85,,41849,35,4,,1
200,'20260709',1640,,41850,35,4,,1,70,,41851,35,4,,1,15,,41852,35,4,,1,15,,41853,35,4,,1,15,,41854,35,4,,1,55,,41855,35,4,,1,15,,41856,35,4,,1,30,,41857,35,4,,1,70,,41858,35,4,,1,85,,41859,35,4,,1
200,'20260710',1640,,41860,35,4,,1,70,,41861,35,4,,1,15,,41862,35,4,,1,15,,41863,35,4,,1,15,,41864,35,4,,1,55,,41865,35,4,,1,15,,41866,35,4,,1,30,,41867,35,4,,1,70,,41868,35,4,,1,85,,41869,35,4,,1
200,'20260713',1640,,41870,35,4,,1,70,,41871,35,4,,1,15,,41872,35,4,,1,15,,41873,35,4,,1,15,,41874,35,4,,1,55,,41875,35,4,,1,15,,41876,35,4,,1,30,,41877,35,4,,1,70,,41878,35,4,,1,85,,41879,35,4,,1
200,'20260714',1640,,41880,35,4,,1,70,,41881,35,4,,1,15,,41882,35,4,,1,15,,41883,35,4,,1,15,,41884,35,4,,1,55,,41885,35,4,,1,15,,41886,35,4,,1,30,,41887,35,4,,1,70,,41888,35,4,,1,85,,41889,35,4,,1
200,'20260715',1640,,41890,35,4,,1,70,,41891,35,4,,1,15,,41892,35,4,,1,15,,41893,35,4,,1,15,,41894,35,4,,1,55,,41895,35,4,,1,15,,41896,35,4,,1,30,,41897,35,4,,1,70,,41898,35,4,,1,85,,41899,35,4,,1
200,'20260716',1640,,41900,35,4,,1,70,,41901,35,4,,1,15,,41902,35,4,,1,15,,41903,35,4,,1,15,,41904,35,4,,1,55,,41905,35,4,,1,15,,41906,35,4,,1,30,,41907,35,4,,1,70,,41908,35,4,,1,85,,41909,35,4,,1
200,'20260717',1640,,41910,35,4,,1,70,,41911,35,4,,1,15,,41912,35,4,,1,15,,41913,35,4,,1,15,,41914,35,4,,1,55,,41915,35,4,,1,15,,41916,35,4,,1,30,,41917,35,4,,1,70,,41918,35,4,,1,85,,41919,35,4,,1
200,'20260720',1640,,41920,35,4,,1,70,,41921,35,4,,1,15,,41922,35,4,,1,15,,41923,35,4,,1,15,,41924,35,4,,1,55,,41925,35,4,,1,15,,41926,35,4,,1,30,,41927,35,4,,1,70,,41928,35,4,,1,85,,41929,35,4,,1
200,'20260721',1640,,41930,35,4,,1,70,,41931,35,4,,1,15,,41932,35,4,,1,15,,41933,35,4,,1,15,,41934,35,4,,1,55,,41935,35,4,,1,15,,41936,35,4,,1,30,,41937,35,4,,1,70,,41938,35,4,,1,85,,41939,35,4,,1
200,'20260722',1640,,41940,35,4,,1,70,,41941,35,4,,1,15,,41942,35,4,,1,15,,41943,35,4,,1,15,,41944,35,4,,1,55,,41945,35,4,,1,15,,41946,35,4,,1,30,,41947,35,4,,1,70,,41948,35,4,,1,85,,41949,35,4,,1
200,'20260723',1640,,41950,35,4,,1,70,,41951,35,4,,1,15,,41952,35,4,,1,15,,41953,35,4,,1,15,,41954,35,4,,1,55,,41955,35,4,,1,15,,41956,35,4,,1,30,,41957,35,4,,1,70,,41958,35,4,,1,85,,41959,35,4,,1
200,'20260724',1640,,41960,35,4,,1,70,,41961,35,4,,1,15,,41962,35,4,,1,15,,41963,35,4,,1,15,,41964,35,4,,1,55,,41965,35,4,,1,15,,41966,35,4,,1,30,,41967,35,4,,1,70,,41968,35,4,,1,85,,41969,35,4,,1
200,'20260727',1640,,41970,35,4,,1,70,,41971,35,4,,1,15,,41972,35,4,,1,15,,41973,35,4,,1,15,,41974,35,4,,1,55,,41975,35,4,,1,15,,41976,35,4,,1,30,,41977,35,4,,1,70,,41978,35,4,,1,85,,41979,35,4,,1
200,'20260728',1640,,41980,35,4,,1,70,,41981,35,4,,1,15,,41982,35,4,,1,15,,41983,35,4,,1,15,,41984,35,4,,1,55,,41985,35,4,,1,15,,41986,35,4,,1,30,,41987,35,4,,1,70,,41988,35,4,,1,85,,41989,35,4,,1
200,'20260729',1640,,41990,35,4,,1,70,,41991,35,4,,1,15,,41992,35,4,,1,15,,41993,35,4,,1,15,,41994,35,4,,1,55,,41995,35,4,,1,15,,41996,35,4,,1,30,,41997,35,4,,1,70,,41998,35,4,,1,85,,41999,35,4,,1
200,'20260730',1640,,42000,35,4,,1,70,,42001,35,4,,1,15,,42002,35,4,,1,15,,42003,35,4,,1,15,,42004,35,4,,1,55,,42005,35,4,,1,15,,42006,35,4,,1,30,,42007,35,4,,1,70,,42008,35,4,,1,85,,42009,35,4,,1
200,'20260731',1640,,42010,35,4,,1,70,,42011,35,4,,1,15,,42012,35,4,,1,15,,42013,35,4,,1,15,,42014,35,4,,1,55,,42015,35,4,,1,15,,42016,35,4,,1,30,,42017,35,4,,1,70,,42018,35,4,,1,85,,42019,35,4,,1
200,'20260803',1640,,42020,35,4,,1,70,,42021,35,4,,1,15,,42022,35,4,,1,15,,42023,35,4,,1,15,,42024,35,4,,1,55,,42025,35,4,,1,15,,42026,35,4,,1,30,,42027,35,4,,1,70,,42028,35,4,,1,85,,42029,35,4,,1
200,'20260804',1640,,42030,35,4,,1,70,,42031,35,4,,1,15,,42032,35,4,,1,15,,42033,35,4,,1,15,,42034,35,4,,1,55,,42035,35,4,,1,15,,42036,35,4,,1,30,,42037,35,4,,1,70,,42038,35,4,,1,85,,42039,35,4,,1
200,'20260805',1640,,42040,35,4,,1,70,,42041,35,4,,1,15,,42042,35,4,,1,15,,42043,35,4,,1,15,,42044,35,4,,1,55,,42045,35,4,,1,15,,42046,35,4,,1,30,,42047,35,4,,1,70,,42048,35,4,,1,85,,42049,35,4,,1
200,'20260806',1640,,42050,35,4,,1,70,,42051,35,4,,1,15,,42052,35,4,,1,15,,42053,35,4,,1,15,,42054,35,4,,1,55,,42055,35,4,,1,15,,42056,35,4,,1,30,,42057,35,4,,1,70,,42058,35,4,,1,85,,42059,35,4,,1
200,'20260807',1640,,42060,35,4,,1,70,,42061,35,4,,1,15,,42062,35,4,,1,15,,42063,35,4,,1,15,,42064,35,4,,1,55,,42065,35,4,,1,15,,42066,35,4,,1,30,,42067,35,4,,1,70,,42068,35,4,,1,85,,42069,35,4,,1
200,'20260810',1640,,42070,35,4,,1,70,,42071,35,4,,1,15,,42072,35,4,,1,15,,42073,35,4,,1,15,,42074,35,4,,1,55,,42075,35,4,,1,15,,42076,35,4,,1,30,,42077,35,4,,1,70,,42078,35,4,,1,85,,42079,35,4,,1
200,'20260811',1640,,42080,35,4,,1,70,,42081,35,4,,1,15,,42082,35,4,,1,15,,42083,35,4,,1,15,,42084,35,4,,1,55,,42085,35,4,,1,15,,42086,35,4,,1,30,,42087,35,4,,1,70,,42088,35,4,,1,85,,42089,35,4,,1
200,'20260812',1640,,42090,35,4,,1,70,,42091,35,4,,1,15,,42092,35,4,,1,15,,42093,35,4,,1,15,,42094,35,4,,1,55,,42095,35,4,,1,15,,42096,35,4,,1,30,,42097,35,4,,1,70,,42098,35,4,,1,85,,42099,35,4,,1
200,'20260813',1640,,42100,35,4,,1,70,,42101,35,4,,1,15,,42102,35,4,,1,15,,42103,35,4,,1,15,,42104,35,4,,1,55,,42105,35,4,,1,15,,42106,35,4,,1,30,,42107,35,4,,1,70,,42108,35,4,,1,85,,42109,35,4,,1
200,'20260814',1640,,42110,35,4,,1,70,,42111,35,4,,1,15,,42112,35,4,,1,15,,42113,35,4,,1,15,,42114,35,4,,1,55,,42115,35,4,,1,15,,42116,35,4,,1,30,,42117,35,4,,1,70,,42118,35,4,,1,85,,42119,35,4,,1
200,'20260817',1640,,42120,35,4,,1,70,,42121,35,4,,1,15,,42122,35,4,,1,15,,42123,35,4,,1,15,,42124,35,4,,1,55,,42125,35,4,,1,15,,42126,35,4,,1,30,,42127,35,4,,1,70,,42128,35,4,,1,85,,42129,35,4,,1
200,'20260818',1640,,42130,35,4,,1,70,,42131,35,4,,1,15,,42132,35,4,,1,15,,42133,35,4,,1,15,,42134,35,4,,1,55,,42135,35,4,,1,15,,42136,35,4,,1,30,,42137,35,4,,1,70,,42138,35,4,,1,85,,42139,35,4,,1
200,'20260819',1640,,42140,35,4,,1,70,,42141,35,4,,1,15,,42142,35,4,,1,15,,42143,35,4,,1,15,,42144,35,4,,1,55,,42145,35,4,,1,15,,42146,35,4,,1,30,,42147,35,4,,1,70,,42148,35,4,,1,85,,42149,35,4,,1
200,'20260820',1640,,42150,35,4,,1,70,,42151,35,4,,1,15,,42152,35,4,,1,15,,42153,35,4,,1,15,,42154,35,4,,1,55,,42155,35,4,,1,15,,42156,35,4,,1,30,,42157,35,4,,1,70,,42158,35,4,,1,85,,42159,35,4,,1
200,'20260821',1640,,42160,35,4,,1,70,,42161,35,4,,1,15,,42162,35,4,,1,15,,42163,35,4,,1,15,,42164,35,4,,1,55,,42165,35,4,,1,15,,42166,35,4,,1,30,,42167,35,4,,1,70,,42168,35,4,,1,85,,42169,35,4,,1
200,'20260824',1640,,42170,35,4,,1,70,,42171,35,4,,1,15,,42172,35,4,,1,15,,42173,35,4,,1,15,,42174,35,4,,1,55,,42175,35,4,,1,15,,42176,35,4,,1,30,,42177,35,4,,1,70,,42178,35,4,,1,85,,42179,35,4,,1
200,'20260825',1640,,42180,35,4,,1,70,,42181,35,4,,1,15,,42182,35,4,,1,15,,42183,35,4,,1,15,,42184,35,4,,1,55,,42185,35,4,,1,15,,42186,35,4,,1,30,,42187,35,4,,1,70,,42188,35,4,,1,85,,42189,35,4,,1
200,'20260826',1640,,42190,35,4,,1,70,,42191,35,4,,1,15,,42192,35,4,,1,15,,42193,35,4,,1,15,,42194,35,4,,1,55,,42195,35,4,,1,15,,42196,35,4,,1,30,,42197,35,4,,1,70,,42198,35,4,,1,85,,42199,35,4,,1
200,'20260827',1640,,42200,35,4,,1,70,,42201,35,4,,1,15,,42202,35,4,,1,15,,42203,35,4,,1,15,,42204,35,4,,1,55,,42205,35,4,,1,15,,42206,35,4,,1,30,,42207,35,4,,1,70,,42208,35,4,,1,85,,42209,35,4,,1
200,'20260828',1640,,42210,35,4,,1,70,,42211,35,4,,1,15,,42212,35,4,,1,15,,42213,35,4,,1,15,,42214,35,4,,1,55,,42215,35,4,,1,15,,42216,35,4,,1,30,,42217,35,4,,1,70,,42218,35,4,,1,85,,42219,35,4,,1
200,'20260831',1640,,42220,35,4,,1,70,,42221,35,4,,1,15,,42222,35,4,,1,15,,42223,35,4,,1,15,,42224,35,4,,1,55,,42225,35,4,,1,15,,42226,35,4,,1,30,,42227,35,4,,1,70,,42228,35,4,,1,85,,42229,35,4,,1
200,'20260901',1640,,42230,35,4,,1,70,,42231,35,4,,1,15,,42232,35,4,,1,15,,42233,35,4,,1,15,,42234,35,4,,1,55,,42235,35,4,,1,15,,42236,35,4,,1,30,,42237,35,4,,1,70,,42238,35,4,,1,85,,42239,35,4,,1
200,'20260902',1640,,42240,35,4,,1,70,,42241,35,4,,1,15,,42242,35,4,,1,15,,42243,35,4,,1,15,,42244,35,4,,1,55,,42245,35,4,,1,15,,42246,35,4,,1,30,,42247,35,4,,1,70,,42248,35,4,,1,85,,42249,35,4,,1
200,'20260903',1640,,42250,35,4,,1,70,,42251,35,4,,1,15,,42252,35,4,,1,15,,42253,35,4,,1,15,,42254,35,4,,1,55,,42255,35,4,,1,15,,42256,35,4,,1,30,,42257,35,4,,1,70,,42258,35,4,,1,85,,42259,35,4,,1
200,'20260904',1640,,42260,35,4,,1,70,,42261,35,4,,1,15,,42262,35,4,,1,15,,42263,35,4,,1,15,,42264,35,4,,1,55,,42265,35,4,,1,15,,42266,35,4,,1,30,,42267,35,4,,1,70,,42268,35,4,,1,85,,42269,35,4,,1
201,'20260629',600,,42370,1,,,1,30,,42371,1,,,1,15,,42372,1,,,1,55,,42373,1,,,1,15,,42374,1,,,1,15,,42375,1,,,1,15,,42376,1,,,1,55,,42377,1,,,1,15,,42378,1,,,1,15,,42379,1,,,1
201,'20260630',600,,42380,1,,,1,30,,42381,1,,,1,15,,42382,1,,,1,55,,42383,1,,,1,15,,42384,1,,,1,15,,42385,1,,,1,15,,42386,1,,,1,55,,42387,1,,,1,15,,42388,1,,,1,15,,42389,1,,,1
201,'20260702',600,,42390,1,,,1,30,,42391,1,,,1,15,,42392,1,,,1,55,,42393,1,,,1,15,,42394,1,,,1,15,,42395,1,,,1,15,,42396,1,,,1,55,,42397,1,,,1,15,,42398,1,,,1,15,,42399,1,,,1
201,'20260703',600,,42400,1,,,1,30,,42401,1,,,1,15,,42402,1,,,1,55,,42403,1,,,1,15,,42404,1,,,1,15,,42405,1,,,1,15,,42406,1,,,1,55,,42407,1,,,1,15,,42408,1,,,1,15,,42409,1,,,1
201,'20260706',600,,42410,1,,,1,30,,42411,1,,,1,15,,42412,1,,,1,55,,42413,1,,,1,15,,42414,1,,,1,15,,42415,1,,,1,15,,42416,1,,,1,55,,42417,1,,,1,15,,42418,1,,,1,15,,42419,1,,,1
201,'20260707',600,,42420,1,,,1,30,,42421,1,,,1,15,,42422,1,,,1,55,,42423,1,,,1,15,,42424,1,,,1,15,,42425,1,,,1,15,,42426,1,,,1,55,,42427,1,,,1,15,,42428,1,,,1,15,,42429,1,,,1
201,'20260708',600,,42430,1,,,1,30,,42431,1,,,1,15,,42432,1,,,1,55,,42433,1,,,1,15,,42434,1,,,1,15,,42435,1,,,1,15,,42436,1,,,1,55,,42437,1,,,1,15,,42438,1,,,1,15,,42439,1,,,1
201,'20260709',600,,42440,1,,,1,30,,42441,1,,,1,15,,42442,1,,,1,55,,42443,1,,,1,15,,42444,1,,,1,15,,42445,1,,,1,15,,42446,1,,,1,55,,42447,1,,,1,15,,42448,1,,,1,15,,42449,1,,,1
201,'20260710',600,,42450,1,,,1,30,,42451,1,,,1,15,,42452,1,,,1,55,,42453,1,,,1,15,,42454,1,,,1,15,,42455,1,,,1,15,,42456,1,,,1,55,,42457,1,,,1,15,,42458,1,,,1,15,,42459,1,,,1
201,'20260713',600,,42460,1,,,1,30,,42461,1,,,1,15,,42462,1,,,1,55,,42463,1,,,1,15,,42464,1,,,1,15,,42465,1,,,1,15,,42466,1,,,1,55,,42467,1,,,1,15,,42468,1,,,1,15,,42469,1,,,1
201,'20260714',600,,42470,1,,,1,30,,42471,1,,,1,15,,42472,1,,,1,55,,42473,1,,,1,15,,42474,1,,,1,15,,42475,1,,,1,15,,42476,1,,,1,55,,42477,1,,,1,15,,42478,1,,,1,15,,42479,1,,,1
201,'20260715',600,,42480,1,,,1,30,,42481,1,,,1,15,,42482,1,,,1,55,,42483,1,,,1,15,,42484,1,,,1,15,,42485,1,,,1,15,,42486,1,,,1,55,,42487,1,,,1,15,,42488,1,,,1,15,,42489,1,,,1
201,'20260716',600,,42490,1,,,1,30,,42491,1,,,1,15,,42492,1,,,1,55,,42493,1,,,1,15,,42494,1,,,1,15,,42495,1,,,1,15,,42496,1,,,1,55,,42497,1,,,1,15,,42498,1,,,1,15,,42499,1,,,1
201,'20260717',600,,42500,1,,,1,30,,42501,1,,,1,15,,42502,1,,,1,55,,42503,1,,,1,15,,42504,1,,,1,15,,42505,1,,,1,15,,42506,1,,,1,55,,42507,1,,,1,15,,42508,1,,,1,15,,42509,1,,,1
201,'20260720',600,,42510,1,,,1,30,,42511,1,,,1,15,,42512,1,,,1,55,,42513,1,,,1,15,,42514,1,,,1,15,,42515,1,,,1,15,,42516,1,,,1,55,,42517,1,,,1,15,,42518,1,,,1,15,,42519,1,,,1
201,'20260721',600,,42520,1,,,1,30,,42521,1,,,1,15,,42522,1,,,1,55,,42523,1,,,1,15,,42524,1,,,1,15,,42525,1,,,1,15,,42526,1,,,1,55,,42527,1,,,1,15,,42528,1,,,1,15,,42529,1,,,1
201,'20260722',600,,42530,1,,,1,30,,42531,1,,,1,15,,42532,1,,,1,55,,42533,1,,,1,15,,42534,1,,,1,15,,42535,1,,,1,15,,42536,1,,,1,55,,42537,1,,,1,15,,42538,1,,,1,15,,42539,1,,,1
201,'20260723',600,,42540,1,,,1,30,,42541,1,,,1,15,,42542,1,,,1,55,,42543,1,,,1,15,,42544,1,,,1,15,,42545,1,,,1,15,,42546,1,,,1,55,,42547,1,,,1,15,,42548,1,,,1,15,,42549,1,,,1
201,'20260724',600,,42550,1,,,1,30,,42551,1,,,1,15,,42552,1,,,1,55,,42553,1,,,1,15,,42554,1,,,1,15,,42555,1,,,1,15,,42556,1,,,1,55,,42557,1,,,1,15,,42558,1,,,1,15,,42559,1,,,1
201,'20260727',600,,42560,1,,,1,30,,42561,1,,,1,15,,42562,1,,,1,55,,42563,1,,,1,15,,42564,1,,,1,15,,42565,1,,,1,15,,42566,1,,,1,55,,42567,1,,,1,15,,42568,1,,,1,15,,42569,1,,,1
201,'20260728',600,,42570,1,,,1,30,,42571,1,,,1,15,,42572,1,,,1,55,,42573,1,,,1,15,,42574,1,,,1,15,,42575,1,,,1,15,,42576,1,,,1,55,,42577,1,,,1,15,,42578,1,,,1,15,,42579,1,,,1
201,'20260729',600,,42580,1,,,1,30,,42581,1,,,1,15,,42582,1,,,1,55,,42583,1,,,1,15,,42584,1,,,1,15,,42585,1,,,1,15,,42586,1,,,1,55,,42587,1,,,1,15,,42588,1,,,1,15,,42589,1,,,1
201,'20260730',600,,42590,1,,,1,30,,42591,1,,,1,15,,42592,1,,,1,55,,42593,1,,,1,15,,42594,1,,,1,15,,42595,1,,,1,15,,42596,1,,,1,55,,42597,1,,,1,15,,42598,1,,,1,15,,42599,1,,,1
201,'20260731',600,,42600,1,,,1,30,,42601,1,,,1,15,,42602,1,,,1,55,,42603,1,,,1,15,,42604,1,,,1,15,,42605,1,,,1,15,,42606,1,,,1,55,,42607,1,,,1,15,,42608,1,,,1,15,,42609,1,,,1
201,'20260803',600,,42610,1,,,1,30,,42611,1,,,1,15,,42612,1,,,1,55,,42613,1,,,1,15,,42614,1,,,1,15,,42615,1,,,1,15,,42616,1,,,1,55,,42617,1,,,1,15,,42618,1,,,1,15,,42619,1,,,1
201,'20260804',600,,42620,1,,,1,30,,42621,1,,,1,15,,42622,1,,,1,55,,42623,1,,,1,15,,42624,1,,,1,15,,42625,1,,,1,15,,42626,1,,,1,55,,42627,1,,,1,15,,42628,1,,,1,15,,42629,1,,,1
201,'20260805',600,,42630,1,,,1,30,,42631,1,,,1,15,,42632,1,,,1,55,,42633,1,,,1,15,,42634,1,,,1,15,,42635,1,,,1,15,,42636,1,,,1,55,,42637,1,,,1,15,,42638,1,,,1,15,,42639,1,,,1
201,'20260806',600,,42640,1,,,1,30,,42641,1,,,1,15,,42642,1,,,1,55,,42643,1,,,1,15,,42644,1,,,1,15,,42645,1,,,1,15,,42646,1,,,1,55,,42647,1,,,1,15,,42648,1,,,1,15,,42649,1,,,1
201,'20260807',600,,42650,1,,,1,30,,42651,1,,,1,15,,42652,1,,,1,55,,42653,1,,,1,15,,42654,1,,,1,15,,42655,1,,,1,15,,42656,1,,,1,55,,42657,1,,,1,15,,42658,1,,,1,15,,42659,1,,,1
201,'20260810',600,,42660,1,,,1,30,,42661,1,,,1,15,,42662,1,,,1,55,,42663,1,,,1,15,,42664,1,,,1,15,,42665,1,,,1,15,,42666,1,,,1,55,,42667,1,,,1,15,,42668,1,,,1,15,,42669,1,,,1
201,'20260811',600,,42670,1,,,1,30,,42671,1,,,1,15,,42672,1,,,1,55,,42673,1,,,1,15,,42674,1,,,1,15,,42675,1,,,1,15,,42676,1,,,1,55,,42677,1,,,1,15,,42678,1,,,1,15,,42679,1,,,1
201,'20260812',600,,42680,1,,,1,30,,42681,1,,,1,15,,42682,1,,,1,55,,42683,1,,,1,15,,42684,1,,,1,15,,42685,1,,,1,15,,42686,1,,,1,55,,42687,1,,,1,15,,42688,1,,,1,15,,42689,1,,,1
201,'20260813',600,,42690,1,,,1,30,,42691,1,,,1,15,,42692,1,,,1,55,,42693,1,,,1,15,,42694,1,,,1,15,,42695,1,,,1,15,,42696,1,,,1,55,,42697,1,,,1,15,,42698,1,,,1,15,,42699,1,,,1
201,'20260814',600,,42700,1,,,1,30,,42701,1,,,1,15,,42702,1,,,1,55,,42703,1,,,1,15,,42704,1,,,1,15,,42705,1,,,1,15,,42706,1,,,1,55,,42707,1,,,1,15,,42708,1,,,1,15,,42709,1,,,1
201,'20260817',600,,42710,1,,,1,30,,42711,1,,,1,15,,42712,1,,,1,55,,42713,1,,,1,15,,42714,1,,,1,15,,42715,1,,,1,15,,42716,1,,,1,55,,42717,1,,,1,15,,42718,1,,,1,15,,42719,1,,,1
201,'20260818',600,,42720,1,,,1,30,,42721,1,,,1,15,,42722,1,,,1,55,,42723,1,,,1,15,,42724,1,,,1,15,,42725,1,,,1,15,,42726,1,,,1,55,,42727,1,,,1,15,,42728,1,,,1,15,,42729,1,,,1
201,'20260819',600,,42730,1,,,1,30,,42731,1,,,1,15,,42732,1,,,1,55,,42733,1,,,1,15,,42734,1,,,1,15,,42735,1,,,1,15,,42736,1,,,1,55,,42737,1,,,1,15,,42738,1,,,1,15,,42739,1,,,1
201,'20260820',600,,42740,1,,,1,30,,42741,1,,,1,15,,42742,1,,,1,55,,42743,1,,,1,15,,42744,1,,,1,15,,42745,1,,,1,15,,42746,1,,,1,55,,42747,1,,,1,15,,42748,1,,,1,15,,42749,1,,,1
201,'20260821',600,,42750,1,,,1,30,,42751,1,,,1,15,,42752,1,,,1,55,,42753,1,,,1,15,,42754,1,,,1,15,,42755,1,,,1,15,,42756,1,,,1,55,,42757,1,,,1,15,,42758,1,,,1,15,,42759,1,,,1
201,'20260824',600,,42760,1,,,1,30,,42761,1,,,1,15,,42762,1,,,1,55,,42763,1,,,1,15,,42764,1,,,1,15,,42765,1,,,1,15,,42766,1,,,1,55,,42767,1,,,1,15,,42768,1,,,1,15,,42769,1,,,1
201,'20260825',600,,42770,1,,,1,30,,42771,1,,,1,15,,42772,1,,,1,55,,42773,1,,,1,15,,42774,1,,,1,15,,42775,1,,,1,15,,42776,1,,,1,55,,42777,1,,,1,15,,42778,1,,,1,15,,42779,1,,,1
201,'20260826',600,,42780,1,,,1,30,,42781,1,,,1,15,,42782,1,,,1,55,,42783,1,,,1,15,,42784,1,,,1,15,,42785,1,,,1,15,,42786,1,,,1,55,,42787,1,,,1,15,,42788,1,,,1,15,,42789,1,,,1
201,'20260827',600,,42790,1,,,1,30,,42791,1,,,1,15,,42792,1,,,1,55,,42793,1,,,1,15,,42794,1,,,1,15,,42795,1,,,1,15,,42796,1,,,1,55,,42797,1,,,1,15,,42798,1,,,1,15,,42799,1,,,1
201,'20260828',600,,42800,1,,,1,30,,42801,1,,,1,15,,42802,1,,,1,55,,42803,1,,,1,15,,42804,1,,,1,15,,42805,1,,,1,15,,42806,1,,,1,55,,42807,1,,,1,15,,42808,1,,,1,15,,42809,1,,,1
201,'20260831',600,,42810,1,,,1,30,,42811,1,,,1,15,,42812,1,,,1,55,,42813,1,,,1,15,,42814,1,,,1,15,,42815,1,,,1,15,,42816,1,,,1,55,,42817,1,,,1,15,,42818,1,,,1,15,,42819,1,,,1
201,'20260901',600,,42820,1,,,1,30,,42821,1,,,1,15,,42822,1,,,1,55,,42823,1,,,1,15,,42824,1,,,1,15,,42825,1,,,1,15,,42826,1,,,1,55,,42827,1,,,1,15,,42828,1,,,1,15,,42829,1,,,1
201,'20260902',600,,42830,1,,,1,30,,42831,1,,,1,15,,42832,1,,,1,55,,42833,1,,,1,15,,42834,1,,,1,15,,42835,1,,,1,15,,42836,1,,,1,55,,42837,1,,,1,15,,42838,1,,,1,15,,42839,1,,,1
201,'20260903',600,,42840,1,,,1,30,,42841,1,,,1,15,,42842,1,,,1,55,,42843,1,,,1,15,,42844,1,,,1,15,,42845,1,,,1,15,,42846,1,,,1,55,,42847,1,,,1,15,,42848,1,,,1,15,,42849,1,,,1
201,'20260904',600,,42850,1,,,1,30,,42851,1,,,1,15,,42852,1,,,1,55,,42853,1,,,1,15,,42854,1,,,1,15,,42855,1,,,1,15,,42856,1,,,1,55,,42857,1,,,1,15,,42858,1,,,1,15,,42859,1,,,1
