300,'20260305',704,,13569,0,23,1,30,,13554,0,23,1,70,,13570,0,23,1,30,,13555,0,23,1,70,,13571,0,23,1,30,,13556,0,23,1,70,,13586,,,1,30,,13557,0,23,1,70,,13573,0,20 24,1,30,,13558,0,23,1,70,,13574,0,20 24,1,30,,13559,0,23,1,70,,13587,,,1,30,,13560,0,23,1,70,,13575,0,20 24,1,30,,13561,0,23,1,70,,13576,0,20 24,1,30,,13562,0,23,1,70,,13588,,,1,30,,13563,0,23,1,70,,13581,0,25,1,30,,13582,0,25,1,70,,13572,0,23,1,30,,13564,0,23,1,70,,13577,0,20 24,1,30,,13565,0,23,1,70,,13578,0,20 24,1,30,,13566,0,23,1,70,,13579,0,20 24,1,30,,13567,0,23,1,70,,13589,,,1,30,,13568,0,23,1,70,,13590,,,1,100,,13580,0,20 24,1
300,'20260306',704,,13608,0,23,1,30,,13593,0,23,1,70,,13609,0,23,1,30,,13594,0,23,1,70,,13610,0,23,1,30,,13595,0,23,1,70,,13625,,,1,30,,13596,0,23,1,70,,13612,0,20 24,1,30,,13597,0,23,1,70,,13613,0,20 24,1,30,,13598,0,23,1,70,,13626,,,1,30,,13599,0,23,1,70,,13614,0,20 24,1,30,,13600,0,23,1,70,,13615,0,20 24,1,30,,13601,0,23,1,70,,13627,,,1,30,,13602,0,23,1,70,,13620,0,25,1,30,,13621,0,25,1,70,,13611,0,23,1,30,,13603,0,23,1,70,,13616,0,20 24,1,30,,13604,0,23,1,70,,13617,0,20 24,1,30,,13605,0,23,1,70,,13618,0,20 24,1,30,,13606,0,23,1,70,,13628,,,1,30,,13607,0,23,1,70,,13629,,,1,100,,13619,0,20 24,1
300,'20260307',916,,13641,0,20 24,1,100,,13642,0,20 24,1,100,,13643,0,20 24,1,100,,13644,0,20 24,1,100,,13645,0,20 24,1,100,,13646,0,20 24,1,100,,13647,0,20 24,1,30,,13632,0,23,1,70,,13648,0,20 24,1,30,,13633,0,23,1,70,,13655,,,1,30,,13634,0,23,1,70,,13649,0,20 24,1,30,,13635,0,23,1,70,,13650,0,20 24,1,30,,13636,0,23,1,70,,13651,0,20 24,1,30,,13637,0,23,1,70,,13652,0,20 24,1,30,,13638,0,23,1,70,,13653,0,20 24,1,30,,13639,0,23,1,70,,13656,,,1,30,,13640,0,23,1,70,,13654,0,20 24,1
300,'20260308',916,,13666,0,20 24,1,100,,13667,0,20 24,1,100,,13668,0,20 24,1,100,,13669,0,20 24,1,100,,13670,0,20 24,1,100,,13671,0,20 24,1,100,,13672,0,20 24,1,30,,13657,0,23,1,70,,13673,0,20 24,1,30,,13658,0,23,1,70,,13680,,,1,30,,13659,0,23,1,70,,13674,0,20 24,1,30,,13660,0,23,1,70,,13675,0,20 24,1,30,,13661,0,23,1,70,,13676,0,20 24,1,30,,13662,0,23,1,70,,13677,0,20 24,1,30,,13663,0,23,1,70,,13678,0,20 24,1,30,,13664,0,23,1,70,,13681,,,1,30,,13665,0,23,1,70,,13679,0,20 24,1
300,'20260309',704,,13697,0,23,1,30,,13682,0,23,1,70,,13698,0,23,1,30,,13683,0,23,1,70,,13699,0,23,1,30,,13684,0,23,1,70,,13714,,,1,30,,13685,0,23,1,70,,13701,0,20 24,1,30,,13686,0,23,1,70,,13702,0,20 24,1,30,,13687,0,23,1,70,,13715,,,1,30,,13688,0,23,1,70,,13703,0,20 24,1,30,,13689,0,23,1,70,,13704,0,20 24,1,30,,13690,0,23,1,70,,13716,,,1,30,,13691,0,23,1,70,,13709,0,25,1,30,,13710,0,25,1,70,,13700,0,23,1,30,,13692,0,23,1,70,,13705,0,20 24,1,30,,13693,0,23,1,70,,13706,0,20 24,1,30,,13694,0,23,1,70,,13707,0,20 24,1,30,,13695,0,23,1,70,,13717,,,1,30,,13696,0,23,1,70,,13718,,,1,100,,13708,0,20 24,1
300,'20260310',704,,13736,0,23,1,30,,13721,0,23,1,70,,13737,0,23,1,30,,13722,0,23,1,70,,13738,0,23,1,30,,13723,0,23,1,70,,13753,,,1,30,,13724,0,23,1,70,,13740,0,20 24,1,30,,13725,0,23,1,70,,13741,0,20 24,1,30,,13726,0,23,1,70,,13754,,,1,30,,13727,0,23,1,70,,13742,0,20 24,1,30,,13728,0,23,1,70,,13743,0,20 24,1,30,,13729,0,23,1,70,,13755,,,1,30,,13730,0,23,1,70,,13748,0,25,1,30,,13749,0,25,1,70,,13739,0,23,1,30,,13731,0,23,1,70,,13744,0,20 24,1,30,,13732,0,23,1,70,,13745,0,20 24,1,30,,13733,0,23,1,70,,13746,0,20 24,1,30,,13734,0,23,1,70,,13756,,,1,30,,13735,0,23,1,70,,13757,,,1,100,,13747,0,20 24,1
300,'20260311',704,,13775,0,23,1,30,,13760,0,23,1,70,,13776,0,23,1,30,,13761,0,23,1,70,,13777,0,23,1,30,,13762,0,23,1,70,,13792,,,1,30,,13763,0,23,1,70,,13779,0,20 24,1,30,,13764,0,23,1,70,,13780,0,20 24,1,30,,13765,0,23,1,70,,13793,,,1,30,,13766,0,23,1,70,,13781,0,20 24,1,30,,13767,0,23,1,70,,13782,0,20 24,1,30,,13768,0,23,1,70,,13794,,,1,30,,13769,0,23,1,70,,13787,0,25,1,30,,13788,0,25,1,70,,13778,0,23,1,30,,13770,0,23,1,70,,13783,0,20 24,1,30,,13771,0,23,1,70,,13784,0,20 24,1,30,,13772,0,23,1,70,,13785,0,20 24,1,30,,13773,0,23,1,70,,13795,,,1,30,,13774,0,23,1,70,,13796,,,1,100,,13786,0,20 24,1
300,'20260312',704,,13814,0,23,1,30,,13799,0,23,1,70,,13815,0,23,1,30,,13800,0,23,1,70,,13816,0,23,1,30,,13801,0,23,1,70,,13831,,,1,30,,13802,0,23,1,70,,13818,0,20 24,1,30,,13803,0,23,1,70,,13819,0,20 24,1,30,,13804,0,23,1,70,,13832,,,1,30,,13805,0,23,1,70,,13820,0,20 24,1,30,,13806,0,23,1,70,,13821,0,20 24,1,30,,13807,0,23,1,70,,13833,,,1,30,,13808,0,23,1,70,,13826,0,25,1,30,,13827,0,25,1,70,,13817,0,23,1,30,,13809,0,23,1,70,,13822,0,20 24,1,30,,13810,0,23,1,70,,13823,0,20 24,1,30,,13811,0,23,1,70,,13824,0,20 24,1,30,,13812,0,23,1,70,,13834,,,1,30,,13813,0,23,1,70,,13835,,,1,100,,13825,0,20 24,1
300,'20260313',704,,13853,0,23,1,30,,13838,0,23,1,70,,13854,0,23,1,30,,13839,0,23,1,70,,13855,0,23,1,30,,13840,0,23,1,70,,13870,,,1,30,,13841,0,23,1,70,,13857,0,20 24,1,30,,13842,0,23,1,70,,13858,0,20 24,1,30,,13843,0,23,1,70,,13871,,,1,30,,13844,0,23,1,70,,13859,0,20 24,1,30,,13845,0,23,1,70,,13860,0,20 24,1,30,,13846,0,23,1,70,,13872,,,1,30,,13847,0,23,1,70,,13865,0,25,1,30,,13866,0,25,1,70,,13856,0,23,1,30,,13848,0,23,1,70,,13861,0,20 24,1,30,,13849,0,23,1,70,,13862,0,20 24,1,30,,13850,0,23,1,70,,13863,0,20 24,1,30,,13851,0,23,1,70,,13873,,,1,30,,13852,0,23,1,70,,13874,,,1,100,,13864,0,20 24,1
300,'20260314',916,,13886,0,20 24,1,100,,13887,0,20 24,1,100,,13888,0,20 24,1,100,,13889,0,20 24,1,100,,13890,0,20 24,1,100,,13891,0,20 24,1,100,,13892,0,20 24,1,30,,13877,0,23,1,70,,13893,0,20 24,1,30,,13878,0,23,1,70,,13900,,,1,30,,13879,0,23,1,70,,13894,0,20 24,1,30,,13880,0,23,1,70,,13895,0,20 24,1,30,,13881,0,23,1,70,,13896,0,20 24,1,30,,13882,0,23,1,70,,13897,0,20 24,1,30,,13883,0,23,1,70,,13898,0,20 24,1,30,,13884,0,23,1,70,,13901,,,1,30,,13885,0,23,1,70,,13899,0,20 24,1
300,'20260315',916,,13911,0,20 24,1,100,,13912,0,20 24,1,100,,13913,0,20 24,1,100,,13914,0,20 24,1,100,,13915,0,20 24,1,100,,13916,0,20 24,1,100,,13917,0,20 24,1,30,,13902,0,23,1,70,,13918,0,20 24,1,30,,13903,0,23,1,70,,13925,,,1,30,,13904,0,23,1,70,,13919,0,20 24,1,30,,13905,0,23,1,70,,13920,0,20 24,1,30,,13906,0,23,1,70,,13921,0,20 24,1,30,,13907,0,23,1,70,,13922,0,20 24,1,30,,13908,0,23,1,70,,13923,0,20 24,1,30,,13909,0,23,1,70,,13926,,,1,30,,13910,0,23,1,70,,13924,0,20 24,1
300,'20260316',704,,13942,0,23,1,30,,13927,0,23,1,70,,13943,0,23,1,30,,13928,0,23,1,70,,13944,0,23,1,30,,13929,0,23,1,70,,13959,,,1,30,,13930,0,23,1,70,,13946,0,20 24,1,30,,13931,0,23,1,70,,13947,0,20 24,1,30,,13932,0,23,1,70,,13960,,,1,30,,13933,0,23,1,70,,13948,0,20 24,1,30,,13934,0,23,1,70,,13949,0,20 24,1,30,,13935,0,23,1,70,,13961,,,1,30,,13936,0,23,1,70,,13954,0,25,1,30,,13955,0,25,1,70,,13945,0,23,1,30,,13937,0,23,1,70,,13950,0,20 24,1,30,,13938,0,23,1,70,,13951,0,20 24,1,30,,13939,0,23,1,70,,13952,0,20 24,1,30,,13940,0,23,1,70,,13962,,,1,30,,13941,0,23,1,70,,13963,,,1,100,,13953,0,20 24,1
300,'20260317',704,,13981,0,23,1,30,,13966,0,23,1,70,,13982,0,23,1,30,,13967,0,23,1,70,,13983,0,23,1,30,,13968,0,23,1,70,,13998,,,1,30,,13969,0,23,1,70,,13985,0,20 24,1,30,,13970,0,23,1,70,,13986,0,20 24,1,30,,13971,0,23,1,70,,13999,,,1,30,,13972,0,23,1,70,,13987,0,20 24,1,30,,13973,0,23,1,70,,13988,0,20 24,1,30,,13974,0,23,1,70,,14000,,,1,30,,13975,0,23,1,70,,13993,0,25,1,30,,13994,0,25,1,70,,13984,0,23,1,30,,13976,0,23,1,70,,13989,0,20 24,1,30,,13977,0,23,1,70,,13990,0,20 24,1,30,,13978,0,23,1,70,,13991,0,20 24,1,30,,13979,0,23,1,70,,14001,,,1,30,,13980,0,23,1,70,,14002,,,1,100,,13992,0,20 24,1
300,'20260318',704,,14020,0,23,1,30,,14005,0,23,1,70,,14021,0,23,1,30,,14006,0,23,1,70,,14022,0,23,1,30,,14007,0,23,1,70,,14037,,,1,30,,14008,0,23,1,70,,14024,0,20 24,1,30,,14009,0,23,1,70,,14025,0,20 24,1,30,,14010,0,23,1,70,,14038,,,1,30,,14011,0,23,1,70,,14026,0,20 24,1,30,,14012,0,23,1,70,,14027,0,20 24,1,30,,14013,0,23,1,70,,14039,,,1,30,,14014,0,23,1,70,,14032,0,25,1,30,,14033,0,25,1,70,,14023,0,23,1,30,,14015,0,23,1,70,,14028,0,20 24,1,30,,14016,0,23,1,70,,14029,0,20 24,1,30,,14017,0,23,1,70,,14030,0,20 24,1,30,,14018,0,23,1,70,,14040,,,1,30,,14019,0,23,1,70,,14041,,,1,100,,14031,0,20 24,1
300,'20260319',704,,14059,0,23,1,30,,14044,0,23,1,70,,14060,0,23,1,30,,14045,0,23,1,70,,14061,0,23,1,30,,14046,0,23,1,70,,14076,,,1,30,,14047,0,23,1,70,,14063,0,20 24,1,30,,14048,0,23,1,70,,14064,0,20 24,1,30,,14049,0,23,1,70,,14077,,,1,30,,14050,0,23,1,70,,14065,0,20 24,1,30,,14051,0,23,1,70,,14066,0,20 24,1,30,,14052,0,23,1,70,,14078,,,1,30,,14053,0,23,1,70,,14071,0,25,1,30,,14072,0,25,1,70,,14062,0,23,1,30,,14054,0,23,1,70,,14067,0,20 24,1,30,,14055,0,23,1,70,,14068,0,20 24,1,30,,14056,0,23,1,70,,14069,0,20 24,1,30,,14057,0,23,1,70,,14079,,,1,30,,14058,0,23,1,70,,14080,,,1,100,,14070,0,20 24,1
300,'20260320',704,,14098,0,23,1,30,,14083,0,23,1,70,,14099,0,23,1,30,,14084,0,23,1,70,,14100,0,23,1,30,,14085,0,23,1,70,,14115,,,1,30,,14086,0,23,1,70,,14102,0,20 24,1,30,,14087,0,23,1,70,,14103,0,20 24,1,30,,14088,0,23,1,70,,14116,,,1,30,,14089,0,23,1,70,,14104,0,20 24,1,30,,14090,0,23,1,70,,14105,0,20 24,1,30,,14091,0,23,1,70,,14117,,,1,30,,14092,0,23,1,70,,14110,0,25,1,30,,14111,0,25,1,70,,14101,0,23,1,30,,14093,0,23,1,70,,14106,0,20 24,1,30,,14094,0,23,1,70,,14107,0,20 24,1,30,,14095,0,23,1,70,,14108,0,20 24,1,30,,14096,0,23,1,70,,14118,,,1,30,,14097,0,23,1,70,,14119,,,1,100,,14109,0,20 24,1
300,'20260321',916,,14131,0,20 24,1,100,,14132,0,20 24,1,100,,14133,0,20 24,1,100,,14134,0,20 24,1,100,,14135,0,20 24,1,100,,14136,0,20 24,1,100,,14137,0,20 24,1,30,,14122,0,23,1,70,,14138,0,20 24,1,30,,14123,0,23,1,70,,14145,,,1,30,,14124,0,23,1,70,,14139,0,20 24,1,30,,14125,0,23,1,70,,14140,0,20 24,1,30,,14126,0,23,1,70,,14141,0,20 24,1,30,,14127,0,23,1,70,,14142,0,20 24,1,30,,14128,0,23,1,70,,14143,0,20 24,1,30,,14129,0,23,1,70,,14146,,,1,30,,14130,0,23,1,70,,14144,0,20 24,1
300,'20260322',916,,14156,0,20 24,1,100,,14157,0,20 24,1,100,,14158,0,20 24,1,100,,14159,0,20 24,1,100,,14160,0,20 24,1,100,,14161,0,20 24,1,100,,14162,0,20 24,1,30,,14147,0,23,1,70,,14163,0,20 24,1,30,,14148,0,23,1,70,,14170,,,1,30,,14149,0,23,1,70,,14164,0,20 24,1,30,,14150,0,23,1,70,,14165,0,20 24,1,30,,14151,0,23,1,70,,14166,0,20 24,1,30,,14152,0,23,1,70,,14167,0,20 24,1,30,,14153,0,23,1,70,,14168,0,20 24,1,30,,14154,0,23,1,70,,14171,,,1,30,,14155,0,23,1,70,,14169,0,20 24,1
300,'20260323',704,,14187,0,23,1,30,,14172,0,23,1,70,,14188,0,23,1,30,,14173,0,23,1,70,,14189,0,23,1,30,,14174,0,23,1,70,,14204,,,1,30,,14175,0,23,1,70,,14191,0,20 24,1,30,,14176,0,23,1,70,,14192,0,20 24,1,30,,14177,0,23,1,70,,14205,,,1,30,,14178,0,23,1,70,,14193,0,20 24,1,30,,14179,0,23,1,70,,14194,0,20 24,1,30,,14180,0,23,1,70,,14206,,,1,30,,14181,0,23,1,70,,14199,0,25,1,30,,14200,0,25,1,70,,14190,0,23,1,30,,14182,0,23,1,70,,14195,0,20 24,1,30,,14183,0,23,1,70,,14196,0,20 24,1,30,,14184,0,23,1,70,,14197,0,20 24,1,30,,14185,0,23,1,70,,14207,,,1,30,,14186,0,23,1,70,,14208,,,1,100,,14198,0,20 24,1
300,'20260324',704,,14226,0,23,1,30,,14211,0,23,1,70,,14227,0,23,1,30,,14212,0,23,1,70,,14228,0,23,1,30,,14213,0,23,1,70,,14243,,,1,30,,14214,0,23,1,70,,14230,0,20 24,1,30,,14215,0,23,1,70,,14231,0,20 24,1,30,,14216,0,23,1,70,,14244,,,1,30,,14217,0,23,1,70,,14232,0,20 24,1,30,,14218,0,23,1,70,,14233,0,20 24,1,30,,14219,0,23,1,70,,14245,,,1,30,,14220,0,23,1,70,,14238,0,25,1,30,,14239,0,25,1,70,,14229,0,23,1,30,,14221,0,23,1,70,,14234,0,20 24,1,30,,14222,0,23,1,70,,14235,0,20 24,1,30,,14223,0,23,1,70,,14236,0,20 24,1,30,,14224,0,23,1,70,,14246,,,1,30,,14225,0,23,1,70,,14247,,,1,100,,14237,0,20 24,1
300,'20260325',704,,14265,0,23,1,30,,14250,0,23,1,70,,14266,0,23,1,30,,14251,0,23,1,70,,14267,0,23,1,30,,14252,0,23,1,70,,14282,,,1,30,,14253,0,23,1,70,,14269,0,20 24,1,30,,14254,0,23,1,70,,14270,0,20 24,1,30,,14255,0,23,1,70,,14283,,,1,30,,14256,0,23,1,70,,14271,0,20 24,1,30,,14257,0,23,1,70,,14272,0,20 24,1,30,,14258,0,23,1,70,,14284,,,1,30,,14259,0,23,1,70,,14277,0,25,1,30,,14278,0,25,1,70,,14268,0,23,1,30,,14260,0,23,1,70,,14273,0,20 24,1,30,,14261,0,23,1,70,,14274,0,20 24,1,30,,14262,0,23,1,70,,14275,0,20 24,1,30,,14263,0,23,1,70,,14285,,,1,30,,14264,0,23,1,70,,14286,,,1,100,,14276,0,20 24,1
300,'20260326',704,,14304,0,23,1,30,,14289,0,23,1,70,,14305,0,23,1,30,,14290,0,23,1,70,,14306,0,23,1,30,,14291,0,23,1,70,,14321,,,1,30,,14292,0,23,1,70,,14308,0,20 24,1,30,,14293,0,23,1,70,,14309,0,20 24,1,30,,14294,0,23,1,70,,14322,,,1,30,,14295,0,23,1,70,,14310,0,20 24,1,30,,14296,0,23,1,70,,14311,0,20 24,1,30,,14297,0,23,1,70,,14323,,,1,30,,14298,0,23,1,70,,14316,0,25,1,30,,14317,0,25,1,70,,14307,0,23,1,30,,14299,0,23,1,70,,14312,0,20 24,1,30,,14300,0,23,1,70,,14313,0,20 24,1,30,,14301,0,23,1,70,,14314,0,20 24,1,30,,14302,0,23,1,70,,14324,,,1,30,,14303,0,23,1,70,,14325,,,1,100,,14315,0,20 24,1
300,'20260327',704,,14343,0,23,1,30,,14328,0,23,1,70,,14344,0,23,1,30,,14329,0,23,1,70,,14345,0,23,1,30,,14330,0,23,1,70,,14360,,,1,30,,14331,0,23,1,70,,14347,0,20 24,1,30,,14332,0,23,1,70,,14348,0,20 24,1,30,,14333,0,23,1,70,,14361,,,1,30,,14334,0,23,1,70,,14349,0,20 24,1,30,,14335,0,23,1,70,,14350,0,20 24,1,30,,14336,0,23,1,70,,14362,,,1,30,,14337,0,23,1,70,,14355,0,25,1,30,,14356,0,25,1,70,,14346,0,23,1,30,,14338,0,23,1,70,,14351,0,20 24,1,30,,14339,0,23,1,70,,14352,0,20 24,1,30,,14340,0,23,1,70,,14353,0,20 24,1,30,,14341,0,23,1,70,,14363,,,1,30,,14342,0,23,1,70,,14364,,,1
300,'20260330',704,,14432,0,23,1,30,,14417,0,23,1,70,,14433,0,23,1,30,,14418,0,23,1,70,,14434,0,23,1,30,,14419,0,23,1,72,,14449,,,1,28,,14420,0,23,1,72,,14436,0,20 24,1,28,,14421,0,23,1,72,,14437,0,20 24,1,28,,14422,0,23,1,72,,14450,,,1,28,,14423,0,23,1,72,,14438,0,20 24,1,28,,14424,0,23,1,72,,14439,0,20 24,1,28,,14425,0,23,1,72,,14451,,,1,30,,14426,0,23,1,70,,14444,0,25,1,30,,14445,0,25,1,68,,14435,0,23,1,32,,14427,0,23,1,70,,14440,0,20 24,1,28,,14428,0,23,1,72,,14441,0,20 24,1,28,,14429,0,23,1,72,,14442,0,20 24,1,28,,14430,0,23,1,72,,14452,,,1,28,,14431,0,23,1,72,,14453,,,1,100,,14443,0,20 24,1
300,'20260331',704,,14471,0,23,1,30,,14456,0,23,1,70,,14472,0,23,1,30,,14457,0,23,1,70,,14473,0,23,1,30,,14458,0,23,1,72,,14488,,,1,28,,14459,0,23,1,72,,14475,0,20 24,1,28,,14460,0,23,1,72,,14476,0,20 24,1,28,,14461,0,23,1,72,,14489,,,1,28,,14462,0,23,1,72,,14477,0,20 24,1,28,,14463,0,23,1,72,,14478,0,20 24,1,28,,14464,0,23,1,72,,14490,,,1,30,,14465,0,23,1,70,,14483,0,25,1,30,,14484,0,25,1,68,,14474,0,23,1,32,,14466,0,23,1,70,,14479,0,20 24,1,28,,14467,0,23,1,72,,14480,0,20 24,1,28,,14468,0,23,1,72,,14481,0,20 24,1,28,,14469,0,23,1,72,,14491,,,1,28,,14470,0,23,1,72,,14492,,,1,100,,14482,0,20 24,1
300,'20260401',704,,14510,0,23,1,30,,14495,0,23,1,70,,14511,0,23,1,30,,14496,0,23,1,70,,14512,0,23,1,30,,14497,0,23,1,72,,14527,,,1,28,,14498,0,23,1,72,,14514,0,20 24,1,28,,14499,0,23,1,72,,14515,0,20 24,1,28,,14500,0,23,1,72,,14528,,,1,28,,14501,0,23,1,72,,14516,0,20 24,1,28,,14502,0,23,1,72,,14517,0,20 24,1,28,,14503,0,23,1,72,,14529,,,1,30,,14504,0,23,1,70,,14522,0,25,1,30,,14523,0,25,1,68,,14513,0,23,1,32,,14505,0,23,1,70,,14518,0,20 24,1,28,,14506,0,23,1,72,,14519,0,20 24,1,28,,14507,0,23,1,72,,14520,0,20 24,1,28,,14508,0,23,1,72,,14530,,,1,28,,14509,0,23,1,72,,14531,,,1,100,,14521,0,20 24,1
300,'20260402',704,,14549,0,23,1,30,,14534,0,23,1,70,,14550,0,23,1,30,,14535,0,23,1,70,,14551,0,23,1,30,,14536,0,23,1,72,,14566,,,1,28,,14537,0,23,1,72,,14553,0,20 24,1,28,,14538,0,23,1,72,,14554,0,20 24,1,28,,14539,0,23,1,72,,14567,,,1,28,,14540,0,23,1,72,,14555,0,20 24,1,28,,14541,0,23,1,72,,14556,0,20 24,1,28,,14542,0,23,1,72,,14568,,,1,30,,14543,0,23,1,70,,14561,0,25,1,30,,14562,0,25,1,68,,14552,0,23,1,32,,14544,0,23,1,70,,14557,0,20 24,1,28,,14545,0,23,1,72,,14558,0,20 24,1,28,,14546,0,23,1,72,,14559,0,20 24,1,28,,14547,0,23,1,72,,14569,,,1,28,,14548,0,23,1,72,,14570,,,1,100,,14560,0,20 24,1
300,'20260403',916,,36615,0,20 24,1,100,,36616,0,20 24,1,100,,14592,0,20 24,1,100,,14593,0,20 24,1,100,,36617,0,20 24,1,100,,14594,0,20 24,1,100,,14595,0,20 24,1,30,,36606,0,23,1,70,,36618,0,20 24,1,30,,36607,0,23,1,70,,36621,,,1,30,,36608,0,23,1,70,,36619,0,20 24,1,30,,36609,0,23,1,70,,14596,0,20 24,1,30,,36610,0,23,1,70,,14597,0,20 24,1,30,,36611,0,23,1,70,,14598,0,20 24,1,30,,36612,0,23,1,70,,36620,0,20 24,1,30,,36613,0,23,1,70,,14609,,,1,30,,36614,0,23,1,70,,14599,0,20 24,1
300,'20260404',916,,14621,0,20 24,1,100,,14622,0,20 24,1,100,,14623,0,20 24,1,100,,14624,0,20 24,1,100,,14625,0,20 24,1,100,,14626,0,20 24,1,100,,14627,0,20 24,1,30,,14612,0,23,1,70,,14628,0,20 24,1,30,,14613,0,23,1,70,,14635,,,1,30,,14614,0,23,1,70,,14629,0,20 24,1,30,,14615,0,23,1,70,,14630,0,20 24,1,30,,14616,0,23,1,70,,14631,0,20 24,1,30,,14617,0,23,1,70,,14632,0,20 24,1,30,,14618,0,23,1,70,,14633,0,20 24,1,30,,14619,0,23,1,70,,14636,,,1,30,,14620,0,23,1,70,,14634,0,20 24,1
300,'20260405',916,,14646,0,20 24,1,100,,14647,0,20 24,1,100,,14648,0,20 24,1,100,,14649,0,20 24,1,100,,14650,0,20 24,1,100,,14651,0,20 24,1,100,,14652,0,20 24,1,30,,14637,0,23,1,70,,14653,0,20 24,1,30,,14638,0,23,1,70,,14660,,,1,30,,14639,0,23,1,70,,14654,0,20 24,1,30,,14640,0,23,1,70,,14655,0,20 24,1,30,,14641,0,23,1,70,,14656,0,20 24,1,30,,14642,0,23,1,70,,14657,0,20 24,1,30,,14643,0,23,1,70,,14658,0,20 24,1,30,,14644,0,23,1,70,,14661,,,1,30,,14645,0,23,1,70,,14659,0,20 24,1
300,'20260406',704,,14677,0,23,1,30,,14662,0,23,1,70,,14678,0,23,1,30,,14663,0,23,1,70,,14679,0,23,1,30,,14664,0,23,1,70,,14694,,,1,30,,14665,0,23,1,70,,14681,0,20 24,1,30,,14666,0,23,1,70,,14682,0,20 24,1,30,,14667,0,23,1,70,,14695,,,1,30,,14668,0,23,1,70,,14683,0,20 24,1,30,,14669,0,23,1,70,,14684,0,20 24,1,30,,14670,0,23,1,70,,14696,,,1,30,,14671,0,23,1,70,,14689,0,25,1,30,,14690,0,25,1,70,,14680,0,23,1,30,,14672,0,23,1,70,,14685,0,20 24,1,30,,14673,0,23,1,70,,14686,0,20 24,1,30,,14674,0,23,1,70,,14687,0,20 24,1,30,,14675,0,23,1,70,,14697,,,1,30,,14676,0,23,1,70,,14698,,,1,100,,14688,0,20 24,1
300,'20260407',704,,14716,0,23,1,30,,14701,0,23,1,70,,14717,0,23,1,30,,14702,0,23,1,70,,14718,0,23,1,30,,14703,0,23,1,70,,14733,,,1,30,,14704,0,23,1,70,,14720,0,20 24,1,30,,14705,0,23,1,70,,14721,0,20 24,1,30,,14706,0,23,1,70,,14734,,,1,30,,14707,0,23,1,70,,14722,0,20 24,1,30,,14708,0,23,1,70,,14723,0,20 24,1,30,,14709,0,23,1,70,,14735,,,1,30,,14710,0,23,1,70,,14728,0,25,1,30,,14729,0,25,1,70,,14719,0,23,1,30,,14711,0,23,1,70,,14724,0,20 24,1,30,,14712,0,23,1,70,,14725,0,20 24,1,30,,14713,0,23,1,70,,14726,0,20 24,1,30,,14714,0,23,1,70,,14736,,,1,30,,14715,0,23,1,70,,14737,,,1,100,,14727,0,20 24,1
300,'20260408',704,,14755,0,23,1,30,,14740,0,23,1,70,,14756,0,23,1,30,,14741,0,23,1,70,,14757,0,23,1,30,,14742,0,23,1,70,,14772,,,1,30,,14743,0,23,1,70,,14759,0,20 24,1,30,,14744,0,23,1,70,,14760,0,20 24,1,30,,14745,0,23,1,70,,14773,,,1,30,,14746,0,23,1,70,,14761,0,20 24,1,30,,14747,0,23,1,70,,14762,0,20 24,1,30,,14748,0,23,1,70,,14774,,,1,30,,14749,0,23,1,70,,14767,0,25,1,30,,14768,0,25,1,70,,14758,0,23,1,30,,14750,0,23,1,70,,14763,0,20 24,1,30,,14751,0,23,1,70,,14764,0,20 24,1,30,,14752,0,23,1,70,,14765,0,20 24,1,30,,14753,0,23,1,70,,14775,,,1,30,,14754,0,23,1,70,,14776,,,1,100,,14766,0,20 24,1
300,'20260409',704,,14794,0,23,1,30,,14779,0,23,1,70,,14795,0,23,1,30,,14780,0,23,1,70,,14796,0,23,1,30,,14781,0,23,1,70,,14811,,,1,30,,14782,0,23,1,70,,14798,0,20 24,1,30,,14783,0,23,1,70,,14799,0,20 24,1,30,,14784,0,23,1,70,,14812,,,1,30,,14785,0,23,1,70,,14800,0,20 24,1,30,,14786,0,23,1,70,,14801,0,20 24,1,30,,14787,0,23,1,70,,14813,,,1,30,,14788,0,23,1,70,,14806,0,25,1,30,,14807,0,25,1,70,,14797,0,23,1,30,,14789,0,23,1,70,,14802,0,20 24,1,30,,14790,0,23,1,70,,14803,0,20 24,1,30,,14791,0,23,1,70,,14804,0,20 24,1,30,,14792,0,23,1,70,,14814,,,1,30,,14793,0,23,1,70,,14815,,,1,100,,14805,0,20 24,1
300,'20260410',704,,14833,0,23,1,30,,14818,0,23,1,70,,14834,0,23,1,30,,14819,0,23,1,70,,14835,0,23,1,30,,14820,0,23,1,70,,14850,,,1,30,,14821,0,23,1,70,,14837,0,20 24,1,30,,14822,0,23,1,70,,14838,0,20 24,1,30,,14823,0,23,1,70,,14851,,,1,30,,14824,0,23,1,70,,14839,0,20 24,1,30,,14825,0,23,1,70,,14840,0,20 24,1,30,,14826,0,23,1,70,,14852,,,1,30,,14827,0,23,1,70,,14845,0,25,1,30,,14846,0,25,1,70,,14836,0,23,1,30,,14828,0,23,1,70,,14841,0,20 24,1,30,,14829,0,23,1,70,,14842,0,20 24,1,30,,14830,0,23,1,70,,14843,0,20 24,1,30,,14831,0,23,1,70,,14853,,,1,30,,14832,0,23,1,70,,14854,,,1,100,,14844,0,20 24,1
300,'20260411',916,,14866,0,20 24,1,100,,14867,0,20 24,1,100,,14868,0,20 24,1,100,,14869,0,20 24,1,100,,14870,0,20 24,1,100,,14871,0,20 24,1,100,,14872,0,20 24,1,30,,14857,0,23,1,70,,14873,0,20 24,1,30,,14858,0,23,1,70,,14880,,,1,30,,14859,0,23,1,70,,14874,0,20 24,1,30,,14860,0,23,1,70,,14875,0,20 24,1,30,,14861,0,23,1,70,,14876,0,20 24,1,30,,14862,0,23,1,70,,14877,0,20 24,1,30,,14863,0,23,1,70,,14878,0,20 24,1,30,,14864,0,23,1,70,,14881,,,1,30,,14865,0,23,1,70,,14879,0,20 24,1
300,'20260412',916,,14891,0,20 24,1,100,,14892,0,20 24,1,100,,14893,0,20 24,1,100,,14894,0,20 24,1,100,,14895,0,20 24,1,100,,14896,0,20 24,1,100,,14897,0,20 24,1,30,,14882,0,23,1,70,,14898,0,20 24,1,30,,14883,0,23,1,70,,14905,,,1,30,,14884,0,23,1,70,,14899,0,20 24,1,30,,14885,0,23,1,70,,14900,0,20 24,1,30,,14886,0,23,1,70,,14901,0,20 24,1,30,,14887,0,23,1,70,,14902,0,20 24,1,30,,14888,0,23,1,70,,14903,0,20 24,1,30,,14889,0,23,1,70,,14906,,,1,30,,14890,0,23,1,70,,14904,0,20 24,1
300,'20260413',704,,14922,0,23,1,30,,14907,0,23,1,70,,14923,0,23,1,30,,14908,0,23,1,70,,14924,0,23,1,30,,14909,0,23,1,70,,14939,,,1,30,,14910,0,23,1,70,,14926,0,20 24,1,30,,14911,0,23,1,70,,14927,0,20 24,1,30,,14912,0,23,1,70,,14940,,,1,30,,14913,0,23,1,70,,14928,0,20 24,1,30,,14914,0,23,1,70,,14929,0,20 24,1,30,,14915,0,23,1,70,,14941,,,1,30,,14916,0,23,1,70,,14934,0,25,1,30,,14935,0,25,1,70,,14925,0,23,1,30,,14917,0,23,1,70,,14930,0,20 24,1,30,,14918,0,23,1,70,,14931,0,20 24,1,30,,14919,0,23,1,70,,14932,0,20 24,1,30,,14920,0,23,1,70,,14942,,,1,30,,14921,0,23,1,70,,14943,,,1,100,,14933,0,20 24,1
300,'20260414',704,,14961,0,23,1,30,,14946,0,23,1,70,,14962,0,23,1,30,,14947,0,23,1,70,,14963,0,23,1,30,,14948,0,23,1,70,,14978,,,1,30,,14949,0,23,1,70,,14965,0,20 24,1,30,,14950,0,23,1,70,,14966,0,20 24,1,30,,14951,0,23,1,70,,14979,,,1,30,,14952,0,23,1,70,,14967,0,20 24,1,30,,14953,0,23,1,70,,14968,0,20 24,1,30,,14954,0,23,1,70,,14980,,,1,30,,14955,0,23,1,70,,14973,0,25,1,30,,14974,0,25,1,70,,14964,0,23,1,30,,14956,0,23,1,70,,14969,0,20 24,1,30,,14957,0,23,1,70,,14970,0,20 24,1,30,,14958,0,23,1,70,,14971,0,20 24,1,30,,14959,0,23,1,70,,14981,,,1,30,,14960,0,23,1,70,,14982,,,1,100,,14972,0,20 24,1
300,'20260415',704,,15000,0,23,1,30,,14985,0,23,1,70,,15001,0,23,1,30,,14986,0,23,1,70,,15002,0,23,1,30,,14987,0,23,1,70,,15017,,,1,30,,14988,0,23,1,70,,15004,0,20 24,1,30,,14989,0,23,1,70,,15005,0,20 24,1,30,,14990,0,23,1,70,,15018,,,1,30,,14991,0,23,1,70,,15006,0,20 24,1,30,,14992,0,23,1,70,,15007,0,20 24,1,30,,14993,0,23,1,70,,15019,,,1,30,,14994,0,23,1,70,,15012,0,25,1,30,,15013,0,25,1,70,,15003,0,23,1,30,,14995,0,23,1,70,,15008,0,20 24,1,30,,14996,0,23,1,70,,15009,0,20 24,1,30,,14997,0,23,1,70,,15010,0,20 24,1,30,,14998,0,23,1,70,,15020,,,1,30,,14999,0,23,1,70,,15021,,,1,100,,15011,0,20 24,1
300,'20260416',704,,15039,0,23,1,30,,15024,0,23,1,70,,15040,0,23,1,30,,15025,0,23,1,70,,15041,0,23,1,30,,15026,0,23,1,70,,15056,,,1,30,,15027,0,23,1,70,,15043,0,20 24,1,30,,15028,0,23,1,70,,15044,0,20 24,1,30,,15029,0,23,1,70,,15057,,,1,30,,15030,0,23,1,70,,15045,0,20 24,1,30,,15031,0,23,1,70,,15046,0,20 24,1,30,,15032,0,23,1,70,,15058,,,1,30,,15033,0,23,1,70,,15051,0,25,1,30,,15052,0,25,1,70,,15042,0,23,1,30,,15034,0,23,1,70,,15047,0,20 24,1,30,,15035,0,23,1,70,,15048,0,20 24,1,30,,15036,0,23,1,70,,15049,0,20 24,1,30,,15037,0,23,1,70,,15059,,,1,30,,15038,0,23,1,70,,15060,,,1,100,,15050,0,20 24,1
300,'20260417',704,,15078,0,23,1,30,,15063,0,23,1,70,,15079,0,23,1,30,,15064,0,23,1,70,,15080,0,23,1,30,,15065,0,23,1,70,,15095,,,1,30,,15066,0,23,1,70,,15082,0,20 24,1,30,,15067,0,23,1,70,,15083,0,20 24,1,30,,15068,0,23,1,70,,15096,,,1,30,,15069,0,23,1,70,,15084,0,20 24,1,30,,15070,0,23,1,70,,15085,0,20 24,1,30,,15071,0,23,1,70,,15097,,,1,30,,15072,0,23,1,70,,15090,0,25,1,30,,15091,0,25,1,70,,15081,0,23,1,30,,15073,0,23,1,70,,15086,0,20 24,1,30,,15074,0,23,1,70,,15087,0,20 24,1,30,,15075,0,23,1,70,,15088,0,20 24,1,30,,15076,0,23,1,70,,15098,,,1,30,,15077,0,23,1,70,,15099,,,1,100,,15089,0,20 24,1
300,'20260418',916,,15111,0,20 24,1,100,,15112,0,20 24,1,100,,15113,0,20 24,1,100,,15114,0,20 24,1,100,,15115,0,20 24,1,100,,15116,0,20 24,1,100,,15117,0,20 24,1,30,,15102,0,23,1,70,,15118,0,20 24,1,30,,15103,0,23,1,70,,15125,,,1,30,,15104,0,23,1,70,,15119,0,20 24,1,30,,15105,0,23,1,70,,15120,0,20 24,1,30,,15106,0,23,1,70,,15121,0,20 24,1,30,,15107,0,23,1,70,,15122,0,20 24,1,30,,15108,0,23,1,70,,15123,0,20 24,1,30,,15109,0,23,1,70,,15126,,,1,30,,15110,0,23,1,70,,15124,0,20 24,1
300,'20260419',916,,15136,0,20 24,1,100,,15137,0,20 24,1,100,,15138,0,20 24,1,100,,15139,0,20 24,1,100,,15140,0,20 24,1,100,,15141,0,20 24,1,100,,15142,0,20 24,1,30,,15127,0,23,1,70,,15143,0,20 24,1,30,,15128,0,23,1,70,,15150,,,1,30,,15129,0,23,1,70,,15144,0,20 24,1,30,,15130,0,23,1,70,,15145,0,20 24,1,30,,15131,0,23,1,70,,15146,0,20 24,1,30,,15132,0,23,1,70,,15147,0,20 24,1,30,,15133,0,23,1,70,,15148,0,20 24,1,30,,15134,0,23,1,70,,15151,,,1,30,,15135,0,23,1,70,,15149,0,20 24,1
300,'20260420',704,,15167,0,23,1,30,,15152,0,23,1,70,,15168,0,23,1,30,,15153,0,23,1,70,,15169,0,23,1,30,,15154,0,23,1,70,,15184,,,1,30,,15155,0,23,1,70,,15171,0,20 24,1,30,,15156,0,23,1,70,,15172,0,20 24,1,30,,15157,0,23,1,70,,15185,,,1,30,,15158,0,23,1,70,,15173,0,20 24,1,30,,15159,0,23,1,70,,15174,0,20 24,1,30,,15160,0,23,1,70,,15186,,,1,30,,15161,0,23,1,70,,15179,0,25,1,30,,15180,0,25,1,70,,15170,0,23,1,30,,15162,0,23,1,70,,15175,0,20 24,1,30,,15163,0,23,1,70,,15176,0,20 24,1,30,,15164,0,23,1,70,,15177,0,20 24,1,30,,15165,0,23,1,70,,15187,,,1,30,,15166,0,23,1,70,,15188,,,1,100,,15178,0,20 24,1
300,'20260421',704,,15206,0,23,1,30,,15191,0,23,1,70,,15207,0,23,1,30,,15192,0,23,1,70,,15208,0,23,1,30,,15193,0,23,1,70,,15223,,,1,30,,15194,0,23,1,70,,15210,0,20 24,1,30,,15195,0,23,1,70,,15211,0,20 24,1,30,,15196,0,23,1,70,,15224,,,1,30,,15197,0,23,1,70,,15212,0,20 24,1,30,,15198,0,23,1,70,,15213,0,20 24,1,30,,15199,0,23,1,70,,15225,,,1,30,,15200,0,23,1,70,,15218,0,25,1,30,,15219,0,25,1,70,,15209,0,23,1,30,,15201,0,23,1,70,,15214,0,20 24,1,30,,15202,0,23,1,70,,15215,0,20 24,1,30,,15203,0,23,1,70,,15216,0,20 24,1,30,,15204,0,23,1,70,,15226,,,1,30,,15205,0,23,1,70,,15227,,,1,100,,15217,0,20 24,1
300,'20260422',704,,15245,0,23,1,30,,15230,0,23,1,70,,15246,0,23,1,30,,15231,0,23,1,70,,15247,0,23,1,30,,15232,0,23,1,70,,15262,,,1,30,,15233,0,23,1,70,,15249,0,20 24,1,30,,15234,0,23,1,70,,15250,0,20 24,1,30,,15235,0,23,1,70,,15263,,,1,30,,15236,0,23,1,70,,15251,0,20 24,1,30,,15237,0,23,1,70,,15252,0,20 24,1,30,,15238,0,23,1,70,,15264,,,1,30,,15239,0,23,1,70,,15257,0,25,1,30,,15258,0,25,1,70,,15248,0,23,1,30,,15240,0,23,1,70,,15253,0,20 24,1,30,,15241,0,23,1,70,,15254,0,20 24,1,30,,15242,0,23,1,70,,15255,0,20 24,1,30,,15243,0,23,1,70,,15265,,,1,30,,15244,0,23,1,70,,15266,,,1,100,,15256,0,20 24,1
300,'20260423',704,,15284,0,23,1,30,,15269,0,23,1,70,,15285,0,23,1,30,,15270,0,23,1,70,,15286,0,23,1,30,,15271,0,23,1,70,,15301,,,1,30,,15272,0,23,1,70,,15288,0,20 24,1,30,,15273,0,23,1,70,,15289,0,20 24,1,30,,15274,0,23,1,70,,15302,,,1,30,,15275,0,23,1,70,,15290,0,20 24,1,30,,15276,0,23,1,70,,15291,0,20 24,1,30,,15277,0,23,1,70,,15303,,,1,30,,15278,0,23,1,70,,15296,0,25,1,30,,15297,0,25,1,70,,15287,0,23,1,30,,15279,0,23,1,70,,15292,0,20 24,1,30,,15280,0,23,1,70,,15293,0,20 24,1,30,,15281,0,23,1,70,,15294,0,20 24,1,30,,15282,0,23,1,70,,15304,,,1,30,,15283,0,23,1,70,,15305,,,1,100,,15295,0,20 24,1
300,'20260424',704,,15323,0,23,1,30,,15308,0,23,1,70,,15324,0,23,1,30,,15309,0,23,1,70,,15325,0,23,1,30,,15310,0,23,1,70,,15340,,,1,30,,15311,0,23,1,70,,15327,0,20 24,1,30,,15312,0,23,1,70,,15328,0,20 24,1,30,,15313,0,23,1,70,,15341,,,1,30,,15314,0,23,1,70,,15329,0,20 24,1,30,,15315,0,23,1,70,,15330,0,20 24,1,30,,15316,0,23,1,70,,15342,,,1,30,,15317,0,23,1,70,,15335,0,25,1,30,,15336,0,25,1,70,,15326,0,23,1,30,,15318,0,23,1,70,,15331,0,20 24,1,30,,15319,0,23,1,70,,15332,0,20 24,1,30,,15320,0,23,1,70,,15333,0,20 24,1,30,,15321,0,23,1,70,,15343,,,1,30,,15322,0,23,1,70,,15344,,,1,100,,15334,0,20 24,1
301,'20260305',604,,17403,,,1,30,,17405,,,1,70,,17392,,,1,30,,17376,,,1,70,,17393,,,1,30,,17377,,,1,70,,17394,,,1,30,,17378,,,1,70,,17395,,,1,30,,17379,,,1,72,,17397,,,1,28,,17380,,,1,72,,17398,,,1,28,,17381,,,1,72,,17408,,,1,28,,17382,,,1,72,,17399,,,1,28,,17383,,,1,72,,17400,,,1,28,,17384,,,1,72,,17409,,,1,30,,17385,,,1,100,,17386,,,1,100,,17387,,,1,70,,17396,,,1,100,,17401,,,1,28,,17388,,,1,72,,17402,,,1,28,,17389,,,1,72,,17410,,,1,28,,17390,,,1,100,,17391,,,1
301,'20260306',604,,17442,,,1,30,,17444,,,1,70,,17431,,,1,30,,17415,,,1,70,,17432,,,1,30,,17416,,,1,70,,17433,,,1,30,,17417,,,1,70,,17434,,,1,30,,17418,,,1,72,,17436,,,1,28,,17419,,,1,72,,17437,,,1,28,,17420,,,1,72,,17447,,,1,28,,17421,,,1,72,,17438,,,1,28,,17422,,,1,72,,17439,,,1,28,,17423,,,1,72,,17448,,,1,30,,17424,,,1,100,,17425,,,1,100,,17426,,,1,70,,17435,,,1,100,,17440,,,1,28,,17427,,,1,72,,17441,,,1,28,,17428,,,1,72,,17449,,,1,28,,17429,,,1,100,,17430,,,1
301,'20260307',806,,17463,,,1,100,,17477,,,1,100,,17464,,,1,100,,17465,,,1,100,,17466,,,1,100,,17467,,,1,100,,17468,,,1,30,,17454,,,1,70,,17469,,,1,30,,17455,,,1,70,,17470,,,1,30,,17456,,,1,70,,17478,,,1,30,,17457,,,1,70,,17471,,,1,30,,17458,,,1,70,,17472,,,1,30,,17459,,,1,70,,17473,,,1,30,,17460,,,1,70,,17474,,,1,30,,17461,,,1,70,,17475,,,1,30,,17462,,,1,70,,17476,,,1
301,'20260308',806,,17488,,,1,100,,17502,,,1,100,,17489,,,1,100,,17490,,,1,100,,17491,,,1,100,,17492,,,1,100,,17493,,,1,30,,17479,,,1,70,,17494,,,1,30,,17480,,,1,70,,17495,,,1,30,,17481,,,1,70,,17503,,,1,30,,17482,,,1,70,,17496,,,1,30,,17483,,,1,70,,17497,,,1,30,,17484,,,1,70,,17498,,,1,30,,17485,,,1,70,,17499,,,1,30,,17486,,,1,70,,17500,,,1,30,,17487,,,1,70,,17501,,,1
301,'20260309',604,,17531,,,1,30,,17533,,,1,70,,17520,,,1,30,,17504,,,1,70,,17521,,,1,30,,17505,,,1,70,,17522,,,1,30,,17506,,,1,70,,17523,,,1,30,,17507,,,1,72,,17525,,,1,28,,17508,,,1,72,,17526,,,1,28,,17509,,,1,72,,17536,,,1,28,,17510,,,1,72,,17527,,,1,28,,17511,,,1,72,,17528,,,1,28,,17512,,,1,72,,17537,,,1,30,,17513,,,1,100,,17514,,,1,100,,17515,,,1,70,,17524,,,1,100,,17529,,,1,28,,17516,,,1,72,,17530,,,1,28,,17517,,,1,72,,17538,,,1,28,,17518,,,1,100,,17519,,,1
301,'20260310',604,,17570,,,1,30,,17572,,,1,70,,17559,,,1,30,,17543,,,1,70,,17560,,,1,30,,17544,,,1,70,,17561,,,1,30,,17545,,,1,70,,17562,,,1,30,,17546,,,1,72,,17564,,,1,28,,17547,,,1,72,,17565,,,1,28,,17548,,,1,72,,17575,,,1,28,,17549,,,1,72,,17566,,,1,28,,17550,,,1,72,,17567,,,1,28,,17551,,,1,72,,17576,,,1,30,,17552,,,1,100,,17553,,,1,100,,17554,,,1,70,,17563,,,1,100,,17568,,,1,28,,17555,,,1,72,,17569,,,1,28,,17556,,,1,72,,17577,,,1,28,,17557,,,1,100,,17558,,,1
301,'20260311',604,,17609,,,1,30,,17611,,,1,70,,17598,,,1,30,,17582,,,1,70,,17599,,,1,30,,17583,,,1,70,,17600,,,1,30,,17584,,,1,70,,17601,,,1,30,,17585,,,1,72,,17603,,,1,28,,17586,,,1,72,,17604,,,1,28,,17587,,,1,72,,17614,,,1,28,,17588,,,1,72,,17605,,,1,28,,17589,,,1,72,,17606,,,1,28,,17590,,,1,72,,17615,,,1,30,,17591,,,1,100,,17592,,,1,100,,17593,,,1,70,,17602,,,1,100,,17607,,,1,28,,17594,,,1,72,,17608,,,1,28,,17595,,,1,72,,17616,,,1,28,,17596,,,1,100,,17597,,,1
301,'20260312',604,,17648,,,1,30,,17650,,,1,70,,17637,,,1,30,,17621,,,1,70,,17638,,,1,30,,17622,,,1,70,,17639,,,1,30,,17623,,,1,70,,17640,,,1,30,,17624,,,1,72,,17642,,,1,28,,17625,,,1,72,,17643,,,1,28,,17626,,,1,72,,17653,,,1,28,,17627,,,1,72,,17644,,,1,28,,17628,,,1,72,,17645,,,1,28,,17629,,,1,72,,17654,,,1,30,,17630,,,1,100,,17631,,,1,100,,17632,,,1,70,,17641,,,1,100,,17646,,,1,28,,17633,,,1,72,,17647,,,1,28,,17634,,,1,72,,17655,,,1,28,,17635,,,1,100,,17636,,,1
301,'20260313',604,,17687,,,1,30,,17689,,,1,70,,17676,,,1,30,,17660,,,1,70,,17677,,,1,30,,17661,,,1,70,,17678,,,1,30,,17662,,,1,70,,17679,,,1,30,,17663,,,1,72,,17681,,,1,28,,17664,,,1,72,,17682,,,1,28,,17665,,,1,72,,17692,,,1,28,,17666,,,1,72,,17683,,,1,28,,17667,,,1,72,,17684,,,1,28,,17668,,,1,72,,17693,,,1,30,,17669,,,1,100,,17670,,,1,100,,17671,,,1,70,,17680,,,1,100,,17685,,,1,28,,17672,,,1,72,,17686,,,1,28,,17673,,,1,72,,17694,,,1,28,,17674,,,1,100,,17675,,,1
301,'20260314',806,,17708,,,1,100,,17722,,,1,100,,17709,,,1,100,,17710,,,1,100,,17711,,,1,100,,17712,,,1,100,,17713,,,1,30,,17699,,,1,70,,17714,,,1,30,,17700,,,1,70,,17715,,,1,30,,17701,,,1,70,,17723,,,1,30,,17702,,,1,70,,17716,,,1,30,,17703,,,1,70,,17717,,,1,30,,17704,,,1,70,,17718,,,1,30,,17705,,,1,70,,17719,,,1,30,,17706,,,1,70,,17720,,,1,30,,17707,,,1,70,,17721,,,1
301,'20260315',806,,17733,,,1,100,,17747,,,1,100,,17734,,,1,100,,17735,,,1,100,,17736,,,1,100,,17737,,,1,100,,17738,,,1,30,,17724,,,1,70,,17739,,,1,30,,17725,,,1,70,,17740,,,1,30,,17726,,,1,70,,17748,,,1,30,,17727,,,1,70,,17741,,,1,30,,17728,,,1,70,,17742,,,1,30,,17729,,,1,70,,17743,,,1,30,,17730,,,1,70,,17744,,,1,30,,17731,,,1,70,,17745,,,1,30,,17732,,,1,70,,17746,,,1
301,'20260316',604,,17776,,,1,30,,17778,,,1,70,,17765,,,1,30,,17749,,,1,70,,17766,,,1,30,,17750,,,1,70,,17767,,,1,30,,17751,,,1,70,,17768,,,1,30,,17752,,,1,72,,17770,,,1,28,,17753,,,1,72,,17771,,,1,28,,17754,,,1,72,,17781,,,1,28,,17755,,,1,72,,17772,,,1,28,,17756,,,1,72,,17773,,,1,28,,17757,,,1,72,,17782,,,1,30,,17758,,,1,100,,17759,,,1,100,,17760,,,1,70,,17769,,,1,100,,17774,,,1,28,,17761,,,1,72,,17775,,,1,28,,17762,,,1,72,,17783,,,1,28,,17763,,,1,100,,17764,,,1
301,'20260317',604,,17815,,,1,30,,17817,,,1,70,,17804,,,1,30,,17788,,,1,70,,17805,,,1,30,,17789,,,1,70,,17806,,,1,30,,17790,,,1,70,,17807,,,1,30,,17791,,,1,72,,17809,,,1,28,,17792,,,1,72,,17810,,,1,28,,17793,,,1,72,,17820,,,1,28,,17794,,,1,72,,17811,,,1,28,,17795,,,1,72,,17812,,,1,28,,17796,,,1,72,,17821,,,1,30,,17797,,,1,100,,17798,,,1,100,,17799,,,1,70,,17808,,,1,100,,17813,,,1,28,,17800,,,1,72,,17814,,,1,28,,17801,,,1,72,,17822,,,1,28,,17802,,,1,100,,17803,,,1
301,'20260318',604,,17854,,,1,30,,17856,,,1,70,,17843,,,1,30,,17827,,,1,70,,17844,,,1,30,,17828,,,1,70,,17845,,,1,30,,17829,,,1,70,,17846,,,1,30,,17830,,,1,72,,17848,,,1,28,,17831,,,1,72,,17849,,,1,28,,17832,,,1,72,,17859,,,1,28,,17833,,,1,72,,17850,,,1,28,,17834,,,1,72,,17851,,,1,28,,17835,,,1,72,,17860,,,1,30,,17836,,,1,100,,17837,,,1,100,,17838,,,1,70,,17847,,,1,100,,17852,,,1,28,,17839,,,1,72,,17853,,,1,28,,17840,,,1,72,,17861,,,1,28,,17841,,,1,100,,17842,,,1
301,'20260319',604,,17893,,,1,30,,17895,,,1,70,,17882,,,1,30,,17866,,,1,70,,17883,,,1,30,,17867,,,1,70,,17884,,,1,30,,17868,,,1,70,,17885,,,1,30,,17869,,,1,72,,17887,,,1,28,,17870,,,1,72,,17888,,,1,28,,17871,,,1,72,,17898,,,1,28,,17872,,,1,72,,17889,,,1,28,,17873,,,1,72,,17890,,,1,28,,17874,,,1,72,,17899,,,1,30,,17875,,,1,100,,17876,,,1,100,,17877,,,1,70,,17886,,,1,100,,17891,,,1,28,,17878,,,1,72,,17892,,,1,28,,17879,,,1,72,,17900,,,1,28,,17880,,,1,100,,17881,,,1
301,'20260320',604,,17932,,,1,30,,17934,,,1,70,,17921,,,1,30,,17905,,,1,70,,17922,,,1,30,,17906,,,1,70,,17923,,,1,30,,17907,,,1,70,,17924,,,1,30,,17908,,,1,72,,17926,,,1,28,,17909,,,1,72,,17927,,,1,28,,17910,,,1,72,,17937,,,1,28,,17911,,,1,72,,17928,,,1,28,,17912,,,1,72,,17929,,,1,28,,17913,,,1,72,,17938,,,1,30,,17914,,,1,100,,17915,,,1,100,,17916,,,1,70,,17925,,,1,100,,17930,,,1,28,,17917,,,1,72,,17931,,,1,28,,17918,,,1,72,,17939,,,1,28,,17919,,,1,100,,17920,,,1
301,'20260321',806,,17953,,,1,100,,17967,,,1,100,,17954,,,1,100,,17955,,,1,100,,17956,,,1,100,,17957,,,1,100,,17958,,,1,30,,17944,,,1,70,,17959,,,1,30,,17945,,,1,70,,17960,,,1,30,,17946,,,1,70,,17968,,,1,30,,17947,,,1,70,,17961,,,1,30,,17948,,,1,70,,17962,,,1,30,,17949,,,1,70,,17963,,,1,30,,17950,,,1,70,,17964,,,1,30,,17951,,,1,70,,17965,,,1,30,,17952,,,1,70,,17966,,,1
301,'20260322',806,,17978,,,1,100,,17992,,,1,100,,17979,,,1,100,,17980,,,1,100,,17981,,,1,100,,17982,,,1,100,,17983,,,1,30,,17969,,,1,70,,17984,,,1,30,,17970,,,1,70,,17985,,,1,30,,17971,,,1,70,,17993,,,1,30,,17972,,,1,70,,17986,,,1,30,,17973,,,1,70,,17987,,,1,30,,17974,,,1,70,,17988,,,1,30,,17975,,,1,70,,17989,,,1,30,,17976,,,1,70,,17990,,,1,30,,17977,,,1,70,,17991,,,1
301,'20260323',604,,18021,,,1,30,,18023,,,1,70,,18010,,,1,30,,17994,,,1,70,,18011,,,1,30,,17995,,,1,70,,18012,,,1,30,,17996,,,1,70,,18013,,,1,30,,17997,,,1,72,,18015,,,1,28,,17998,,,1,72,,18016,,,1,28,,17999,,,1,72,,18026,,,1,28,,18000,,,1,72,,18017,,,1,28,,18001,,,1,72,,18018,,,1,28,,18002,,,1,72,,18027,,,1,30,,18003,,,1,100,,18004,,,1,100,,18005,,,1,70,,18014,,,1,100,,18019,,,1,28,,18006,,,1,72,,18020,,,1,28,,18007,,,1,72,,18028,,,1,28,,18008,,,1,100,,18009,,,1
301,'20260324',604,,18060,,,1,30,,18062,,,1,70,,18049,,,1,30,,18033,,,1,70,,18050,,,1,30,,18034,,,1,70,,18051,,,1,30,,18035,,,1,70,,18052,,,1,30,,18036,,,1,72,,18054,,,1,28,,18037,,,1,72,,18055,,,1,28,,18038,,,1,72,,18065,,,1,28,,18039,,,1,72,,18056,,,1,28,,18040,,,1,72,,18057,,,1,28,,18041,,,1,72,,18066,,,1,30,,18042,,,1,100,,18043,,,1,100,,18044,,,1,70,,18053,,,1,100,,18058,,,1,28,,18045,,,1,72,,18059,,,1,28,,18046,,,1,72,,18067,,,1,28,,18047,,,1,100,,18048,,,1
301,'20260325',604,,18099,,,1,30,,18101,,,1,70,,18088,,,1,30,,18072,,,1,70,,18089,,,1,30,,18073,,,1,70,,18090,,,1,30,,18074,,,1,70,,18091,,,1,30,,18075,,,1,72,,18093,,,1,28,,18076,,,1,72,,18094,,,1,28,,18077,,,1,72,,18104,,,1,28,,18078,,,1,72,,18095,,,1,28,,18079,,,1,72,,18096,,,1,28,,18080,,,1,72,,18105,,,1,30,,18081,,,1,100,,18082,,,1,100,,18083,,,1,70,,18092,,,1,100,,18097,,,1,28,,18084,,,1,72,,18098,,,1,28,,18085,,,1,72,,18106,,,1,28,,18086,,,1,100,,18087,,,1
301,'20260326',604,,18138,,,1,30,,18140,,,1,70,,18127,,,1,30,,18111,,,1,70,,18128,,,1,30,,18112,,,1,70,,18129,,,1,30,,18113,,,1,70,,18130,,,1,30,,18114,,,1,72,,18132,,,1,28,,18115,,,1,72,,18133,,,1,28,,18116,,,1,72,,18143,,,1,28,,18117,,,1,72,,18134,,,1,28,,18118,,,1,72,,18135,,,1,28,,18119,,,1,72,,18144,,,1,30,,18120,,,1,100,,18121,,,1,100,,18122,,,1,70,,18131,,,1,100,,18136,,,1,28,,18123,,,1,72,,18137,,,1,28,,18124,,,1,72,,18145,,,1,28,,18125,,,1,100,,18126,,,1
301,'20260327',604,,18177,,,1,30,,18179,,,1,70,,18166,,,1,30,,18150,,,1,70,,18167,,,1,30,,18151,,,1,70,,18168,,,1,30,,18152,,,1,70,,18169,,,1,30,,18153,,,1,72,,18171,,,1,28,,18154,,,1,72,,18172,,,1,28,,18155,,,1,72,,18182,,,1,28,,18156,,,1,72,,18173,,,1,28,,18157,,,1,72,,18174,,,1,28,,18158,,,1,72,,18183,,,1,30,,18159,,,1,100,,18160,,,1,100,,18161,,,1,70,,18170,,,1,100,,18175,,,1,28,,18162,,,1,72,,18176,,,1,28,,18163,,,1,72,,18184,,,1,28,,18164,,,1,100,,18165,,,1
301,'20260330',602,,18266,,,1,30,,18268,,,1,70,,18255,,,1,30,,18239,,,1,70,,18256,,,1,30,,18240,,,1,70,,18257,,,1,30,,18241,,,1,74,,18258,,,1,26,,18242,,,1,74,,18260,,,1,26,,18243,,,1,74,,18261,,,1,26,,18244,,,1,74,,18271,,,1,26,,18245,,,1,74,,18262,,,1,26,,18246,,,1,74,,18263,,,1,26,,18247,,,1,74,,18272,,,1,30,,18248,,,1,100,,18249,,,1,100,,18250,,,1,70,,18259,,,1,100,,18264,,,1,26,,18251,,,1,74,,18265,,,1,26,,18252,,,1,74,,18273,,,1,26,,18253,,,1,100,,18254,,,1
301,'20260331',602,,18305,,,1,30,,18307,,,1,70,,18294,,,1,30,,18278,,,1,70,,18295,,,1,30,,18279,,,1,70,,18296,,,1,30,,18280,,,1,74,,18297,,,1,26,,18281,,,1,74,,18299,,,1,26,,18282,,,1,74,,18300,,,1,26,,18283,,,1,74,,18310,,,1,26,,18284,,,1,74,,18301,,,1,26,,18285,,,1,74,,18302,,,1,26,,18286,,,1,74,,18311,,,1,30,,18287,,,1,100,,18288,,,1,100,,18289,,,1,70,,18298,,,1,100,,18303,,,1,26,,18290,,,1,74,,18304,,,1,26,,18291,,,1,74,,18312,,,1,26,,18292,,,1,100,,18293,,,1
301,'20260401',602,,18344,,,1,30,,18346,,,1,70,,18333,,,1,30,,18317,,,1,70,,18334,,,1,30,,18318,,,1,70,,18335,,,1,30,,18319,,,1,74,,18336,,,1,26,,18320,,,1,74,,18338,,,1,26,,18321,,,1,74,,18339,,,1,26,,18322,,,1,74,,18349,,,1,26,,18323,,,1,74,,18340,,,1,26,,18324,,,1,74,,18341,,,1,26,,18325,,,1,74,,18350,,,1,30,,18326,,,1,100,,18327,,,1,100,,18328,,,1,70,,18337,,,1,100,,18342,,,1,26,,18329,,,1,74,,18343,,,1,26,,18330,,,1,74,,18351,,,1,26,,18331,,,1,100,,18332,,,1
301,'20260402',602,,18383,,,1,30,,18385,,,1,70,,18372,,,1,30,,18356,,,1,70,,18373,,,1,30,,18357,,,1,70,,18374,,,1,30,,18358,,,1,74,,18375,,,1,26,,18359,,,1,74,,18377,,,1,26,,18360,,,1,74,,18378,,,1,26,,18361,,,1,74,,18388,,,1,26,,18362,,,1,74,,18379,,,1,26,,18363,,,1,74,,18380,,,1,26,,18364,,,1,74,,18389,,,1,30,,18365,,,1,100,,18366,,,1,100,,18367,,,1,70,,18376,,,1,100,,18381,,,1,26,,18368,,,1,74,,18382,,,1,26,,18369,,,1,74,,18390,,,1,26,,18370,,,1,100,,18371,,,1
301,'20260403',806,,36623,,,1,100,,36637,,,1,100,,36624,,,1,100,,36625,,,1,100,,36626,,,1,100,,36627,,,1,100,,36628,,,1,30,,18402,,,1,70,,36629,,,1,30,,18403,,,1,70,,36630,,,1,30,,18404,,,1,70,,36638,,,1,30,,18405,,,1,70,,36631,,,1,30,,18406,,,1,70,,36632,,,1,30,,36622,,,1,70,,36633,,,1,30,,18407,,,1,70,,36634,,,1,30,,18408,,,1,70,,36635,,,1,30,,18409,,,1,70,,36636,,,1
301,'20260404',806,,18443,,,1,100,,18457,,,1,100,,18444,,,1,100,,18445,,,1,100,,18446,,,1,100,,18447,,,1,100,,18448,,,1,30,,18434,,,1,70,,18449,,,1,30,,18435,,,1,70,,18450,,,1,30,,18436,,,1,70,,18458,,,1,30,,18437,,,1,70,,18451,,,1,30,,18438,,,1,70,,18452,,,1,30,,18439,,,1,70,,18453,,,1,30,,18440,,,1,70,,18454,,,1,30,,18441,,,1,70,,18455,,,1,30,,18442,,,1,70,,18456,,,1
301,'20260405',806,,18468,,,1,100,,18482,,,1,100,,18469,,,1,100,,18470,,,1,100,,18471,,,1,100,,18472,,,1,100,,18473,,,1,30,,18459,,,1,70,,18474,,,1,30,,18460,,,1,70,,18475,,,1,30,,18461,,,1,70,,18483,,,1,30,,18462,,,1,70,,18476,,,1,30,,18463,,,1,70,,18477,,,1,30,,18464,,,1,70,,18478,,,1,30,,18465,,,1,70,,18479,,,1,30,,18466,,,1,70,,18480,,,1,30,,18467,,,1,70,,18481,,,1
301,'20260406',604,,18511,,,1,30,,18513,,,1,70,,18500,,,1,30,,18484,,,1,70,,18501,,,1,30,,18485,,,1,70,,18502,,,1,30,,18486,,,1,70,,18503,,,1,30,,18487,,,1,72,,18505,,,1,28,,18488,,,1,72,,18506,,,1,28,,18489,,,1,72,,18516,,,1,28,,18490,,,1,72,,18507,,,1,28,,18491,,,1,72,,18508,,,1,28,,18492,,,1,72,,18517,,,1,30,,18493,,,1,100,,18494,,,1,100,,18495,,,1,70,,18504,,,1,100,,18509,,,1,28,,18496,,,1,72,,18510,,,1,28,,18497,,,1,72,,18518,,,1,28,,18498,,,1,100,,18499,,,1
301,'20260407',604,,18550,,,1,30,,18552,,,1,70,,18539,,,1,30,,18523,,,1,70,,18540,,,1,30,,18524,,,1,70,,18541,,,1,30,,18525,,,1,70,,18542,,,1,30,,18526,,,1,72,,18544,,,1,28,,18527,,,1,72,,18545,,,1,28,,18528,,,1,72,,18555,,,1,28,,18529,,,1,72,,18546,,,1,28,,18530,,,1,72,,18547,,,1,28,,18531,,,1,72,,18556,,,1,30,,18532,,,1,100,,18533,,,1,100,,18534,,,1,70,,18543,,,1,100,,18548,,,1,28,,18535,,,1,72,,18549,,,1,28,,18536,,,1,72,,18557,,,1,28,,18537,,,1,100,,18538,,,1
301,'20260408',604,,18589,,,1,30,,18591,,,1,70,,18578,,,1,30,,18562,,,1,70,,18579,,,1,30,,18563,,,1,70,,18580,,,1,30,,18564,,,1,70,,18581,,,1,30,,18565,,,1,72,,18583,,,1,28,,18566,,,1,72,,18584,,,1,28,,18567,,,1,72,,18594,,,1,28,,18568,,,1,72,,18585,,,1,28,,18569,,,1,72,,18586,,,1,28,,18570,,,1,72,,18595,,,1,30,,18571,,,1,100,,18572,,,1,100,,18573,,,1,70,,18582,,,1,100,,18587,,,1,28,,18574,,,1,72,,18588,,,1,28,,18575,,,1,72,,18596,,,1,28,,18576,,,1,100,,18577,,,1
301,'20260409',604,,18628,,,1,30,,18630,,,1,70,,18617,,,1,30,,18601,,,1,70,,18618,,,1,30,,18602,,,1,70,,18619,,,1,30,,18603,,,1,70,,18620,,,1,30,,18604,,,1,72,,18622,,,1,28,,18605,,,1,72,,18623,,,1,28,,18606,,,1,72,,18633,,,1,28,,18607,,,1,72,,18624,,,1,28,,18608,,,1,72,,18625,,,1,28,,18609,,,1,72,,18634,,,1,30,,18610,,,1,100,,18611,,,1,100,,18612,,,1,70,,18621,,,1,100,,18626,,,1,28,,18613,,,1,72,,18627,,,1,28,,18614,,,1,72,,18635,,,1,28,,18615,,,1,100,,18616,,,1
301,'20260410',604,,18667,,,1,30,,18669,,,1,70,,18656,,,1,30,,18640,,,1,70,,18657,,,1,30,,18641,,,1,70,,18658,,,1,30,,18642,,,1,70,,18659,,,1,30,,18643,,,1,72,,18661,,,1,28,,18644,,,1,72,,18662,,,1,28,,18645,,,1,72,,18672,,,1,28,,18646,,,1,72,,18663,,,1,28,,18647,,,1,72,,18664,,,1,28,,18648,,,1,72,,18673,,,1,30,,18649,,,1,100,,18650,,,1,100,,18651,,,1,70,,18660,,,1,100,,18665,,,1,28,,18652,,,1,72,,18666,,,1,28,,18653,,,1,72,,18674,,,1,28,,18654,,,1,100,,18655,,,1
301,'20260411',806,,18688,,,1,100,,18702,,,1,100,,18689,,,1,100,,18690,,,1,100,,18691,,,1,100,,18692,,,1,100,,18693,,,1,30,,18679,,,1,70,,18694,,,1,30,,18680,,,1,70,,18695,,,1,30,,18681,,,1,70,,18703,,,1,30,,18682,,,1,70,,18696,,,1,30,,18683,,,1,70,,18697,,,1,30,,18684,,,1,70,,18698,,,1,30,,18685,,,1,70,,18699,,,1,30,,18686,,,1,70,,18700,,,1,30,,18687,,,1,70,,18701,,,1
301,'20260412',806,,18713,,,1,100,,18727,,,1,100,,18714,,,1,100,,18715,,,1,100,,18716,,,1,100,,18717,,,1,100,,18718,,,1,30,,18704,,,1,70,,18719,,,1,30,,18705,,,1,70,,18720,,,1,30,,18706,,,1,70,,18728,,,1,30,,18707,,,1,70,,18721,,,1,30,,18708,,,1,70,,18722,,,1,30,,18709,,,1,70,,18723,,,1,30,,18710,,,1,70,,18724,,,1,30,,18711,,,1,70,,18725,,,1,30,,18712,,,1,70,,18726,,,1
301,'20260413',604,,18756,,,1,30,,18758,,,1,70,,18745,,,1,30,,18729,,,1,70,,18746,,,1,30,,18730,,,1,70,,18747,,,1,30,,18731,,,1,70,,18748,,,1,30,,18732,,,1,72,,18750,,,1,28,,18733,,,1,72,,18751,,,1,28,,18734,,,1,72,,18761,,,1,28,,18735,,,1,72,,18752,,,1,28,,18736,,,1,72,,18753,,,1,28,,18737,,,1,72,,18762,,,1,30,,18738,,,1,100,,18739,,,1,100,,18740,,,1,70,,18749,,,1,100,,18754,,,1,28,,18741,,,1,72,,18755,,,1,28,,18742,,,1,72,,18763,,,1,28,,18743,,,1,100,,18744,,,1
301,'20260414',604,,18795,,,1,30,,18797,,,1,70,,18784,,,1,30,,18768,,,1,70,,18785,,,1,30,,18769,,,1,70,,18786,,,1,30,,18770,,,1,70,,18787,,,1,30,,18771,,,1,72,,18789,,,1,28,,18772,,,1,72,,18790,,,1,28,,18773,,,1,72,,18800,,,1,28,,18774,,,1,72,,18791,,,1,28,,18775,,,1,72,,18792,,,1,28,,18776,,,1,72,,18801,,,1,30,,18777,,,1,100,,18778,,,1,100,,18779,,,1,70,,18788,,,1,100,,18793,,,1,28,,18780,,,1,72,,18794,,,1,28,,18781,,,1,72,,18802,,,1,28,,18782,,,1,100,,18783,,,1
301,'20260415',604,,18834,,,1,30,,18836,,,1,70,,18823,,,1,30,,18807,,,1,70,,18824,,,1,30,,18808,,,1,70,,18825,,,1,30,,18809,,,1,70,,18826,,,1,30,,18810,,,1,72,,18828,,,1,28,,18811,,,1,72,,18829,,,1,28,,18812,,,1,72,,18839,,,1,28,,18813,,,1,72,,18830,,,1,28,,18814,,,1,72,,18831,,,1,28,,18815,,,1,72,,18840,,,1,30,,18816,,,1,100,,18817,,,1,100,,18818,,,1,70,,18827,,,1,100,,18832,,,1,28,,18819,,,1,72,,18833,,,1,28,,18820,,,1,72,,18841,,,1,28,,18821,,,1,100,,18822,,,1
301,'20260416',604,,18873,,,1,30,,18875,,,1,70,,18862,,,1,30,,18846,,,1,70,,18863,,,1,30,,18847,,,1,70,,18864,,,1,30,,18848,,,1,70,,18865,,,1,30,,18849,,,1,72,,18867,,,1,28,,18850,,,1,72,,18868,,,1,28,,18851,,,1,72,,18878,,,1,28,,18852,,,1,72,,18869,,,1,28,,18853,,,1,72,,18870,,,1,28,,18854,,,1,72,,18879,,,1,30,,18855,,,1,100,,18856,,,1,100,,18857,,,1,70,,18866,,,1,100,,18871,,,1,28,,18858,,,1,72,,18872,,,1,28,,18859,,,1,72,,18880,,,1,28,,18860,,,1,100,,18861,,,1
301,'20260417',604,,18912,,,1,30,,18914,,,1,70,,18901,,,1,30,,18885,,,1,70,,18902,,,1,30,,18886,,,1,70,,18903,,,1,30,,18887,,,1,70,,18904,,,1,30,,18888,,,1,72,,18906,,,1,28,,18889,,,1,72,,18907,,,1,28,,18890,,,1,72,,18917,,,1,28,,18891,,,1,72,,18908,,,1,28,,18892,,,1,72,,18909,,,1,28,,18893,,,1,72,,18918,,,1,30,,18894,,,1,100,,18895,,,1,100,,18896,,,1,70,,18905,,,1,100,,18910,,,1,28,,18897,,,1,72,,18911,,,1,28,,18898,,,1,72,,18919,,,1,28,,18899,,,1,100,,18900,,,1
301,'20260418',806,,18933,,,1,100,,18947,,,1,100,,18934,,,1,100,,18935,,,1,100,,18936,,,1,100,,18937,,,1,100,,18938,,,1,30,,18924,,,1,70,,18939,,,1,30,,18925,,,1,70,,18940,,,1,30,,18926,,,1,70,,18948,,,1,30,,18927,,,1,70,,18941,,,1,30,,18928,,,1,70,,18942,,,1,30,,18929,,,1,70,,18943,,,1,30,,18930,,,1,70,,18944,,,1,30,,18931,,,1,70,,18945,,,1,30,,18932,,,1,70,,18946,,,1
301,'20260419',806,,18958,,,1,100,,18972,,,1,100,,18959,,,1,100,,18960,,,1,100,,18961,,,1,100,,18962,,,1,100,,18963,,,1,30,,18949,,,1,70,,18964,,,1,30,,18950,,,1,70,,18965,,,1,30,,18951,,,1,70,,18973,,,1,30,,18952,,,1,70,,18966,,,1,30,,18953,,,1,70,,18967,,,1,30,,18954,,,1,70,,18968,,,1,30,,18955,,,1,70,,18969,,,1,30,,18956,,,1,70,,18970,,,1,30,,18957,,,1,70,,18971,,,1
301,'20260420',604,,19001,,,1,30,,19003,,,1,70,,18990,,,1,30,,18974,,,1,70,,18991,,,1,30,,18975,,,1,70,,18992,,,1,30,,18976,,,1,70,,18993,,,1,30,,18977,,,1,72,,18995,,,1,28,,18978,,,1,72,,18996,,,1,28,,18979,,,1,72,,19006,,,1,28,,18980,,,1,72,,18997,,,1,28,,18981,,,1,72,,18998,,,1,28,,18982,,,1,72,,19007,,,1,30,,18983,,,1,100,,18984,,,1,100,,18985,,,1,70,,18994,,,1,100,,18999,,,1,28,,18986,,,1,72,,19000,,,1,28,,18987,,,1,72,,19008,,,1,28,,18988,,,1,100,,18989,,,1
301,'20260421',604,,19040,,,1,30,,19042,,,1,70,,19029,,,1,30,,19013,,,1,70,,19030,,,1,30,,19014,,,1,70,,19031,,,1,30,,19015,,,1,70,,19032,,,1,30,,19016,,,1,72,,19034,,,1,28,,19017,,,1,72,,19035,,,1,28,,19018,,,1,72,,19045,,,1,28,,19019,,,1,72,,19036,,,1,28,,19020,,,1,72,,19037,,,1,28,,19021,,,1,72,,19046,,,1,30,,19022,,,1,100,,19023,,,1,100,,19024,,,1,70,,19033,,,1,100,,19038,,,1,28,,19025,,,1,72,,19039,,,1,28,,19026,,,1,72,,19047,,,1,28,,19027,,,1,100,,19028,,,1
301,'20260422',604,,19079,,,1,30,,19081,,,1,70,,19068,,,1,30,,19052,,,1,70,,19069,,,1,30,,19053,,,1,70,,19070,,,1,30,,19054,,,1,70,,19071,,,1,30,,19055,,,1,72,,19073,,,1,28,,19056,,,1,72,,19074,,,1,28,,19057,,,1,72,,19084,,,1,28,,19058,,,1,72,,19075,,,1,28,,19059,,,1,72,,19076,,,1,28,,19060,,,1,72,,19085,,,1,30,,19061,,,1,100,,19062,,,1,100,,19063,,,1,70,,19072,,,1,100,,19077,,,1,28,,19064,,,1,72,,19078,,,1,28,,19065,,,1,72,,19086,,,1,28,,19066,,,1,100,,19067,,,1
301,'20260423',604,,19118,,,1,30,,19120,,,1,70,,19107,,,1,30,,19091,,,1,70,,19108,,,1,30,,19092,,,1,70,,19109,,,1,30,,19093,,,1,70,,19110,,,1,30,,19094,,,1,72,,19112,,,1,28,,19095,,,1,72,,19113,,,1,28,,19096,,,1,72,,19123,,,1,28,,19097,,,1,72,,19114,,,1,28,,19098,,,1,72,,19115,,,1,28,,19099,,,1,72,,19124,,,1,30,,19100,,,1,100,,19101,,,1,100,,19102,,,1,70,,19111,,,1,100,,19116,,,1,28,,19103,,,1,72,,19117,,,1,28,,19104,,,1,72,,19125,,,1,28,,19105,,,1,100,,19106,,,1
301,'20260424',604,,19157,,,1,30,,19159,,,1,70,,19146,,,1,30,,19130,,,1,70,,19147,,,1,30,,19131,,,1,70,,19148,,,1,30,,19132,,,1,70,,19149,,,1,30,,19133,,,1,72,,19151,,,1,28,,19134,,,1,72,,19152,,,1,28,,19135,,,1,72,,19162,,,1,28,,19136,,,1,72,,19153,,,1,28,,19137,,,1,72,,19154,,,1,28,,19138,,,1,72,,19163,,,1,30,,19139,,,1,100,,19140,,,1,100,,19141,,,1,70,,19150,,,1,100,,19155,,,1,28,,19142,,,1,72,,19156,,,1,28,,19143,,,1,72,,19164,,,1,28,,19144,,,1,100,,19145,,,1
