200,'20260716',1631,,41900,30,,,1,70,,41901,30,,,1,15,,41902,30,,,1,15,,41903,30,,,1,15,,41904,30,,,1,55,,41905,30,,,1,15,,41906,30,,,1,30,,41907,30,,,1,70,,41908,30,,,1,85,,41909,30,,,1
200,'20260717',1631,,41910,30,,,1,70,,41911,30,,,1,15,,41912,30,,,1,15,,41913,30,,,1,15,,41914,30,,,1,55,,41915,30,,,1,15,,41916,30,,,1,30,,41917,30,,,1,70,,41918,30,,,1,85,,41919,30,,,1
200,'20260720',1631,,41920,30,,,1,70,,41921,30,,,1,15,,41922,30,,,1,15,,41923,30,,,1,15,,41924,30,,,1,55,,41925,30,,,1,15,,41926,30,,,1,30,,41927,30,,,1,70,,41928,30,,,1,85,,41929,30,,,1
200,'20260721',1631,,41930,30,,,1,70,,41931,30,,,1,15,,41932,30,,,1,15,,41933,30,,,1,15,,41934,30,,,1,55,,41935,30,,,1,15,,41936,30,,,1,30,,41937,30,,,1,70,,41938,30,,,1,85,,41939,30,,,1
200,'20260722',1631,,41940,30,,,1,70,,41941,30,,,1,15,,41942,30,,,1,15,,41943,30,,,1,15,,41944,30,,,1,55,,41945,30,,,1,15,,41946,30,,,1,30,,41947,30,,,1,70,,41948,30,,,1,85,,41949,30,,,1
200,'20260723',1631,,41950,30,,,1,70,,41951,30,,,1,15,,41952,30,,,1,15,,41953,30,,,1,15,,41954,30,,,1,55,,41955,30,,,1,15,,41956,30,,,1,30,,41957,30,,,1,70,,41958,30,,,1,85,,41959,30,,,1
200,'20260724',1631,,41960,30,,,1,70,,41961,30,,,1,15,,41962,30,,,1,15,,41963,30,,,1,15,,41964,30,,,1,55,,41965,30,,,1,15,,41966,30,,,1,30,,41967,30,,,1,70,,41968,30,,,1,85,,41969,30,,,1
200,'20260727',1631,,41970,30,,,1,70,,41971,30,,,1,15,,41972,30,,,1,15,,41973,30,,,1,15,,41974,30,,,1,55,,41975,30,,,1,15,,41976,30,,,1,30,,41977,30,,,1,70,,41978,30,,,1,85,,41979,30,,,1
200,'20260728',1631,,41980,30,,,1,70,,41981,30,,,1,15,,41982,30,,,1,15,,41983,30,,,1,15,,41984,30,,,1,55,,41985,30,,,1,15,,41986,30,,,1,30,,41987,30,,,1,70,,41988,30,,,1,85,,41989,30,,,1
200,'20260729',1631,,41990,30,,,1,70,,41991,30,,,1,15,,41992,30,,,1,15,,41993,30,,,1,15,,41994,30,,,1,55,,41995,30,,,1,15,,41996,30,,,1,30,,41997,30,,,1,70,,41998,30,,,1,85,,41999,30,,,1
200,'20260730',1631,,42000,30,,,1,70,,42001,30,,,1,15,,42002,30,,,1,15,,42003,30,,,1,15,,42004,30,,,1,55,,42005,30,,,1,15,,42006,30,,,1,30,,42007,30,,,1,70,,42008,30,,,1,85,,42009,30,,,1
200,'20260731',1631,,42010,30,,,1,70,,42011,30,,,1,15,,42012,30,,,1,15,,42013,30,,,1,15,,42014,30,,,1,55,,42015,30,,,1,15,,42016,30,,,1,30,,42017,30,,,1,70,,42018,30,,,1,85,,42019,30,,,1
200,'20260804',1631,,42030,30,,,1,70,,42031,30,,,1,15,,42032,30,,,1,15,,42033,30,,,1,15,,42034,30,,,1,55,,42035,30,,,1,15,,42036,30,,,1,30,,42037,30,,,1,70,,42038,30,,,1,85,,42039,30,,,1
200,'20260805',1631,,42040,30,,,1,70,,42041,30,,,1,15,,42042,30,,,1,15,,42043,30,,,1,15,,42044,30,,,1,55,,42045,30,,,1,15,,42046,30,,,1,30,,42047,30,,,1,70,,42048,30,,,1,85,,42049,30,,,1
200,'20260806',1631,,42050,30,,,1,70,,42051,30,,,1,15,,42052,30,,,1,15,,42053,30,,,1,15,,42054,30,,,1,55,,42055,30,,,1,15,,42056,30,,,1,30,,42057,30,,,1,70,,42058,30,,,1,85,,42059,30,,,1
200,'20260807',1631,,42060,30,,,1,70,,42061,30,,,1,15,,42062,30,,,1,15,,42063,30,,,1,15,,42064,30,,,1,55,,42065,30,,,1,15,,42066,30,,,1,30,,42067,30,,,1,70,,42068,30,,,1,85,,42069,30,,,1
200,'20260810',1631,,64795,30,,,1,70,,64796,30,,,1,15,,64797,30,,,1,15,,64798,30,,,1,15,,64799,30,,,1,55,,64800,30,,,1,15,,64801,30,,,1,30,,64802,30,,,1,70,,64803,30,,,1,85,,64804,30,,,1
200,'20260811',1631,,42080,30,,,1,70,,42081,30,,,1,15,,42082,30,,,1,15,,42083,30,,,1,15,,42084,30,,,1,55,,42085,30,,,1,15,,42086,30,,,1,30,,42087,30,,,1,70,,42088,30,,,1,85,,42089,30,,,1
200,'20260812',1631,,42090,30,,,1,70,,42091,30,,,1,15,,42092,30,,,1,15,,42093,30,,,1,15,,42094,30,,,1,55,,42095,30,,,1,15,,42096,30,,,1,30,,42097,30,,,1,70,,42098,30,,,1,85,,42099,30,,,1
200,'20260813',1631,,42100,30,,,1,70,,42101,30,,,1,15,,42102,30,,,1,15,,42103,30,,,1,15,,42104,30,,,1,55,,42105,30,,,1,15,,42106,30,,,1,30,,42107,30,,,1,70,,42108,30,,,1,85,,42109,30,,,1
200,'20260814',1631,,42110,30,,,1,70,,42111,30,,,1,15,,42112,30,,,1,15,,42113,30,,,1,15,,42114,30,,,1,55,,42115,30,,,1,15,,42116,30,,,1,30,,42117,30,,,1,70,,42118,30,,,1,85,,42119,30,,,1
200,'20260817',1631,,64805,30,,,1,70,,64806,30,,,1,15,,64807,30,,,1,15,,64808,30,,,1,15,,64809,30,,,1,55,,64810,30,,,1,15,,64811,30,,,1,30,,64812,30,,,1,70,,64813,30,,,1,85,,64814,30,,,1
200,'20260818',1631,,42130,30,,,1,70,,42131,30,,,1,15,,42132,30,,,1,15,,42133,30,,,1,15,,42134,30,,,1,55,,42135,30,,,1,15,,42136,30,,,1,30,,42137,30,,,1,70,,42138,30,,,1,85,,42139,30,,,1
200,'20260819',1631,,42140,30,,,1,70,,42141,30,,,1,15,,42142,30,,,1,15,,42143,30,,,1,15,,42144,30,,,1,55,,42145,30,,,1,15,,42146,30,,,1,30,,42147,30,,,1,70,,42148,30,,,1,85,,42149,30,,,1
200,'20260820',1631,,42150,30,,,1,70,,42151,30,,,1,15,,42152,30,,,1,15,,42153,30,,,1,15,,42154,30,,,1,55,,42155,30,,,1,15,,42156,30,,,1,30,,42157,30,,,1,70,,42158,30,,,1,85,,42159,30,,,1
200,'20260821',1631,,42160,30,,,1,70,,42161,30,,,1,15,,42162,30,,,1,15,,42163,30,,,1,15,,42164,30,,,1,55,,42165,30,,,1,15,,42166,30,,,1,30,,42167,30,,,1,70,,42168,30,,,1,85,,42169,30,,,1
200,'20260824',1631,,64815,30,,,1,70,,64816,30,,,1,15,,64817,30,,,1,15,,64818,30,,,1,15,,64819,30,,,1,55,,64820,30,,,1,15,,64821,30,,,1,30,,64822,30,,,1,70,,64823,30,,,1,85,,64824,30,,,1
200,'20260825',1631,,42180,30,,,1,70,,42181,30,,,1,15,,42182,30,,,1,15,,42183,30,,,1,15,,42184,30,,,1,55,,42185,30,,,1,15,,42186,30,,,1,30,,42187,30,,,1,70,,42188,30,,,1,85,,42189,30,,,1
200,'20260826',1631,,42190,30,,,1,70,,42191,30,,,1,15,,42192,30,,,1,15,,42193,30,,,1,15,,42194,30,,,1,55,,42195,30,,,1,15,,42196,30,,,1,30,,42197,30,,,1,70,,42198,30,,,1,85,,42199,30,,,1
200,'20260827',1631,,42200,30,,,1,70,,42201,30,,,1,15,,42202,30,,,1,15,,42203,30,,,1,15,,42204,30,,,1,55,,42205,30,,,1,15,,42206,30,,,1,30,,42207,30,,,1,70,,42208,30,,,1,85,,42209,30,,,1
200,'20260828',1631,,42210,30,,,1,70,,42211,30,,,1,15,,42212,30,,,1,15,,42213,30,,,1,15,,42214,30,,,1,55,,42215,30,,,1,15,,42216,30,,,1,30,,42217,30,,,1,70,,42218,30,,,1,85,,42219,30,,,1
200,'20260831',1631,,64825,30,,,1,70,,64826,30,,,1,15,,64827,30,,,1,15,,64828,30,,,1,15,,64829,30,,,1,55,,64830,30,,,1,15,,64831,30,,,1,30,,64832,30,,,1,70,,64833,30,,,1,85,,64834,30,,,1
200,'20260901',1631,,42230,30,,,1,70,,42231,30,,,1,15,,42232,30,,,1,15,,42233,30,,,1,15,,42234,30,,,1,55,,42235,30,,,1,15,,42236,30,,,1,30,,42237,30,,,1,70,,42238,30,,,1,85,,42239,30,,,1
200,'20260902',1631,,42240,30,,,1,70,,42241,30,,,1,15,,42242,30,,,1,15,,42243,30,,,1,15,,42244,30,,,1,55,,42245,30,,,1,15,,42246,30,,,1,30,,42247,30,,,1,70,,42248,30,,,1,85,,42249,30,,,1
200,'20260903',1631,,42250,30,,,1,70,,42251,30,,,1,15,,42252,30,,,1,15,,42253,30,,,1,15,,42254,30,,,1,55,,42255,30,,,1,15,,42256,30,,,1,30,,42257,30,,,1,70,,42258,30,,,1,85,,42259,30,,,1
200,'20260904',1631,,42260,30,,,1,70,,42261,30,,,1,15,,42262,30,,,1,15,,42263,30,,,1,15,,42264,30,,,1,55,,42265,30,,,1,15,,42266,30,,,1,30,,42267,30,,,1,70,,42268,30,,,1,85,,42269,30,,,1
201,'20260716',608,,42490,6,,,1,30,,42491,6,,,1,15,,42492,6,,,1,55,,42493,6,,,1,15,,42494,6,,,1,15,,42495,6,,,1,15,,42496,6,,,1,55,,42497,6,,,1,15,,42498,6,,,1,15,,42499,6,,,1
201,'20260717',608,,42500,6,,,1,30,,42501,6,,,1,15,,42502,6,,,1,55,,42503,6,,,1,15,,42504,6,,,1,15,,42505,6,,,1,15,,42506,6,,,1,55,,42507,6,,,1,15,,42508,6,,,1,15,,42509,6,,,1
201,'20260720',608,,42510,6,,,1,30,,42511,6,,,1,15,,42512,6,,,1,55,,42513,6,,,1,15,,42514,6,,,1,15,,42515,6,,,1,15,,42516,6,,,1,55,,42517,6,,,1,15,,42518,6,,,1,15,,42519,6,,,1
201,'20260721',608,,42520,6,,,1,30,,42521,6,,,1,15,,42522,6,,,1,55,,42523,6,,,1,15,,42524,6,,,1,15,,42525,6,,,1,15,,42526,6,,,1,55,,42527,6,,,1,15,,42528,6,,,1,15,,42529,6,,,1
201,'20260722',608,,42530,6,,,1,30,,42531,6,,,1,15,,42532,6,,,1,55,,42533,6,,,1,15,,42534,6,,,1,15,,42535,6,,,1,15,,42536,6,,,1,55,,42537,6,,,1,15,,42538,6,,,1,15,,42539,6,,,1
201,'20260723',608,,42540,6,,,1,30,,42541,6,,,1,15,,42542,6,,,1,55,,42543,6,,,1,15,,42544,6,,,1,15,,42545,6,,,1,15,,42546,6,,,1,55,,42547,6,,,1,15,,42548,6,,,1,15,,42549,6,,,1
201,'20260724',608,,42550,6,,,1,30,,42551,6,,,1,15,,42552,6,,,1,55,,42553,6,,,1,15,,42554,6,,,1,15,,42555,6,,,1,15,,42556,6,,,1,55,,42557,6,,,1,15,,42558,6,,,1,15,,42559,6,,,1
201,'20260727',608,,42560,6,,,1,30,,42561,6,,,1,15,,42562,6,,,1,55,,42563,6,,,1,15,,42564,6,,,1,15,,42565,6,,,1,15,,42566,6,,,1,55,,42567,6,,,1,15,,42568,6,,,1,15,,42569,6,,,1
201,'20260728',608,,42570,6,,,1,30,,42571,6,,,1,15,,42572,6,,,1,55,,42573,6,,,1,15,,42574,6,,,1,15,,42575,6,,,1,15,,42576,6,,,1,55,,42577,6,,,1,15,,42578,6,,,1,15,,42579,6,,,1
201,'20260729',608,,42580,6,,,1,30,,42581,6,,,1,15,,42582,6,,,1,55,,42583,6,,,1,15,,42584,6,,,1,15,,42585,6,,,1,15,,42586,6,,,1,55,,42587,6,,,1,15,,42588,6,,,1,15,,42589,6,,,1
201,'20260730',608,,42590,6,,,1,30,,42591,6,,,1,15,,42592,6,,,1,55,,42593,6,,,1,15,,42594,6,,,1,15,,42595,6,,,1,15,,42596,6,,,1,55,,42597,6,,,1,15,,42598,6,,,1,15,,42599,6,,,1
201,'20260731',608,,42600,6,,,1,30,,42601,6,,,1,15,,42602,6,,,1,55,,42603,6,,,1,15,,42604,6,,,1,15,,42605,6,,,1,15,,42606,6,,,1,55,,42607,6,,,1,15,,42608,6,,,1,15,,42609,6,,,1
201,'20260804',608,,42620,6,,,1,30,,42621,6,,,1,15,,42622,6,,,1,55,,42623,6,,,1,15,,42624,6,,,1,15,,42625,6,,,1,15,,42626,6,,,1,55,,42627,6,,,1,15,,42628,6,,,1,15,,42629,6,,,1
201,'20260805',608,,42630,6,,,1,30,,42631,6,,,1,15,,42632,6,,,1,55,,42633,6,,,1,15,,42634,6,,,1,15,,42635,6,,,1,15,,42636,6,,,1,55,,42637,6,,,1,15,,42638,6,,,1,15,,42639,6,,,1
201,'20260806',608,,42640,6,,,1,30,,42641,6,,,1,15,,42642,6,,,1,55,,42643,6,,,1,15,,42644,6,,,1,15,,42645,6,,,1,15,,42646,6,,,1,55,,42647,6,,,1,15,,42648,6,,,1,15,,42649,6,,,1
201,'20260807',608,,42650,6,,,1,30,,42651,6,,,1,15,,42652,6,,,1,55,,42653,6,,,1,15,,42654,6,,,1,15,,42655,6,,,1,15,,42656,6,,,1,55,,42657,6,,,1,15,,42658,6,,,1,15,,42659,6,,,1
201,'20260810',608,,64835,6,,,1,30,,64836,6,,,1,15,,64837,6,,,1,55,,64838,6,,,1,15,,64839,6,,,1,15,,64840,6,,,1,15,,64841,6,,,1,55,,64842,6,,,1,15,,64843,6,,,1,15,,64844,6,,,1
201,'20260811',608,,42670,6,,,1,30,,42671,6,,,1,15,,42672,6,,,1,55,,42673,6,,,1,15,,42674,6,,,1,15,,42675,6,,,1,15,,42676,6,,,1,55,,42677,6,,,1,15,,42678,6,,,1,15,,42679,6,,,1
201,'20260812',608,,42680,6,,,1,30,,42681,6,,,1,15,,42682,6,,,1,55,,42683,6,,,1,15,,42684,6,,,1,15,,42685,6,,,1,15,,42686,6,,,1,55,,42687,6,,,1,15,,42688,6,,,1,15,,42689,6,,,1
201,'20260813',608,,42690,6,,,1,30,,42691,6,,,1,15,,42692,6,,,1,55,,42693,6,,,1,15,,42694,6,,,1,15,,42695,6,,,1,15,,42696,6,,,1,55,,42697,6,,,1,15,,42698,6,,,1,15,,42699,6,,,1
201,'20260814',608,,42700,6,,,1,30,,42701,6,,,1,15,,42702,6,,,1,55,,42703,6,,,1,15,,42704,6,,,1,15,,42705,6,,,1,15,,42706,6,,,1,55,,42707,6,,,1,15,,42708,6,,,1,15,,42709,6,,,1
201,'20260817',608,,64845,6,,,1,30,,64846,6,,,1,15,,64847,6,,,1,55,,64848,6,,,1,15,,64849,6,,,1,15,,64850,6,,,1,15,,64851,6,,,1,55,,64852,6,,,1,15,,64853,6,,,1,15,,64854,6,,,1
201,'20260818',608,,42720,6,,,1,30,,42721,6,,,1,15,,42722,6,,,1,55,,42723,6,,,1,15,,42724,6,,,1,15,,42725,6,,,1,15,,42726,6,,,1,55,,42727,6,,,1,15,,42728,6,,,1,15,,42729,6,,,1
201,'20260819',608,,42730,6,,,1,30,,42731,6,,,1,15,,42732,6,,,1,55,,42733,6,,,1,15,,42734,6,,,1,15,,42735,6,,,1,15,,42736,6,,,1,55,,42737,6,,,1,15,,42738,6,,,1,15,,42739,6,,,1
201,'20260820',608,,42740,6,,,1,30,,42741,6,,,1,15,,42742,6,,,1,55,,42743,6,,,1,15,,42744,6,,,1,15,,42745,6,,,1,15,,42746,6,,,1,55,,42747,6,,,1,15,,42748,6,,,1,15,,42749,6,,,1
201,'20260821',608,,42750,6,,,1,30,,42751,6,,,1,15,,42752,6,,,1,55,,42753,6,,,1,15,,42754,6,,,1,15,,42755,6,,,1,15,,42756,6,,,1,55,,42757,6,,,1,15,,42758,6,,,1,15,,42759,6,,,1
201,'20260824',608,,64855,6,,,1,30,,64856,6,,,1,15,,64857,6,,,1,55,,64858,6,,,1,15,,64859,6,,,1,15,,64860,6,,,1,15,,64861,6,,,1,55,,64862,6,,,1,15,,64863,6,,,1,15,,64864,6,,,1
201,'20260825',608,,42770,6,,,1,30,,42771,6,,,1,15,,42772,6,,,1,55,,42773,6,,,1,15,,42774,6,,,1,15,,42775,6,,,1,15,,42776,6,,,1,55,,42777,6,,,1,15,,42778,6,,,1,15,,42779,6,,,1
201,'20260826',608,,42780,6,,,1,30,,42781,6,,,1,15,,42782,6,,,1,55,,42783,6,,,1,15,,42784,6,,,1,15,,42785,6,,,1,15,,42786,6,,,1,55,,42787,6,,,1,15,,42788,6,,,1,15,,42789,6,,,1
201,'20260827',608,,42790,6,,,1,30,,42791,6,,,1,15,,42792,6,,,1,55,,42793,6,,,1,15,,42794,6,,,1,15,,42795,6,,,1,15,,42796,6,,,1,55,,42797,6,,,1,15,,42798,6,,,1,15,,42799,6,,,1
201,'20260828',608,,42800,6,,,1,30,,42801,6,,,1,15,,42802,6,,,1,55,,42803,6,,,1,15,,42804,6,,,1,15,,42805,6,,,1,15,,42806,6,,,1,55,,42807,6,,,1,15,,42808,6,,,1,15,,42809,6,,,1
201,'20260831',608,,64865,6,,,1,30,,64866,6,,,1,15,,64867,6,,,1,55,,64868,6,,,1,15,,64869,6,,,1,15,,64870,6,,,1,15,,64871,6,,,1,55,,64872,6,,,1,15,,64873,6,,,1,15,,64874,6,,,1
201,'20260901',608,,42820,6,,,1,30,,42821,6,,,1,15,,42822,6,,,1,55,,42823,6,,,1,15,,42824,6,,,1,15,,42825,6,,,1,15,,42826,6,,,1,55,,42827,6,,,1,15,,42828,6,,,1,15,,42829,6,,,1
201,'20260902',608,,42830,6,,,1,30,,42831,6,,,1,15,,42832,6,,,1,55,,42833,6,,,1,15,,42834,6,,,1,15,,42835,6,,,1,15,,42836,6,,,1,55,,42837,6,,,1,15,,42838,6,,,1,15,,42839,6,,,1
201,'20260903',608,,42840,6,,,1,30,,42841,6,,,1,15,,42842,6,,,1,55,,42843,6,,,1,15,,42844,6,,,1,15,,42845,6,,,1,15,,42846,6,,,1,55,,42847,6,,,1,15,,42848,6,,,1,15,,42849,6,,,1
201,'20260904',608,,42850,6,,,1,30,,42851,6,,,1,15,,42852,6,,,1,55,,42853,6,,,1,15,,42854,6,,,1,15,,42855,6,,,1,15,,42856,6,,,1,55,,42857,6,,,1,15,,42858,6,,,1,15,,42859,6,,,1
