100,'20260611',1706,,17515,43,4,,1,100,,17516,43,4,,1,30,,17517,43,4,,1,70,,17518,43,4,,1
100,'20260612',1706,,17565,43,4,,1,100,,17566,43,4,,1,38,,32275,43,4,,1,70,,32276,43,4,,1
100,'20260615',1706,,32452,43,4,,1,100,,32453,43,4,,1,30,,32454,43,4,,1,70,,32455,43,4,,1
100,'20260616',1706,,32527,43,4,,1,100,,32528,43,4,,1,30,,32529,43,4,,1,70,,32530,43,4,,1
100,'20260617',1706,,32602,43,4,,1,100,,32603,43,4,,1,30,,32604,43,4,,1,70,,32605,43,4,,1
100,'20260618',1706,,32677,43,4,,1,100,,32678,43,4,,1,30,,32679,43,4,,1,70,,32680,43,4,,1
100,'20260619',1706,,32752,43,4,,1,100,,32753,43,4,,1,30,,32754,43,4,,1,70,,32755,43,4,,1
100,'20260622',1706,,32940,43,4,,1,100,,32941,43,4,,1,30,,32942,43,4,,1,70,,32943,43,4,,1
100,'20260623',1706,,33015,43,4,,1,100,,33016,43,4,,1,30,,33017,43,4,,1,70,,33018,43,4,,1
100,'20260624',1706,,33090,43,4,,1,100,,33091,43,4,,1,30,,33092,43,4,,1,70,,33093,43,4,,1
100,'20260625',1706,,33165,43,4,,1,100,,33166,43,4,,1,30,,33167,43,4,,1,70,,33168,43,4,,1
100,'20260626',1706,,33242,43,4,,1,100,,33243,43,4,,1,38,,33240,43,4,,1,70,,33241,43,4,,1
100,'20260629',1706,,33421,43,4,,1,100,,33422,43,4,,1,30,,33423,43,4,,1,70,,33424,43,4,,1
100,'20260630',1706,,33496,43,4,,1,100,,33497,43,4,,1,30,,33498,43,4,,1,70,,33499,43,4,,1
100,'20260702',1706,,33624,43,4,,1,100,,33625,43,4,,1,30,,33626,43,4,,1,70,,33627,43,4,,1
100,'20260703',1706,,33699,43,4,,1,100,,33700,43,4,,1,30,,33701,43,4,,1,70,,33702,43,4,,1
100,'20260706',1706,,33866,43,4,,1,100,,33867,43,4,,1,30,,33868,43,4,,1,70,,33869,43,4,,1
100,'20260707',1706,,33914,43,4,,1,100,,33915,43,4,,1,30,,33916,43,4,,1,70,,33917,43,4,,1
100,'20260708',1706,,33962,43,4,,1,100,,33963,43,4,,1,30,,33964,43,4,,1,70,,33965,43,4,,1
100,'20260709',1706,,34010,43,4,,1,100,,34011,43,4,,1,30,,34012,43,4,,1,70,,34013,43,4,,1
100,'20260710',1706,,34060,43,4,,1,100,,34061,43,4,,1,30,,34062,43,4,,1,70,,34063,43,4,,1
100,'20260713',1706,,34214,43,4,,1,100,,34215,43,4,,1,30,,34216,43,4,,1,70,,34217,43,4,,1
100,'20260714',1706,,34262,43,4,,1,100,,34263,43,4,,1,30,,34264,43,4,,1,70,,34265,43,4,,1
100,'20260715',1706,,34310,43,4,,1,100,,34311,43,4,,1,30,,34312,43,4,,1,70,,34313,43,4,,1
100,'20260716',1706,,34358,43,4,,1,100,,34359,43,4,,1,30,,34360,43,4,,1,70,,34361,43,4,,1
100,'20260717',1706,,34408,43,4,,1,100,,34409,43,4,,1,30,,34410,43,4,,1,70,,34411,43,4,,1
100,'20260720',1706,,34562,43,4,,1,100,,34563,43,4,,1,30,,34564,43,4,,1,70,,34565,43,4,,1
100,'20260721',1706,,34610,43,4,,1,100,,34611,43,4,,1,30,,34612,43,4,,1,70,,34613,43,4,,1
100,'20260722',1706,,34658,43,4,,1,100,,34659,43,4,,1,30,,34660,43,4,,1,70,,34661,43,4,,1
100,'20260723',1706,,34706,43,4,,1,100,,34707,43,4,,1,30,,34708,43,4,,1,70,,34709,43,4,,1
100,'20260724',1706,,34756,43,4,,1,100,,34757,43,4,,1,30,,34758,43,4,,1,70,,34759,43,4,,1
100,'20260727',1706,,34910,43,4,,1,100,,34911,43,4,,1,30,,34912,43,4,,1,70,,34913,43,4,,1
100,'20260728',1706,,34958,43,4,,1,100,,34959,43,4,,1,30,,34960,43,4,,1,70,,34961,43,4,,1
100,'20260729',1706,,35006,43,4,,1,100,,35007,43,4,,1,30,,35008,43,4,,1,70,,35009,43,4,,1
100,'20260730',1706,,35054,43,4,,1,100,,35055,43,4,,1,30,,35056,43,4,,1,70,,35057,43,4,,1
100,'20260731',1706,,35104,43,4,,1,100,,35105,43,4,,1,30,,35106,43,4,,1,70,,35107,43,4,,1
100,'20260803',1706,,35258,43,4,,1,100,,35259,43,4,,1,30,,35260,43,4,,1,70,,35261,43,4,,1
100,'20260804',1706,,35306,43,4,,1,100,,35307,43,4,,1,30,,35308,43,4,,1,70,,35309,43,4,,1
100,'20260805',1706,,35354,43,4,,1,100,,35355,43,4,,1,30,,35356,43,4,,1,70,,35357,43,4,,1
100,'20260806',1706,,35402,43,4,,1,100,,35403,43,4,,1,30,,35404,43,4,,1,70,,35405,43,4,,1
100,'20260807',1706,,35452,43,4,,1,100,,35453,43,4,,1,30,,35454,43,4,,1,70,,35455,43,4,,1
100,'20260810',1706,,35606,43,4,,1,100,,35607,43,4,,1,30,,35608,43,4,,1,70,,35609,43,4,,1
100,'20260811',1706,,35654,43,4,,1,100,,35655,43,4,,1,30,,35656,43,4,,1,70,,35657,43,4,,1
100,'20260812',1706,,35702,43,4,,1,100,,35703,43,4,,1,30,,35704,43,4,,1,70,,35705,43,4,,1
100,'20260813',1706,,35750,43,4,,1,100,,35751,43,4,,1,30,,35752,43,4,,1,70,,35753,43,4,,1
100,'20260814',1706,,35800,43,4,,1,100,,35801,43,4,,1,30,,35802,43,4,,1,70,,35803,43,4,,1
100,'20260817',1706,,35954,43,4,,1,100,,35955,43,4,,1,30,,35956,43,4,,1,70,,35957,43,4,,1
100,'20260818',1706,,36002,43,4,,1,100,,36003,43,4,,1,30,,36004,43,4,,1,70,,36005,43,4,,1
100,'20260819',1706,,36050,43,4,,1,100,,36051,43,4,,1,30,,36052,43,4,,1,70,,36053,43,4,,1
100,'20260820',1706,,36098,43,4,,1,100,,36099,43,4,,1,30,,36100,43,4,,1,70,,36101,43,4,,1
100,'20260821',1706,,36148,43,4,,1,100,,36149,43,4,,1,30,,36150,43,4,,1,70,,36151,43,4,,1
100,'20260824',1706,,36302,43,4,,1,100,,36303,43,4,,1,30,,36304,43,4,,1,70,,36305,43,4,,1
100,'20260825',1706,,36350,43,4,,1,100,,36351,43,4,,1,30,,36352,43,4,,1,70,,36353,43,4,,1
100,'20260826',1706,,36398,43,4,,1,100,,36399,43,4,,1,30,,36400,43,4,,1,70,,36401,43,4,,1
100,'20260827',1706,,36446,43,4,,1,100,,36447,43,4,,1,30,,36448,43,4,,1,70,,36449,43,4,,1
100,'20260828',1706,,36496,43,4,,1,100,,36497,43,4,,1,30,,36498,43,4,,1,70,,36499,43,4,,1
100,'20260831',1706,,36650,43,4,,1,100,,36651,43,4,,1,30,,36652,43,4,,1,70,,36653,43,4,,1
100,'20260901',1706,,36698,43,4,,1,100,,36699,43,4,,1,30,,36700,43,4,,1,70,,36701,43,4,,1
100,'20260902',1706,,36746,43,4,,1,100,,36747,43,4,,1,30,,36748,43,4,,1,70,,36749,43,4,,1
100,'20260903',1706,,36794,43,4,,1,100,,36795,43,4,,1,30,,36796,43,4,,1,70,,36797,43,4,,1
100,'20260904',1706,,36844,43,4,,1,100,,36845,43,4,,1,30,,36846,43,4,,1,70,,36847,43,4,,1
101,'20260611',547,,19931,1,,,1,70,,19932,1,,,1,30,,19933,1,,,1,70,,19934,1,,,1
101,'20260612',547,,19981,1,,,1,70,,19982,1,,,1,30,,19983,1,,,1,70,,19984,1,,,1
101,'20260615',547,,37209,1,,,1,70,,37210,1,,,1,30,,37211,1,,,1,70,,37212,1,,,1
101,'20260616',547,,37288,1,,,1,70,,37289,1,,,1,30,,37290,1,,,1,70,,37291,1,,,1
101,'20260617',547,,37367,1,,,1,70,,37368,1,,,1,30,,37369,1,,,1,70,,37370,1,,,1
101,'20260618',547,,37446,1,,,1,70,,37447,1,,,1,30,,37448,1,,,1,70,,37449,1,,,1
101,'20260619',547,,37525,1,,,1,70,,37526,1,,,1,30,,37527,1,,,1,70,,37528,1,,,1
101,'20260622',547,,37715,1,,,1,70,,37716,1,,,1,30,,37717,1,,,1,70,,37718,1,,,1
101,'20260623',547,,37794,1,,,1,70,,37795,1,,,1,30,,37796,1,,,1,70,,37797,1,,,1
101,'20260624',547,,37873,1,,,1,70,,37874,1,,,1,30,,37875,1,,,1,70,,37876,1,,,1
101,'20260625',547,,37952,1,,,1,70,,37953,1,,,1,30,,37954,1,,,1,70,,37955,1,,,1
101,'20260626',547,,38030,1,,,1,70,,38031,1,,,1,30,,38032,1,,,1,70,,38033,1,,,1
101,'20260629',547,,38221,1,,,1,70,,38222,1,,,1,30,,38223,1,,,1,70,,38224,1,,,1
101,'20260630',547,,38300,1,,,1,70,,38301,1,,,1,30,,38302,1,,,1,70,,38303,1,,,1
101,'20260702',547,,38433,1,,,1,70,,38434,1,,,1,30,,38435,1,,,1,70,,38436,1,,,1
101,'20260703',547,,38512,1,,,1,70,,38513,1,,,1,30,,38514,1,,,1,70,,38515,1,,,1
101,'20260706',547,,38679,1,,,1,70,,38680,1,,,1,30,,38681,1,,,1,70,,38682,1,,,1
101,'20260707',547,,38727,1,,,1,70,,38728,1,,,1,30,,38729,1,,,1,70,,38730,1,,,1
101,'20260708',547,,38775,1,,,1,70,,38776,1,,,1,30,,38777,1,,,1,70,,38778,1,,,1
101,'20260709',547,,38823,1,,,1,70,,38824,1,,,1,30,,38825,1,,,1,70,,38826,1,,,1
101,'20260710',547,,38873,1,,,1,70,,38874,1,,,1,30,,38875,1,,,1,70,,38876,1,,,1
101,'20260713',547,,39029,1,,,1,70,,39030,1,,,1,30,,39031,1,,,1,70,,39032,1,,,1
101,'20260714',547,,39077,1,,,1,70,,39078,1,,,1,30,,39079,1,,,1,70,,39080,1,,,1
101,'20260715',547,,39125,1,,,1,70,,39126,1,,,1,30,,39127,1,,,1,70,,39128,1,,,1
101,'20260716',547,,39173,1,,,1,70,,39174,1,,,1,30,,39175,1,,,1,70,,39176,1,,,1
101,'20260717',547,,39223,1,,,1,70,,39224,1,,,1,30,,39225,1,,,1,70,,39226,1,,,1
101,'20260720',547,,39379,1,,,1,70,,39380,1,,,1,30,,39381,1,,,1,70,,39382,1,,,1
101,'20260721',547,,39427,1,,,1,70,,39428,1,,,1,30,,39429,1,,,1,70,,39430,1,,,1
101,'20260722',547,,39475,1,,,1,70,,39476,1,,,1,30,,39477,1,,,1,70,,39478,1,,,1
101,'20260723',547,,39523,1,,,1,70,,39524,1,,,1,30,,39525,1,,,1,70,,39526,1,,,1
101,'20260724',547,,39573,1,,,1,70,,39574,1,,,1,30,,39575,1,,,1,70,,39576,1,,,1
101,'20260727',547,,39729,1,,,1,70,,39730,1,,,1,30,,39731,1,,,1,70,,39732,1,,,1
101,'20260728',547,,39777,1,,,1,70,,39778,1,,,1,30,,39779,1,,,1,70,,39780,1,,,1
101,'20260729',547,,39825,1,,,1,70,,39826,1,,,1,30,,39827,1,,,1,70,,39828,1,,,1
101,'20260730',547,,39873,1,,,1,70,,39874,1,,,1,30,,39875,1,,,1,70,,39876,1,,,1
101,'20260731',547,,39923,1,,,1,70,,39924,1,,,1,30,,39925,1,,,1,70,,39926,1,,,1
101,'20260803',547,,40079,1,,,1,70,,40080,1,,,1,30,,40081,1,,,1,70,,40082,1,,,1
101,'20260804',547,,40127,1,,,1,70,,40128,1,,,1,30,,40129,1,,,1,70,,40130,1,,,1
101,'20260805',547,,40175,1,,,1,70,,40176,1,,,1,30,,40177,1,,,1,70,,40178,1,,,1
101,'20260806',547,,40223,1,,,1,70,,40224,1,,,1,30,,40225,1,,,1,70,,40226,1,,,1
101,'20260807',547,,40273,1,,,1,70,,40274,1,,,1,30,,40275,1,,,1,70,,40276,1,,,1
101,'20260810',547,,40429,1,,,1,70,,40430,1,,,1,30,,40431,1,,,1,70,,40432,1,,,1
101,'20260811',547,,40477,1,,,1,70,,40478,1,,,1,30,,40479,1,,,1,70,,40480,1,,,1
101,'20260812',547,,40525,1,,,1,70,,40526,1,,,1,30,,40527,1,,,1,70,,40528,1,,,1
101,'20260813',547,,40573,1,,,1,70,,40574,1,,,1,30,,40575,1,,,1,70,,40576,1,,,1
101,'20260814',547,,40623,1,,,1,70,,40624,1,,,1,30,,40625,1,,,1,70,,40626,1,,,1
101,'20260817',547,,40779,1,,,1,70,,40780,1,,,1,30,,40781,1,,,1,70,,40782,1,,,1
101,'20260818',547,,40827,1,,,1,70,,40828,1,,,1,30,,40829,1,,,1,70,,40830,1,,,1
101,'20260819',547,,40875,1,,,1,70,,40876,1,,,1,30,,40877,1,,,1,70,,40878,1,,,1
101,'20260820',547,,40923,1,,,1,70,,40924,1,,,1,30,,40925,1,,,1,70,,40926,1,,,1
101,'20260821',547,,40973,1,,,1,70,,40974,1,,,1,30,,40975,1,,,1,70,,40976,1,,,1
101,'20260824',547,,41129,1,,,1,70,,41130,1,,,1,30,,41131,1,,,1,70,,41132,1,,,1
101,'20260825',547,,41177,1,,,1,70,,41178,1,,,1,30,,41179,1,,,1,70,,41180,1,,,1
101,'20260826',547,,41225,1,,,1,70,,41226,1,,,1,30,,41227,1,,,1,70,,41228,1,,,1
101,'20260827',547,,41273,1,,,1,70,,41274,1,,,1,30,,41275,1,,,1,70,,41276,1,,,1
101,'20260828',547,,41323,1,,,1,70,,41324,1,,,1,30,,41325,1,,,1,70,,41326,1,,,1
101,'20260831',547,,41479,1,,,1,70,,41480,1,,,1,30,,41481,1,,,1,70,,41482,1,,,1
101,'20260901',547,,41527,1,,,1,70,,41528,1,,,1,30,,41529,1,,,1,70,,41530,1,,,1
101,'20260902',547,,41575,1,,,1,70,,41576,1,,,1,30,,41577,1,,,1,70,,41578,1,,,1
101,'20260903',547,,41623,1,,,1,70,,41624,1,,,1,30,,41625,1,,,1,70,,41626,1,,,1
101,'20260904',547,,41673,1,,,1,70,,41674,1,,,1,30,,41675,1,,,1,70,,41676,1,,,1
