100,'20260722',801,,34640,41,4,,1,108,,34641,41,4,,1,100,,34642,41,4,,1,7,,34662,41,,,1,93,,34643,41,4,,1,100,,34644,41,4,,1,99,,34655,41,0,13,1,101,,34645,41,4,,1,100,,34646,41,4,,1,100,,34647,41,4,,1,102,,34657,41,0,13,1,22,,34654,41,4,,1,78,,34663,41,,,1,104,,34648,41,4,,1,94,,34656,41,0,13,1,101,,34649,41,4,,1,100,,34650,41,4,,1,100,,34651,41,4,,1,7,,34664,41,,,1,93,,34652,41,4,,1,100,,34653,41,4,,1
100,'20260723',801,,34688,41,4,,1,108,,34689,41,4,,1,100,,34690,41,4,,1,7,,34710,41,,,1,93,,34691,41,4,,1,100,,34692,41,4,,1,99,,34703,41,0,13,1,101,,34693,41,4,,1,100,,34694,41,4,,1,100,,34695,41,4,,1,102,,34705,41,0,13,1,22,,34702,41,4,,1,78,,34711,41,,,1,104,,34696,41,4,,1,94,,34704,41,0,13,1,101,,34697,41,4,,1,100,,34698,41,4,,1,100,,34699,41,4,,1,7,,34712,41,,,1,93,,34700,41,4,,1,100,,34701,41,4,,1
100,'20260724',801,,34737,41,4,,1,108,,34738,41,4,,1,100,,34739,41,4,,1,7,,34760,41,,,1,93,,34740,41,4,,1,100,,34741,41,4,,1,99,,34753,41,0,13,1,101,,34742,41,4,,1,100,,34743,41,4,,1,100,,34744,41,4,,1,102,,34755,41,0,13,1,22,,34752,41,4,,1,78,,34761,41,,,1,104,,34745,41,4,,1,94,,34754,41,0,13,1,101,,34746,41,4,,1,100,,34747,41,4,,1,100,,34748,41,4,,1,7,,34762,41,,,1,93,,34749,41,4,,1,100,,34750,41,4,,1,100,,34751,41,4,,1
100,'20260725',1009,,34795,41,4,,1,9,,34812,41,,,1,91,,34796,41,4,,1,100,,34797,41,4,,1,11,,34813,41,,,1,89,,34798,41,4,,1,100,,34799,41,4,,1,100,,34800,41,4,,1,99,,34810,41,0,13,1,101,,34801,41,4,,1,100,,34802,41,4,,1,7,,34814,41,,,1,94,,34803,41,4,,1,100,,34804,41,4,,1,21,,34815,41,,,1,79,,34805,41,4,,1,99,,34811,41,0,13,1,101,,34806,41,4,,1,100,,34807,41,4,,1,102,,34808,41,4,,1,100,,34809,41,4,,1
100,'20260726',1009,,34848,41,4,,1,9,,34865,41,,,1,91,,34849,41,4,,1,100,,34850,41,4,,1,11,,34866,41,,,1,89,,34851,41,4,,1,100,,34852,41,4,,1,100,,34853,41,4,,1,99,,34863,41,0,13,1,101,,34854,41,4,,1,100,,34855,41,4,,1,7,,34867,41,,,1,94,,34856,41,4,,1,100,,34857,41,4,,1,21,,34868,41,,,1,79,,34858,41,4,,1,99,,34864,41,0,13,1,101,,34859,41,4,,1,100,,34860,41,4,,1,102,,34861,41,4,,1
100,'20260727',801,,34892,41,4,,1,108,,34893,41,4,,1,100,,34894,41,4,,1,7,,34914,41,,,1,93,,34895,41,4,,1,100,,34896,41,4,,1,99,,34907,41,0,13,1,101,,34897,41,4,,1,100,,34898,41,4,,1,100,,34899,41,4,,1,102,,34909,41,0,13,1,22,,34906,41,4,,1,78,,34915,41,,,1,104,,34900,41,4,,1,94,,34908,41,0,13,1,101,,34901,41,4,,1,100,,34902,41,4,,1,100,,34903,41,4,,1,7,,34916,41,,,1,93,,34904,41,4,,1,100,,34905,41,4,,1
100,'20260728',801,,34940,41,4,,1,108,,34941,41,4,,1,100,,34942,41,4,,1,7,,34962,41,,,1,93,,34943,41,4,,1,100,,34944,41,4,,1,99,,34955,41,0,13,1,101,,34945,41,4,,1,100,,34946,41,4,,1,100,,34947,41,4,,1,102,,34957,41,0,13,1,22,,34954,41,4,,1,78,,34963,41,,,1,104,,34948,41,4,,1,94,,34956,41,0,13,1,101,,34949,41,4,,1,100,,34950,41,4,,1,100,,34951,41,4,,1,7,,34964,41,,,1,93,,34952,41,4,,1,100,,34953,41,4,,1
100,'20260729',801,,34988,41,4,,1,108,,34989,41,4,,1,100,,34990,41,4,,1,7,,35010,41,,,1,93,,34991,41,4,,1,100,,34992,41,4,,1,99,,35003,41,0,13,1,101,,34993,41,4,,1,100,,34994,41,4,,1,100,,34995,41,4,,1,102,,35005,41,0,13,1,22,,35002,41,4,,1,78,,35011,41,,,1,104,,34996,41,4,,1,94,,35004,41,0,13,1,101,,34997,41,4,,1,100,,34998,41,4,,1,100,,34999,41,4,,1,7,,35012,41,,,1,93,,35000,41,4,,1,100,,35001,41,4,,1
100,'20260730',801,,35036,41,4,,1,108,,35037,41,4,,1,100,,35038,41,4,,1,7,,35058,41,,,1,93,,35039,41,4,,1,100,,35040,41,4,,1,99,,35051,41,0,13,1,101,,35041,41,4,,1,100,,35042,41,4,,1,100,,35043,41,4,,1,102,,35053,41,0,13,1,22,,35050,41,4,,1,78,,35059,41,,,1,104,,35044,41,4,,1,94,,35052,41,0,13,1,101,,35045,41,4,,1,100,,35046,41,4,,1,100,,35047,41,4,,1,7,,35060,41,,,1,93,,35048,41,4,,1,100,,35049,41,4,,1
100,'20260731',801,,35085,41,4,,1,108,,35086,41,4,,1,100,,35087,41,4,,1,7,,35108,41,,,1,93,,35088,41,4,,1,100,,35089,41,4,,1,99,,35101,41,0,13,1,101,,35090,41,4,,1,100,,35091,41,4,,1,100,,35092,41,4,,1,102,,35103,41,0,13,1,22,,35100,41,4,,1,78,,35109,41,,,1,104,,35093,41,4,,1,94,,35102,41,0,13,1,101,,35094,41,4,,1,100,,35095,41,4,,1,100,,35096,41,4,,1,7,,35110,41,,,1,93,,35097,41,4,,1,100,,35098,41,4,,1,100,,35099,41,4,,1
100,'20260801',1009,,35143,41,4,,1,7,,35160,41,,,1,93,,35144,41,4,,1,100,,35145,41,4,,1,11,,35161,41,,,1,89,,35146,41,4,,1,100,,35147,41,4,,1,100,,35148,41,4,,1,99,,35158,41,0,13,1,101,,35149,41,4,,1,100,,35150,41,4,,1,7,,35162,41,,,1,94,,35151,41,4,,1,100,,35152,41,4,,1,21,,35163,41,,,1,79,,35153,41,4,,1,99,,35159,41,0,13,1,101,,35154,41,4,,1,100,,35155,41,4,,1,102,,35156,41,4,,1,100,,35157,41,4,,1
100,'20260802',1009,,35196,41,4,,1,7,,35213,41,,,1,93,,35197,41,4,,1,100,,35198,41,4,,1,11,,35214,41,,,1,89,,35199,41,4,,1,100,,35200,41,4,,1,100,,35201,41,4,,1,99,,35211,41,0,13,1,101,,35202,41,4,,1,100,,35203,41,4,,1,7,,35215,41,,,1,94,,35204,41,4,,1,100,,35205,41,4,,1,21,,35216,41,,,1,79,,35206,41,4,,1,99,,35212,41,0,13,1,101,,35207,41,4,,1,100,,35208,41,4,,1,102,,35209,41,4,,1,100,,63890,41,4,,1
100,'20260803',1009,,35242,41,4,,1,7,,35262,41,,,1,93,,35243,41,4,,1,100,,35244,41,4,,1,11,,63913,41,,,1,89,,63906,41,4,,1,100,,35245,41,4,,1,100,,35246,41,4,,1,99,,63911,41,0,13,1,101,,63907,41,4,,1,100,,63908,41,4,,1,7,,35263,41,,,1,94,,35248,41,4,,1,100,,63909,41,4,,1,21,,63914,41,,,1,79,,35249,41,4,,1,99,,63912,41,0,13,1,101,,35251,41,4,,1,100,,35252,41,4,,1,102,,35253,41,4,,1,100,,63910,41,4,,1
100,'20260804',801,,35288,41,4,,1,108,,35289,41,4,,1,100,,35290,41,4,,1,7,,35310,41,,,1,93,,35291,41,4,,1,100,,35292,41,4,,1,99,,35303,41,0,13,1,101,,35293,41,4,,1,100,,35294,41,4,,1,100,,35295,41,4,,1,102,,35305,41,0,13,1,22,,35302,41,4,,1,78,,35311,41,,,1,104,,35296,41,4,,1,94,,35304,41,0,13,1,101,,35297,41,4,,1,100,,35298,41,4,,1,100,,35299,41,4,,1,7,,35312,41,,,1,93,,35300,41,4,,1,100,,35301,41,4,,1
100,'20260805',801,,35336,41,4,,1,108,,35337,41,4,,1,100,,35338,41,4,,1,7,,35358,41,,,1,93,,35339,41,4,,1,100,,35340,41,4,,1,99,,35351,41,0,13,1,101,,35341,41,4,,1,100,,35342,41,4,,1,100,,35343,41,4,,1,102,,35353,41,0,13,1,22,,35350,41,4,,1,78,,35359,41,,,1,104,,35344,41,4,,1,94,,35352,41,0,13,1,101,,35345,41,4,,1,100,,35346,41,4,,1,100,,35347,41,4,,1,7,,35360,41,,,1,93,,35348,41,4,,1,100,,35349,41,4,,1
100,'20260806',801,,35384,41,4,,1,108,,35385,41,4,,1,100,,35386,41,4,,1,7,,35406,41,,,1,93,,35387,41,4,,1,100,,35388,41,4,,1,99,,35399,41,0,13,1,101,,35389,41,4,,1,100,,35390,41,4,,1,100,,35391,41,4,,1,102,,35401,41,0,13,1,22,,35398,41,4,,1,78,,35407,41,,,1,104,,35392,41,4,,1,94,,35400,41,0,13,1,101,,35393,41,4,,1,100,,35394,41,4,,1,100,,35395,41,4,,1,7,,35408,41,,,1,93,,35396,41,4,,1,100,,35397,41,4,,1
100,'20260807',801,,35433,41,4,,1,108,,35434,41,4,,1,100,,35435,41,4,,1,7,,35456,41,,,1,93,,35436,41,4,,1,100,,35437,41,4,,1,99,,35449,41,0,13,1,101,,35438,41,4,,1,100,,35439,41,4,,1,100,,35440,41,4,,1,102,,35451,41,0,13,1,22,,35448,41,4,,1,78,,35457,41,,,1,104,,35441,41,4,,1,94,,35450,41,0,13,1,101,,35442,41,4,,1,100,,35443,41,4,,1,100,,35444,41,4,,1,7,,35458,41,,,1,93,,35445,41,4,,1,100,,35446,41,4,,1,100,,35447,41,4,,1
100,'20260808',1009,,35491,41,4,,1,7,,35508,41,,,1,93,,35492,41,4,,1,100,,35493,41,4,,1,11,,35509,41,,,1,89,,35494,41,4,,1,100,,35495,41,4,,1,100,,35496,41,4,,1,99,,35506,41,0,13,1,101,,35497,41,4,,1,100,,35498,41,4,,1,7,,35510,41,,,1,94,,35499,41,4,,1,100,,35500,41,4,,1,21,,35511,41,,,1,79,,35501,41,4,,1,99,,35507,41,0,13,1,101,,35502,41,4,,1,100,,35503,41,4,,1,102,,35504,41,4,,1,100,,35505,41,4,,1
100,'20260809',1009,,35544,41,4,,1,7,,35561,41,,,1,93,,35545,41,4,,1,100,,35546,41,4,,1,11,,35562,41,,,1,89,,35547,41,4,,1,100,,35548,41,4,,1,100,,35549,41,4,,1,99,,35559,41,0,13,1,101,,35550,41,4,,1,100,,35551,41,4,,1,7,,35563,41,,,1,94,,35552,41,4,,1,100,,35553,41,4,,1,21,,35564,41,,,1,79,,35554,41,4,,1,99,,35560,41,0,13,1,101,,35555,41,4,,1,100,,35556,41,4,,1,102,,35557,41,4,,1
100,'20260810',801,,64641,41,4,,1,108,,64642,41,4,,1,100,,35590,41,4,,1,7,,35610,41,,,1,93,,35591,41,4,,1,100,,35592,41,4,,1,99,,64646,41,0,13,1,101,,35593,41,4,,1,100,,35594,41,4,,1,100,,64643,41,4,,1,102,,64648,41,0,13,1,22,,64645,41,4,,1,78,,35611,41,,,1,104,,35596,41,4,,1,94,,64647,41,0,13,1,101,,35597,41,4,,1,100,,64644,41,4,,1,100,,35599,41,4,,1,7,,64653,41,,,1,93,,35600,41,4,,1,100,,35601,41,4,,1
100,'20260811',801,,35636,41,4,,1,108,,35637,41,4,,1,100,,35638,41,4,,1,7,,35658,41,,,1,93,,35639,41,4,,1,100,,35640,41,4,,1,99,,35651,41,0,13,1,101,,35641,41,4,,1,100,,35642,41,4,,1,100,,35643,41,4,,1,102,,35653,41,0,13,1,22,,35650,41,4,,1,78,,35659,41,,,1,104,,35644,41,4,,1,94,,35652,41,0,13,1,101,,35645,41,4,,1,100,,35646,41,4,,1,100,,35647,41,4,,1,7,,35660,41,,,1,93,,35648,41,4,,1,100,,35649,41,4,,1
100,'20260812',801,,35684,41,4,,1,108,,35685,41,4,,1,100,,35686,41,4,,1,7,,35706,41,,,1,93,,35687,41,4,,1,100,,35688,41,4,,1,99,,35699,41,0,13,1,101,,35689,41,4,,1,100,,35690,41,4,,1,100,,35691,41,4,,1,102,,35701,41,0,13,1,22,,35698,41,4,,1,78,,35707,41,,,1,104,,35692,41,4,,1,94,,35700,41,0,13,1,101,,35693,41,4,,1,100,,35694,41,4,,1,100,,35695,41,4,,1,7,,35708,41,,,1,93,,35696,41,4,,1,100,,35697,41,4,,1
100,'20260813',801,,35732,41,4,,1,108,,35733,41,4,,1,100,,35734,41,4,,1,7,,35754,41,,,1,93,,35735,41,4,,1,100,,35736,41,4,,1,99,,35747,41,0,13,1,101,,35737,41,4,,1,100,,35738,41,4,,1,100,,35739,41,4,,1,102,,35749,41,0,13,1,22,,35746,41,4,,1,78,,35755,41,,,1,104,,35740,41,4,,1,94,,35748,41,0,13,1,101,,35741,41,4,,1,100,,35742,41,4,,1,100,,35743,41,4,,1,7,,35756,41,,,1,93,,35744,41,4,,1,100,,35745,41,4,,1
100,'20260814',801,,35781,41,4,,1,108,,35782,41,4,,1,100,,35783,41,4,,1,7,,35804,41,,,1,93,,35784,41,4,,1,100,,35785,41,4,,1,99,,35797,41,0,13,1,101,,35786,41,4,,1,100,,35787,41,4,,1,100,,35788,41,4,,1,102,,35799,41,0,13,1,22,,35796,41,4,,1,78,,35805,41,,,1,104,,35789,41,4,,1,94,,35798,41,0,13,1,101,,35790,41,4,,1,100,,35791,41,4,,1,100,,35792,41,4,,1,7,,35806,41,,,1,93,,35793,41,4,,1,100,,35794,41,4,,1,100,,35795,41,4,,1
100,'20260815',1009,,35839,41,4,,1,7,,35856,41,,,1,93,,35840,41,4,,1,100,,35841,41,4,,1,11,,35857,41,,,1,89,,35842,41,4,,1,100,,35843,41,4,,1,100,,35844,41,4,,1,99,,35854,41,0,13,1,101,,35845,41,4,,1,100,,35846,41,4,,1,7,,35858,41,,,1,94,,35847,41,4,,1,100,,35848,41,4,,1,21,,35859,41,,,1,79,,35849,41,4,,1,99,,35855,41,0,13,1,101,,35850,41,4,,1,100,,35851,41,4,,1,102,,35852,41,4,,1,100,,35853,41,4,,1
100,'20260816',1009,,35892,41,4,,1,7,,35909,41,,,1,93,,35893,41,4,,1,100,,35894,41,4,,1,11,,35910,41,,,1,89,,35895,41,4,,1,100,,35896,41,4,,1,100,,35897,41,4,,1,99,,35907,41,0,13,1,101,,35898,41,4,,1,100,,35899,41,4,,1,7,,35911,41,,,1,94,,35900,41,4,,1,100,,35901,41,4,,1,21,,35912,41,,,1,79,,35902,41,4,,1,99,,35908,41,0,13,1,101,,35903,41,4,,1,100,,35904,41,4,,1,102,,35905,41,4,,1
100,'20260817',801,,64660,41,4,,1,108,,64661,41,4,,1,100,,35938,41,4,,1,7,,35958,41,,,1,93,,35939,41,4,,1,100,,35940,41,4,,1,99,,64665,41,0,13,1,101,,35941,41,4,,1,100,,35942,41,4,,1,100,,64662,41,4,,1,102,,64667,41,0,13,1,22,,64664,41,4,,1,78,,35959,41,,,1,104,,35944,41,4,,1,94,,64666,41,0,13,1,101,,35945,41,4,,1,100,,64663,41,4,,1,100,,35947,41,4,,1,7,,64672,41,,,1,93,,35948,41,4,,1,100,,35949,41,4,,1
100,'20260818',801,,35984,41,4,,1,108,,35985,41,4,,1,100,,35986,41,4,,1,7,,36006,41,,,1,93,,35987,41,4,,1,100,,35988,41,4,,1,99,,35999,41,0,13,1,101,,35989,41,4,,1,100,,35990,41,4,,1,100,,35991,41,4,,1,102,,36001,41,0,13,1,22,,35998,41,4,,1,78,,36007,41,,,1,104,,35992,41,4,,1,94,,36000,41,0,13,1,101,,35993,41,4,,1,100,,35994,41,4,,1,100,,35995,41,4,,1,7,,36008,41,,,1,93,,35996,41,4,,1,100,,35997,41,4,,1
100,'20260819',801,,36032,41,4,,1,108,,36033,41,4,,1,100,,36034,41,4,,1,7,,36054,41,,,1,93,,36035,41,4,,1,100,,36036,41,4,,1,99,,36047,41,0,13,1,101,,36037,41,4,,1,100,,36038,41,4,,1,100,,36039,41,4,,1,102,,36049,41,0,13,1,22,,36046,41,4,,1,78,,36055,41,,,1,104,,36040,41,4,,1,94,,36048,41,0,13,1,101,,36041,41,4,,1,100,,36042,41,4,,1,100,,36043,41,4,,1,7,,36056,41,,,1,93,,36044,41,4,,1,100,,36045,41,4,,1
100,'20260820',801,,36080,41,4,,1,108,,36081,41,4,,1,100,,36082,41,4,,1,7,,36102,41,,,1,93,,36083,41,4,,1,100,,36084,41,4,,1,99,,36095,41,0,13,1,101,,36085,41,4,,1,100,,36086,41,4,,1,100,,36087,41,4,,1,102,,36097,41,0,13,1,22,,36094,41,4,,1,78,,36103,41,,,1,104,,36088,41,4,,1,94,,36096,41,0,13,1,101,,36089,41,4,,1,100,,36090,41,4,,1,100,,36091,41,4,,1,7,,36104,41,,,1,93,,36092,41,4,,1,100,,36093,41,4,,1
100,'20260821',801,,36129,41,4,,1,108,,36130,41,4,,1,100,,36131,41,4,,1,7,,36152,41,,,1,93,,36132,41,4,,1,100,,36133,41,4,,1,99,,36145,41,0,13,1,101,,36134,41,4,,1,100,,36135,41,4,,1,100,,36136,41,4,,1,102,,36147,41,0,13,1,22,,36144,41,4,,1,78,,36153,41,,,1,104,,36137,41,4,,1,94,,36146,41,0,13,1,101,,36138,41,4,,1,100,,36139,41,4,,1,100,,36140,41,4,,1,7,,36154,41,,,1,93,,36141,41,4,,1,100,,36142,41,4,,1,100,,36143,41,4,,1
100,'20260822',1009,,36187,41,4,,1,7,,36204,41,,,1,93,,36188,41,4,,1,100,,36189,41,4,,1,11,,36205,41,,,1,89,,36190,41,4,,1,100,,36191,41,4,,1,100,,36192,41,4,,1,99,,36202,41,0,13,1,101,,36193,41,4,,1,100,,36194,41,4,,1,7,,36206,41,,,1,94,,36195,41,4,,1,100,,36196,41,4,,1,21,,36207,41,,,1,79,,36197,41,4,,1,99,,36203,41,0,13,1,101,,36198,41,4,,1,100,,36199,41,4,,1,102,,36200,41,4,,1,100,,36201,41,4,,1
100,'20260823',1009,,36240,41,4,,1,7,,36257,41,,,1,93,,36241,41,4,,1,100,,36242,41,4,,1,11,,36258,41,,,1,89,,36243,41,4,,1,100,,36244,41,4,,1,100,,36245,41,4,,1,99,,36255,41,0,13,1,101,,36246,41,4,,1,100,,36247,41,4,,1,7,,36259,41,,,1,94,,36248,41,4,,1,100,,36249,41,4,,1,21,,36260,41,,,1,79,,36250,41,4,,1,99,,36256,41,0,13,1,101,,36251,41,4,,1,100,,36252,41,4,,1,102,,36253,41,4,,1
100,'20260824',801,,64679,41,4,,1,108,,64680,41,4,,1,100,,36286,41,4,,1,7,,36306,41,,,1,93,,36287,41,4,,1,100,,36288,41,4,,1,99,,64684,41,0,13,1,101,,36289,41,4,,1,100,,36290,41,4,,1,100,,64681,41,4,,1,102,,64686,41,0,13,1,22,,64683,41,4,,1,78,,36307,41,,,1,104,,36292,41,4,,1,94,,64685,41,0,13,1,101,,36293,41,4,,1,100,,64682,41,4,,1,100,,36295,41,4,,1,7,,64691,41,,,1,93,,36296,41,4,,1,100,,36297,41,4,,1
100,'20260825',801,,36332,41,4,,1,108,,36333,41,4,,1,100,,36334,41,4,,1,7,,36354,41,,,1,93,,36335,41,4,,1,100,,36336,41,4,,1,99,,36347,41,0,13,1,101,,36337,41,4,,1,100,,36338,41,4,,1,100,,36339,41,4,,1,102,,36349,41,0,13,1,22,,36346,41,4,,1,78,,36355,41,,,1,104,,36340,41,4,,1,94,,36348,41,0,13,1,101,,36341,41,4,,1,100,,36342,41,4,,1,100,,36343,41,4,,1,7,,36356,41,,,1,93,,36344,41,4,,1,100,,36345,41,4,,1
100,'20260826',801,,36380,41,4,,1,108,,36381,41,4,,1,100,,36382,41,4,,1,7,,36402,41,,,1,93,,36383,41,4,,1,100,,36384,41,4,,1,99,,36395,41,0,13,1,101,,36385,41,4,,1,100,,36386,41,4,,1,100,,36387,41,4,,1,102,,36397,41,0,13,1,22,,36394,41,4,,1,78,,36403,41,,,1,104,,36388,41,4,,1,94,,36396,41,0,13,1,101,,36389,41,4,,1,100,,36390,41,4,,1,100,,36391,41,4,,1,7,,36404,41,,,1,93,,36392,41,4,,1,100,,36393,41,4,,1
100,'20260827',801,,36428,41,4,,1,108,,36429,41,4,,1,100,,36430,41,4,,1,7,,36450,41,,,1,93,,36431,41,4,,1,100,,36432,41,4,,1,99,,36443,41,0,13,1,101,,36433,41,4,,1,100,,36434,41,4,,1,100,,36435,41,4,,1,102,,36445,41,0,13,1,22,,36442,41,4,,1,78,,36451,41,,,1,104,,36436,41,4,,1,94,,36444,41,0,13,1,101,,36437,41,4,,1,100,,36438,41,4,,1,100,,36439,41,4,,1,7,,36452,41,,,1,93,,36440,41,4,,1,100,,36441,41,4,,1
100,'20260828',801,,36477,41,4,,1,108,,36478,41,4,,1,100,,36479,41,4,,1,7,,36500,41,,,1,93,,36480,41,4,,1,100,,36481,41,4,,1,99,,36493,41,0,13,1,101,,36482,41,4,,1,100,,36483,41,4,,1,100,,36484,41,4,,1,102,,36495,41,0,13,1,22,,36492,41,4,,1,78,,36501,41,,,1,104,,36485,41,4,,1,94,,36494,41,0,13,1,101,,36486,41,4,,1,100,,36487,41,4,,1,100,,36488,41,4,,1,7,,36502,41,,,1,93,,36489,41,4,,1,100,,36490,41,4,,1,100,,36491,41,4,,1
100,'20260829',1009,,36535,41,4,,1,7,,36552,41,,,1,93,,36536,41,4,,1,100,,36537,41,4,,1,11,,36553,41,,,1,89,,36538,41,4,,1,100,,36539,41,4,,1,100,,36540,41,4,,1,99,,36550,41,0,13,1,101,,36541,41,4,,1,100,,36542,41,4,,1,7,,36554,41,,,1,94,,36543,41,4,,1,100,,36544,41,4,,1,21,,36555,41,,,1,79,,36545,41,4,,1,99,,36551,41,0,13,1,101,,36546,41,4,,1,100,,36547,41,4,,1,102,,36548,41,4,,1,100,,36549,41,4,,1
100,'20260830',1009,,36588,41,4,,1,7,,36605,41,,,1,93,,36589,41,4,,1,100,,36590,41,4,,1,11,,36606,41,,,1,89,,36591,41,4,,1,100,,36592,41,4,,1,100,,36593,41,4,,1,99,,36603,41,0,13,1,101,,36594,41,4,,1,100,,36595,41,4,,1,7,,36607,41,,,1,94,,36596,41,4,,1,100,,36597,41,4,,1,21,,36608,41,,,1,79,,36598,41,4,,1,99,,36604,41,0,13,1,101,,36599,41,4,,1,100,,36600,41,4,,1,102,,36601,41,4,,1
100,'20260831',801,,64698,41,4,,1,108,,64699,41,4,,1,100,,36634,41,4,,1,7,,36654,41,,,1,93,,36635,41,4,,1,100,,36636,41,4,,1,99,,64703,41,0,13,1,101,,36637,41,4,,1,100,,36638,41,4,,1,100,,64700,41,4,,1,102,,64705,41,0,13,1,22,,64702,41,4,,1,78,,36655,41,,,1,104,,36640,41,4,,1,94,,64704,41,0,13,1,101,,36641,41,4,,1,100,,64701,41,4,,1,100,,36643,41,4,,1,7,,64710,41,,,1,93,,36644,41,4,,1,100,,36645,41,4,,1
100,'20260901',801,,36680,41,4,,1,108,,36681,41,4,,1,100,,36682,41,4,,1,7,,36702,41,,,1,93,,36683,41,4,,1,100,,36684,41,4,,1,99,,36695,41,0,13,1,101,,36685,41,4,,1,100,,36686,41,4,,1,100,,36687,41,4,,1,102,,36697,41,0,13,1,22,,36694,41,4,,1,78,,36703,41,,,1,104,,36688,41,4,,1,94,,36696,41,0,13,1,101,,36689,41,4,,1,100,,36690,41,4,,1,100,,36691,41,4,,1,7,,36704,41,,,1,93,,36692,41,4,,1,100,,36693,41,4,,1
100,'20260902',801,,36728,41,4,,1,108,,36729,41,4,,1,100,,36730,41,4,,1,7,,36750,41,,,1,93,,36731,41,4,,1,100,,36732,41,4,,1,99,,36743,41,0,13,1,101,,36733,41,4,,1,100,,36734,41,4,,1,100,,36735,41,4,,1,102,,36745,41,0,13,1,22,,36742,41,4,,1,78,,36751,41,,,1,104,,36736,41,4,,1,94,,36744,41,0,13,1,101,,36737,41,4,,1,100,,36738,41,4,,1,100,,36739,41,4,,1,7,,36752,41,,,1,93,,36740,41,4,,1,100,,36741,41,4,,1
100,'20260903',801,,36776,41,4,,1,108,,36777,41,4,,1,100,,36778,41,4,,1,7,,36798,41,,,1,93,,36779,41,4,,1,100,,36780,41,4,,1,99,,36791,41,0,13,1,101,,36781,41,4,,1,100,,36782,41,4,,1,100,,36783,41,4,,1,102,,36793,41,0,13,1,22,,36790,41,4,,1,78,,36799,41,,,1,104,,36784,41,4,,1,94,,36792,41,0,13,1,101,,36785,41,4,,1,100,,36786,41,4,,1,100,,36787,41,4,,1,7,,36800,41,,,1,93,,36788,41,4,,1,100,,36789,41,4,,1
100,'20260904',801,,36825,41,4,,1,108,,36826,41,4,,1,100,,36827,41,4,,1,7,,36848,41,,,1,93,,36828,41,4,,1,100,,36829,41,4,,1,99,,36841,41,0,13,1,101,,36830,41,4,,1,100,,36831,41,4,,1,100,,36832,41,4,,1,102,,36843,41,0,13,1,22,,36840,41,4,,1,78,,36849,41,,,1,104,,36833,41,4,,1,94,,36842,41,0,13,1,101,,36834,41,4,,1,100,,36835,41,4,,1,100,,36836,41,4,,1,7,,36850,41,,,1,93,,36837,41,4,,1,100,,36838,41,4,,1,100,,36839,41,4,,1
101,'20260722',511,,39458,1,,,1,96,,39473,5,,,1,101,,39474,5,,,1,46,,39479,18,,,1,71,,39459,1,,,1,100,,39460,1,,,1,100,,39461,1,,,1,100,,39471,5,,,1,100,,39462,1,,,1,100,,39463,1,,,1,93,,39480,18,,,1,7,,39464,1,,,1,101,,39465,1,,,1,97,,39466,1,,,1,100,,39467,1,,,1,102,,39468,1,,,1,99,,39472,5,,,1,100,,39469,1,,,1,92,,39481,18,,,1,8,,39470,1,,,1
101,'20260723',511,,39506,1,,,1,96,,39521,5,,,1,101,,39522,5,,,1,46,,39527,18,,,1,71,,39507,1,,,1,100,,39508,1,,,1,100,,39509,1,,,1,100,,39519,5,,,1,100,,39510,1,,,1,100,,39511,1,,,1,93,,39528,18,,,1,7,,39512,1,,,1,101,,39513,1,,,1,97,,39514,1,,,1,100,,39515,1,,,1,102,,39516,1,,,1,99,,39520,5,,,1,100,,39517,1,,,1,92,,39529,18,,,1,8,,39518,1,,,1
101,'20260724',511,,39554,1,,,1,96,,39571,5,,,1,101,,39572,5,,,1,46,,39577,18,,,1,71,,39555,1,,,1,100,,39556,1,,,1,100,,39557,1,,,1,100,,39569,5,,,1,100,,39558,1,,,1,100,,39559,1,,,1,93,,39578,18,,,1,7,,39560,1,,,1,101,,39561,1,,,1,97,,39562,1,,,1,100,,39563,1,,,1,102,,39564,1,,,1,99,,39570,5,,,1,100,,39565,1,,,1,92,,39579,18,,,1,8,,39566,1,,,1,100,,39567,1,,,1,100,,39568,1,,,1
101,'20260725',724,,39625,5,,,1,100,,39626,5,,,1,100,,39627,5,,,1,100,,39613,1,,,1,100,,39628,5,,,1,100,,39614,1,,,1,90,,39630,18,,,1,10,,39615,1,,,1,100,,39616,1,,,1,100,,39617,1,,,1,100,,39618,1,,,1,92,,39631,18,,,1,8,,39619,1,,,1,100,,39620,1,,,1,100,,39629,5,,,1,100,,39621,1,,,1,91,,39632,18,,,1,9,,39622,1,,,1,100,,39623,1,,,1,100,,39624,1,,,1,5,,39633,18,,,1
101,'20260726',724,,39679,5,,,1,100,,39680,5,,,1,100,,39681,5,,,1,100,,39667,1,,,1,100,,39682,5,,,1,100,,39668,1,,,1,90,,39684,18,,,1,10,,39669,1,,,1,100,,39670,1,,,1,100,,39671,1,,,1,100,,39672,1,,,1,92,,39685,18,,,1,8,,39673,1,,,1,100,,39674,1,,,1,100,,39683,5,,,1,100,,39675,1,,,1,91,,39686,18,,,1,9,,39676,1,,,1,100,,39677,1,,,1,105,,39687,18,,,1
101,'20260727',511,,39712,1,,,1,96,,39727,5,,,1,101,,39728,5,,,1,46,,39733,18,,,1,71,,39713,1,,,1,100,,39714,1,,,1,100,,39715,1,,,1,100,,39725,5,,,1,100,,39716,1,,,1,100,,39717,1,,,1,93,,39734,18,,,1,7,,39718,1,,,1,101,,39719,1,,,1,97,,39720,1,,,1,100,,39721,1,,,1,102,,39722,1,,,1,99,,39726,5,,,1,100,,39723,1,,,1,92,,39735,18,,,1,8,,39724,1,,,1
101,'20260728',511,,39760,1,,,1,96,,39775,5,,,1,101,,39776,5,,,1,46,,39781,18,,,1,71,,39761,1,,,1,100,,39762,1,,,1,100,,39763,1,,,1,100,,39773,5,,,1,100,,39764,1,,,1,100,,39765,1,,,1,93,,39782,18,,,1,7,,39766,1,,,1,101,,39767,1,,,1,97,,39768,1,,,1,100,,39769,1,,,1,102,,39770,1,,,1,99,,39774,5,,,1,100,,39771,1,,,1,92,,39783,18,,,1,8,,39772,1,,,1
101,'20260729',511,,39808,1,,,1,96,,39823,5,,,1,101,,39824,5,,,1,46,,39829,18,,,1,71,,39809,1,,,1,100,,39810,1,,,1,100,,39811,1,,,1,100,,39821,5,,,1,100,,39812,1,,,1,100,,39813,1,,,1,93,,39830,18,,,1,7,,39814,1,,,1,101,,39815,1,,,1,97,,39816,1,,,1,100,,39817,1,,,1,102,,39818,1,,,1,99,,39822,5,,,1,100,,39819,1,,,1,92,,39831,18,,,1,8,,39820,1,,,1
101,'20260730',511,,39856,1,,,1,96,,39871,5,,,1,101,,39872,5,,,1,46,,39877,18,,,1,71,,39857,1,,,1,100,,39858,1,,,1,100,,39859,1,,,1,100,,39869,5,,,1,100,,39860,1,,,1,100,,39861,1,,,1,93,,39878,18,,,1,7,,39862,1,,,1,101,,39863,1,,,1,97,,39864,1,,,1,100,,39865,1,,,1,102,,39866,1,,,1,99,,39870,5,,,1,100,,39867,1,,,1,92,,39879,18,,,1,8,,39868,1,,,1
101,'20260731',511,,39904,1,,,1,96,,39921,5,,,1,101,,39922,5,,,1,46,,39927,18,,,1,71,,39905,1,,,1,100,,39906,1,,,1,100,,39907,1,,,1,100,,39919,5,,,1,100,,39908,1,,,1,100,,39909,1,,,1,93,,39928,18,,,1,7,,39910,1,,,1,101,,39911,1,,,1,97,,39912,1,,,1,100,,39913,1,,,1,102,,39914,1,,,1,99,,39920,5,,,1,100,,39915,1,,,1,92,,39929,18,,,1,8,,39916,1,,,1,100,,39917,1,,,1,100,,39918,1,,,1
101,'20260801',724,,39975,5,,,1,100,,39976,5,,,1,100,,39977,5,,,1,100,,39963,1,,,1,100,,39978,5,,,1,100,,39964,1,,,1,90,,39980,18,,,1,10,,39965,1,,,1,100,,39966,1,,,1,100,,39967,1,,,1,100,,39968,1,,,1,92,,39981,18,,,1,8,,39969,1,,,1,100,,39970,1,,,1,100,,39979,5,,,1,100,,39971,1,,,1,91,,39982,18,,,1,9,,39972,1,,,1,100,,39973,1,,,1,100,,39974,1,,,1,5,,39983,18,,,1
101,'20260802',724,,40029,5,,,1,100,,40030,5,,,1,100,,40031,5,,,1,100,,40017,1,,,1,100,,40032,5,,,1,100,,40018,1,,,1,90,,40034,18,,,1,10,,40019,1,,,1,100,,40020,1,,,1,100,,40021,1,,,1,100,,40022,1,,,1,92,,40035,18,,,1,8,,40023,1,,,1,100,,40024,1,,,1,100,,40033,5,,,1,100,,40025,1,,,1,91,,40036,18,,,1,9,,40026,1,,,1,100,,40027,1,,,1,100,,64015,1,,,1,5,,40037,18,,,1
101,'20260803',724,,64036,5,,,1,100,,64037,5,,,1,100,,64038,5,,,1,100,,40065,1,,,1,100,,40075,5,,,1,100,,40066,1,,,1,90,,64039,18,,,1,10,,40067,1,,,1,100,,40068,1,,,1,100,,40069,1,,,1,100,,40070,1,,,1,92,,64040,18,,,1,8,,40071,1,,,1,100,,40072,1,,,1,100,,40076,5,,,1,100,,40073,1,,,1,91,,64041,18,,,1,9,,40074,1,,,1,100,,64034,1,,,1,100,,64035,1,,,1,5,,64042,18,,,1
101,'20260804',511,,40110,1,,,1,96,,40125,5,,,1,101,,40126,5,,,1,46,,40131,18,,,1,71,,40111,1,,,1,100,,40112,1,,,1,100,,40113,1,,,1,100,,40123,5,,,1,100,,40114,1,,,1,100,,40115,1,,,1,93,,40132,18,,,1,7,,40116,1,,,1,101,,40117,1,,,1,97,,40118,1,,,1,100,,40119,1,,,1,102,,40120,1,,,1,99,,40124,5,,,1,100,,40121,1,,,1,92,,40133,18,,,1,8,,40122,1,,,1
101,'20260805',511,,40158,1,,,1,96,,40173,5,,,1,101,,40174,5,,,1,46,,40179,18,,,1,71,,40159,1,,,1,100,,40160,1,,,1,100,,40161,1,,,1,100,,40171,5,,,1,100,,40162,1,,,1,100,,40163,1,,,1,93,,40180,18,,,1,7,,40164,1,,,1,101,,40165,1,,,1,97,,40166,1,,,1,100,,40167,1,,,1,102,,40168,1,,,1,99,,40172,5,,,1,100,,40169,1,,,1,92,,40181,18,,,1,8,,40170,1,,,1
101,'20260806',511,,40206,1,,,1,96,,40221,5,,,1,101,,40222,5,,,1,46,,40227,18,,,1,71,,40207,1,,,1,100,,40208,1,,,1,100,,40209,1,,,1,100,,40219,5,,,1,100,,40210,1,,,1,100,,40211,1,,,1,93,,40228,18,,,1,7,,40212,1,,,1,101,,40213,1,,,1,97,,40214,1,,,1,100,,40215,1,,,1,102,,40216,1,,,1,99,,40220,5,,,1,100,,40217,1,,,1,92,,40229,18,,,1,8,,40218,1,,,1
101,'20260807',511,,40254,1,,,1,96,,40271,5,,,1,101,,40272,5,,,1,46,,40277,18,,,1,71,,40255,1,,,1,100,,40256,1,,,1,100,,40257,1,,,1,100,,40269,5,,,1,100,,40258,1,,,1,100,,40259,1,,,1,93,,40278,18,,,1,7,,40260,1,,,1,101,,40261,1,,,1,97,,40262,1,,,1,100,,40263,1,,,1,102,,40264,1,,,1,99,,40270,5,,,1,100,,40265,1,,,1,92,,40279,18,,,1,8,,40266,1,,,1,100,,40267,1,,,1,100,,40268,1,,,1
101,'20260808',724,,40325,5,,,1,100,,40326,5,,,1,100,,40327,5,,,1,100,,40313,1,,,1,100,,40328,5,,,1,100,,40314,1,,,1,90,,40330,18,,,1,10,,40315,1,,,1,100,,40316,1,,,1,100,,40317,1,,,1,100,,40318,1,,,1,92,,40331,18,,,1,8,,40319,1,,,1,100,,40320,1,,,1,100,,40329,5,,,1,100,,40321,1,,,1,91,,40332,18,,,1,9,,40322,1,,,1,100,,40323,1,,,1,100,,40324,1,,,1,5,,40333,18,,,1
101,'20260809',724,,40379,5,,,1,100,,40380,5,,,1,100,,40381,5,,,1,100,,40367,1,,,1,100,,40382,5,,,1,100,,40368,1,,,1,90,,40384,18,,,1,10,,40369,1,,,1,100,,40370,1,,,1,100,,40371,1,,,1,100,,40372,1,,,1,92,,40385,18,,,1,8,,40373,1,,,1,100,,40374,1,,,1,100,,40383,5,,,1,100,,40375,1,,,1,91,,40386,18,,,1,9,,40376,1,,,1,100,,40377,1,,,1,105,,40387,18,,,1
101,'20260810',511,,64720,1,,,1,96,,64723,5,,,1,101,,64724,5,,,1,46,,64729,18,,,1,71,,64721,1,,,1,100,,64722,1,,,1,100,,40415,1,,,1,100,,40425,5,,,1,100,,40416,1,,,1,100,,40417,1,,,1,93,,64730,18,,,1,7,,40418,1,,,1,101,,40419,1,,,1,97,,40420,1,,,1,100,,40421,1,,,1,102,,40422,1,,,1,99,,40426,5,,,1,100,,40423,1,,,1,92,,64731,18,,,1,8,,40424,1,,,1
101,'20260811',511,,40460,1,,,1,96,,40475,5,,,1,101,,40476,5,,,1,46,,40481,18,,,1,71,,40461,1,,,1,100,,40462,1,,,1,100,,40463,1,,,1,100,,40473,5,,,1,100,,40464,1,,,1,100,,40465,1,,,1,93,,40482,18,,,1,7,,40466,1,,,1,101,,40467,1,,,1,97,,40468,1,,,1,100,,40469,1,,,1,102,,40470,1,,,1,99,,40474,5,,,1,100,,40471,1,,,1,92,,40483,18,,,1,8,,40472,1,,,1
101,'20260812',511,,40508,1,,,1,96,,40523,5,,,1,101,,40524,5,,,1,46,,40529,18,,,1,71,,40509,1,,,1,100,,40510,1,,,1,100,,40511,1,,,1,100,,40521,5,,,1,100,,40512,1,,,1,100,,40513,1,,,1,93,,40530,18,,,1,7,,40514,1,,,1,101,,40515,1,,,1,97,,40516,1,,,1,100,,40517,1,,,1,102,,40518,1,,,1,99,,40522,5,,,1,100,,40519,1,,,1,92,,40531,18,,,1,8,,40520,1,,,1
101,'20260813',511,,40556,1,,,1,96,,40571,5,,,1,101,,40572,5,,,1,46,,40577,18,,,1,71,,40557,1,,,1,100,,40558,1,,,1,100,,40559,1,,,1,100,,40569,5,,,1,100,,40560,1,,,1,100,,40561,1,,,1,93,,40578,18,,,1,7,,40562,1,,,1,101,,40563,1,,,1,97,,40564,1,,,1,100,,40565,1,,,1,102,,40566,1,,,1,99,,40570,5,,,1,100,,40567,1,,,1,92,,40579,18,,,1,8,,40568,1,,,1
101,'20260814',511,,40604,1,,,1,96,,40621,5,,,1,101,,40622,5,,,1,46,,40627,18,,,1,71,,40605,1,,,1,100,,40606,1,,,1,100,,40607,1,,,1,100,,40619,5,,,1,100,,40608,1,,,1,100,,40609,1,,,1,93,,40628,18,,,1,7,,40610,1,,,1,101,,40611,1,,,1,97,,40612,1,,,1,100,,40613,1,,,1,102,,40614,1,,,1,99,,40620,5,,,1,100,,40615,1,,,1,92,,40629,18,,,1,8,,40616,1,,,1,100,,40617,1,,,1,100,,40618,1,,,1
101,'20260815',724,,40675,5,,,1,100,,40676,5,,,1,100,,40677,5,,,1,100,,40663,1,,,1,100,,40678,5,,,1,100,,40664,1,,,1,90,,40680,18,,,1,10,,40665,1,,,1,100,,40666,1,,,1,100,,40667,1,,,1,100,,40668,1,,,1,92,,40681,18,,,1,8,,40669,1,,,1,100,,40670,1,,,1,100,,40679,5,,,1,100,,40671,1,,,1,91,,40682,18,,,1,9,,40672,1,,,1,100,,40673,1,,,1,100,,40674,1,,,1,5,,40683,18,,,1
101,'20260816',724,,40729,5,,,1,100,,40730,5,,,1,100,,40731,5,,,1,100,,40717,1,,,1,100,,40732,5,,,1,100,,40718,1,,,1,90,,40734,18,,,1,10,,40719,1,,,1,100,,40720,1,,,1,100,,40721,1,,,1,100,,40722,1,,,1,92,,40735,18,,,1,8,,40723,1,,,1,100,,40724,1,,,1,100,,40733,5,,,1,100,,40725,1,,,1,91,,40736,18,,,1,9,,40726,1,,,1,100,,40727,1,,,1,105,,40737,18,,,1
101,'20260817',511,,64741,1,,,1,96,,64744,5,,,1,101,,64745,5,,,1,46,,64750,18,,,1,71,,64742,1,,,1,100,,64743,1,,,1,100,,40765,1,,,1,100,,40775,5,,,1,100,,40766,1,,,1,100,,40767,1,,,1,93,,64751,18,,,1,7,,40768,1,,,1,101,,40769,1,,,1,97,,40770,1,,,1,100,,40771,1,,,1,102,,40772,1,,,1,99,,40776,5,,,1,100,,40773,1,,,1,92,,64752,18,,,1,8,,40774,1,,,1
101,'20260818',511,,40810,1,,,1,96,,40825,5,,,1,101,,40826,5,,,1,46,,40831,18,,,1,71,,40811,1,,,1,100,,40812,1,,,1,100,,40813,1,,,1,100,,40823,5,,,1,100,,40814,1,,,1,100,,40815,1,,,1,93,,40832,18,,,1,7,,40816,1,,,1,101,,40817,1,,,1,97,,40818,1,,,1,100,,40819,1,,,1,102,,40820,1,,,1,99,,40824,5,,,1,100,,40821,1,,,1,92,,40833,18,,,1,8,,40822,1,,,1
101,'20260819',511,,40858,1,,,1,96,,40873,5,,,1,101,,40874,5,,,1,46,,40879,18,,,1,71,,40859,1,,,1,100,,40860,1,,,1,100,,40861,1,,,1,100,,40871,5,,,1,100,,40862,1,,,1,100,,40863,1,,,1,93,,40880,18,,,1,7,,40864,1,,,1,101,,40865,1,,,1,97,,40866,1,,,1,100,,40867,1,,,1,102,,40868,1,,,1,99,,40872,5,,,1,100,,40869,1,,,1,92,,40881,18,,,1,8,,40870,1,,,1
101,'20260820',511,,40906,1,,,1,96,,40921,5,,,1,101,,40922,5,,,1,46,,40927,18,,,1,71,,40907,1,,,1,100,,40908,1,,,1,100,,40909,1,,,1,100,,40919,5,,,1,100,,40910,1,,,1,100,,40911,1,,,1,93,,40928,18,,,1,7,,40912,1,,,1,101,,40913,1,,,1,97,,40914,1,,,1,100,,40915,1,,,1,102,,40916,1,,,1,99,,40920,5,,,1,100,,40917,1,,,1,92,,40929,18,,,1,8,,40918,1,,,1
101,'20260821',511,,40954,1,,,1,96,,40971,5,,,1,101,,40972,5,,,1,46,,40977,18,,,1,71,,40955,1,,,1,100,,40956,1,,,1,100,,40957,1,,,1,100,,40969,5,,,1,100,,40958,1,,,1,100,,40959,1,,,1,93,,40978,18,,,1,7,,40960,1,,,1,101,,40961,1,,,1,97,,40962,1,,,1,100,,40963,1,,,1,102,,40964,1,,,1,99,,40970,5,,,1,100,,40965,1,,,1,92,,40979,18,,,1,8,,40966,1,,,1,100,,40967,1,,,1,100,,40968,1,,,1
101,'20260822',724,,41025,5,,,1,100,,41026,5,,,1,100,,41027,5,,,1,100,,41013,1,,,1,100,,41028,5,,,1,100,,41014,1,,,1,90,,41030,18,,,1,10,,41015,1,,,1,100,,41016,1,,,1,100,,41017,1,,,1,100,,41018,1,,,1,92,,41031,18,,,1,8,,41019,1,,,1,100,,41020,1,,,1,100,,41029,5,,,1,100,,41021,1,,,1,91,,41032,18,,,1,9,,41022,1,,,1,100,,41023,1,,,1,100,,41024,1,,,1,5,,41033,18,,,1
101,'20260823',724,,41079,5,,,1,100,,41080,5,,,1,100,,41081,5,,,1,100,,41067,1,,,1,100,,41082,5,,,1,100,,41068,1,,,1,90,,41084,18,,,1,10,,41069,1,,,1,100,,41070,1,,,1,100,,41071,1,,,1,100,,41072,1,,,1,92,,41085,18,,,1,8,,41073,1,,,1,100,,41074,1,,,1,100,,41083,5,,,1,100,,41075,1,,,1,91,,41086,18,,,1,9,,41076,1,,,1,100,,41077,1,,,1,105,,41087,18,,,1
101,'20260824',511,,64762,1,,,1,96,,64765,5,,,1,101,,64766,5,,,1,46,,64771,18,,,1,71,,64763,1,,,1,100,,64764,1,,,1,100,,41115,1,,,1,100,,41125,5,,,1,100,,41116,1,,,1,100,,41117,1,,,1,93,,64772,18,,,1,7,,41118,1,,,1,101,,41119,1,,,1,97,,41120,1,,,1,100,,41121,1,,,1,102,,41122,1,,,1,99,,41126,5,,,1,100,,41123,1,,,1,92,,64773,18,,,1,8,,41124,1,,,1
101,'20260825',511,,41160,1,,,1,96,,41175,5,,,1,101,,41176,5,,,1,46,,41181,18,,,1,71,,41161,1,,,1,100,,41162,1,,,1,100,,41163,1,,,1,100,,41173,5,,,1,100,,41164,1,,,1,100,,41165,1,,,1,93,,41182,18,,,1,7,,41166,1,,,1,101,,41167,1,,,1,97,,41168,1,,,1,100,,41169,1,,,1,102,,41170,1,,,1,99,,41174,5,,,1,100,,41171,1,,,1,92,,41183,18,,,1,8,,41172,1,,,1
101,'20260826',511,,41208,1,,,1,96,,41223,5,,,1,101,,41224,5,,,1,46,,41229,18,,,1,71,,41209,1,,,1,100,,41210,1,,,1,100,,41211,1,,,1,100,,41221,5,,,1,100,,41212,1,,,1,100,,41213,1,,,1,93,,41230,18,,,1,7,,41214,1,,,1,101,,41215,1,,,1,97,,41216,1,,,1,100,,41217,1,,,1,102,,41218,1,,,1,99,,41222,5,,,1,100,,41219,1,,,1,92,,41231,18,,,1,8,,41220,1,,,1
101,'20260827',511,,41256,1,,,1,96,,41271,5,,,1,101,,41272,5,,,1,46,,41277,18,,,1,71,,41257,1,,,1,100,,41258,1,,,1,100,,41259,1,,,1,100,,41269,5,,,1,100,,41260,1,,,1,100,,41261,1,,,1,93,,41278,18,,,1,7,,41262,1,,,1,101,,41263,1,,,1,97,,41264,1,,,1,100,,41265,1,,,1,102,,41266,1,,,1,99,,41270,5,,,1,100,,41267,1,,,1,92,,41279,18,,,1,8,,41268,1,,,1
101,'20260828',511,,41304,1,,,1,96,,41321,5,,,1,101,,41322,5,,,1,46,,41327,18,,,1,71,,41305,1,,,1,100,,41306,1,,,1,100,,41307,1,,,1,100,,41319,5,,,1,100,,41308,1,,,1,100,,41309,1,,,1,93,,41328,18,,,1,7,,41310,1,,,1,101,,41311,1,,,1,97,,41312,1,,,1,100,,41313,1,,,1,102,,41314,1,,,1,99,,41320,5,,,1,100,,41315,1,,,1,92,,41329,18,,,1,8,,41316,1,,,1,100,,41317,1,,,1,100,,41318,1,,,1
101,'20260829',724,,41375,5,,,1,100,,41376,5,,,1,100,,41377,5,,,1,100,,41363,1,,,1,100,,41378,5,,,1,100,,41364,1,,,1,90,,41380,18,,,1,10,,41365,1,,,1,100,,41366,1,,,1,100,,41367,1,,,1,100,,41368,1,,,1,92,,41381,18,,,1,8,,41369,1,,,1,100,,41370,1,,,1,100,,41379,5,,,1,100,,41371,1,,,1,91,,41382,18,,,1,9,,41372,1,,,1,100,,41373,1,,,1,100,,41374,1,,,1,5,,41383,18,,,1
101,'20260830',724,,41429,5,,,1,100,,41430,5,,,1,100,,41431,5,,,1,100,,41417,1,,,1,100,,41432,5,,,1,100,,41418,1,,,1,90,,41434,18,,,1,10,,41419,1,,,1,100,,41420,1,,,1,100,,41421,1,,,1,100,,41422,1,,,1,92,,41435,18,,,1,8,,41423,1,,,1,100,,41424,1,,,1,100,,41433,5,,,1,100,,41425,1,,,1,91,,41436,18,,,1,9,,41426,1,,,1,100,,41427,1,,,1,105,,41437,18,,,1
101,'20260831',511,,64783,1,,,1,96,,64786,5,,,1,101,,64787,5,,,1,46,,64792,18,,,1,71,,64784,1,,,1,100,,64785,1,,,1,100,,41465,1,,,1,100,,41475,5,,,1,100,,41466,1,,,1,100,,41467,1,,,1,93,,64793,18,,,1,7,,41468,1,,,1,101,,41469,1,,,1,97,,41470,1,,,1,100,,41471,1,,,1,102,,41472,1,,,1,99,,41476,5,,,1,100,,41473,1,,,1,92,,64794,18,,,1,8,,41474,1,,,1
101,'20260901',511,,41510,1,,,1,96,,41525,5,,,1,101,,41526,5,,,1,46,,41531,18,,,1,71,,41511,1,,,1,100,,41512,1,,,1,100,,41513,1,,,1,100,,41523,5,,,1,100,,41514,1,,,1,100,,41515,1,,,1,93,,41532,18,,,1,7,,41516,1,,,1,101,,41517,1,,,1,97,,41518,1,,,1,100,,41519,1,,,1,102,,41520,1,,,1,99,,41524,5,,,1,100,,41521,1,,,1,92,,41533,18,,,1,8,,41522,1,,,1
101,'20260902',511,,41558,1,,,1,96,,41573,5,,,1,101,,41574,5,,,1,46,,41579,18,,,1,71,,41559,1,,,1,100,,41560,1,,,1,100,,41561,1,,,1,100,,41571,5,,,1,100,,41562,1,,,1,100,,41563,1,,,1,93,,41580,18,,,1,7,,41564,1,,,1,101,,41565,1,,,1,97,,41566,1,,,1,100,,41567,1,,,1,102,,41568,1,,,1,99,,41572,5,,,1,100,,41569,1,,,1,92,,41581,18,,,1,8,,41570,1,,,1
101,'20260903',511,,41606,1,,,1,96,,41621,5,,,1,101,,41622,5,,,1,46,,41627,18,,,1,71,,41607,1,,,1,100,,41608,1,,,1,100,,41609,1,,,1,100,,41619,5,,,1,100,,41610,1,,,1,100,,41611,1,,,1,93,,41628,18,,,1,7,,41612,1,,,1,101,,41613,1,,,1,97,,41614,1,,,1,100,,41615,1,,,1,102,,41616,1,,,1,99,,41620,5,,,1,100,,41617,1,,,1,92,,41629,18,,,1,8,,41618,1,,,1
101,'20260904',511,,41654,1,,,1,96,,41671,5,,,1,101,,41672,5,,,1,46,,41677,18,,,1,71,,41655,1,,,1,100,,41656,1,,,1,100,,41657,1,,,1,100,,41669,5,,,1,100,,41658,1,,,1,100,,41659,1,,,1,93,,41678,18,,,1,7,,41660,1,,,1,101,,41661,1,,,1,97,,41662,1,,,1,100,,41663,1,,,1,102,,41664,1,,,1,99,,41670,5,,,1,100,,41665,1,,,1,92,,41679,18,,,1,8,,41666,1,,,1,100,,41667,1,,,1,100,,41668,1,,,1
