100,'20260528',1030,,16825,45,,,1,294,,16818,45,4,,1,402,,16820,45,4,,1,101,,16826,45,,,1,197,,16819,45,4,,1,307,,16827,45,,,1
100,'20260529',1030,,16875,45,,,1,294,,16868,45,4,,1,402,,16870,45,4,,1,101,,16876,45,,,1,197,,16869,45,4,,1,307,,16877,45,,,1
100,'20260530',1030,,16927,12,,,1,205,,16928,12,,,1,595,,16929,12,,,1,215,,16930,12,,,1
100,'20260531',1030,,16979,12,,,1,205,,16980,12,,,1,595,,16981,12,,,1,215,,16982,12,,,1
100,'20260601',1030,,17028,45,,,1,294,,17021,45,4,,1,402,,17023,45,4,,1,101,,17029,45,,,1,197,,17022,45,4,,1,307,,17030,45,,,1
100,'20260602',1030,,17076,45,,,1,294,,17069,45,4,,1,402,,17071,45,4,,1,101,,17077,45,,,1,197,,17070,45,4,,1,307,,17078,45,,,1
100,'20260603',1030,,17124,45,,,1,294,,17117,45,4,,1,402,,17119,45,4,,1,101,,17125,45,,,1,197,,17118,45,4,,1,307,,17126,45,,,1
100,'20260604',1030,,17172,45,,,1,294,,17165,45,4,,1,402,,17167,45,4,,1,101,,17173,45,,,1,197,,17166,45,4,,1,307,,17174,45,,,1
100,'20260605',1030,,17222,45,,,1,294,,17215,45,4,,1,402,,17217,45,4,,1,101,,17223,45,,,1,197,,17216,45,4,,1,307,,17224,45,,,1
100,'20260606',1034,,17274,45,,,1,203,,17275,45,,,1,416,,32159,45,4,,1,182,,17276,45,,,1,202,,17277,45,,,1,218,,32160,45,4,,1
100,'20260607',1034,,17326,45,,,1,203,,17327,45,,,1,416,,32201,45,4,,1,182,,17328,45,,,1,202,,17329,45,,,1,218,,32202,45,4,,1
100,'20260608',1030,,17375,45,,,1,294,,17368,45,4,,1,402,,17370,45,4,,1,101,,17376,45,,,1,197,,17369,45,4,,1,307,,17377,45,,,1
100,'20260609',1030,,17423,45,,,1,294,,17416,45,4,,1,402,,17418,45,4,,1,101,,17424,45,,,1,197,,17417,45,4,,1,307,,17425,45,,,1
100,'20260610',1030,,17471,45,,,1,295,,17464,45,4,,1,401,,17466,45,4,,1,101,,17472,45,,,1,197,,17465,45,4,,1,322,,17473,45,,,1
100,'20260611',1030,,17519,45,,,1,295,,17512,45,4,,1,401,,17514,45,4,,1,101,,17520,45,,,1,197,,17513,45,4,,1,322,,17521,45,,,1
100,'20260612',1030,,17569,45,,,1,696,,17564,45,4,,1,110,,32277,45,,,1,188,,17563,45,4,,1,322,,17571,45,,,1
100,'20260613',1030,,32340,45,,,1,205,,32341,45,,,1,388,,32338,45,4,,1,207,,32342,45,,,1,215,,32343,45,,,1,179,,32339,45,4,,1
100,'20260614',1030,,32393,45,,,1,205,,32394,45,,,1,388,,32391,45,4,,1,207,,32395,45,,,1,215,,32396,45,,,1,179,,32392,45,4,,1
100,'20260615',1030,,32456,45,,,1,295,,32449,45,4,,1,401,,32451,45,4,,1,101,,32457,45,,,1,197,,32450,45,4,,1,322,,32471,45,,,1
100,'20260616',1030,,32531,45,,,1,295,,32524,45,4,,1,401,,32526,45,4,,1,101,,32532,45,,,1,197,,32525,45,4,,1,322,,32546,45,,,1
100,'20260617',1030,,32606,45,,,1,295,,32599,45,4,,1,403,,32601,45,4,,1,101,,32607,45,,,1,195,,32600,45,4,,1,322,,32621,45,,,1
100,'20260618',1030,,32681,45,,,1,295,,32674,45,4,,1,401,,32676,45,4,,1,101,,32682,45,,,1,197,,32675,45,4,,1,322,,32696,45,,,1
100,'20260619',1030,,32756,45,,,1,295,,32749,45,4,,1,401,,32751,45,4,,1,101,,32757,45,,,1,197,,32750,45,4,,1,322,,32771,45,,,1
100,'20260620',1030,,32821,45,,,1,205,,32822,45,,,1,388,,32819,45,4,,1,207,,32823,45,,,1,215,,32824,45,,,1,179,,32820,45,4,,1
100,'20260621',1030,,32881,45,,,1,205,,32882,45,,,1,388,,32879,45,4,,1,207,,32883,45,,,1,215,,32884,45,,,1,179,,32880,45,4,,1
100,'20260622',1030,,32944,45,,,1,295,,32937,45,4,,1,401,,32939,45,4,,1,101,,32945,45,,,1,197,,32938,45,4,,1,322,,32959,45,,,1
100,'20260623',1030,,33019,45,,,1,295,,33012,45,4,,1,403,,33014,45,4,,1,101,,33020,45,,,1,195,,33013,45,4,,1,322,,33034,45,,,1
100,'20260624',1030,,33094,45,,,1,295,,33087,45,4,,1,401,,33089,45,4,,1,101,,33095,45,,,1,197,,33088,45,4,,1,322,,33109,45,,,1
100,'20260625',1030,,33169,45,,,1,295,,33162,45,4,,1,401,,33164,45,4,,1,101,,33170,45,,,1,197,,33163,45,4,,1,322,,33184,45,,,1
100,'20260626',1030,,33245,45,,,1,696,,33239,45,4,,1,110,,33244,45,,,1,188,,33238,45,4,,1,322,,33259,45,,,1
100,'20260627',1030,,33309,45,,,1,205,,33310,45,,,1,388,,33307,45,4,,1,207,,33311,45,,,1,215,,33312,45,,,1,179,,33308,45,4,,1
100,'20260628',1030,,33362,45,,,1,205,,33363,45,,,1,388,,33360,45,4,,1,207,,33364,45,,,1,215,,33365,45,,,1,179,,33361,45,4,,1
100,'20260629',1030,,33425,45,,,1,295,,33418,45,4,,1,401,,33420,45,4,,1,101,,33426,45,,,1,197,,33419,45,4,,1,322,,33440,45,,,1
100,'20260630',1030,,33500,45,,,1,295,,33493,45,4,,1,401,,33495,45,4,,1,101,,33501,45,,,1,197,,33494,45,4,,1,322,,33515,45,,,1
100,'20260701',1030,,33565,45,,,1,205,,33566,45,,,1,388,,33563,45,4,,1,207,,33567,45,,,1,215,,33568,45,,,1,179,,33564,45,4,,1
100,'20260702',1030,,33628,45,,,1,295,,33621,45,4,,1,403,,33623,45,4,,1,101,,33629,45,,,1,195,,33622,45,4,,1,322,,33643,45,,,1
100,'20260703',1030,,33703,45,,,1,295,,33696,45,4,,1,401,,33698,45,4,,1,101,,33704,45,,,1,197,,33697,45,4,,1,322,,33718,45,,,1
100,'20260704',1030,,33768,45,,,1,205,,33769,45,,,1,388,,33766,45,4,,1,207,,33770,45,,,1,215,,33771,45,,,1,179,,33767,45,4,,1
100,'20260705',1030,,33821,45,,,1,205,,33822,45,,,1,388,,33819,45,4,,1,207,,33823,45,,,1,215,,33824,45,,,1,179,,33820,45,4,,1
100,'20260706',1030,,33870,45,,,1,294,,33863,45,4,,1,402,,33865,45,4,,1,101,,33871,45,,,1,197,,33864,45,4,,1,307,,33872,45,,,1
100,'20260707',1030,,33918,45,,,1,294,,33911,45,4,,1,402,,33913,45,4,,1,101,,33919,45,,,1,197,,33912,45,4,,1,307,,33920,45,,,1
100,'20260708',1030,,33966,45,,,1,294,,33959,45,4,,1,402,,33961,45,4,,1,101,,33967,45,,,1,197,,33960,45,4,,1,307,,33968,45,,,1
100,'20260709',1030,,34014,45,,,1,294,,34007,45,4,,1,402,,34009,45,4,,1,101,,34015,45,,,1,197,,34008,45,4,,1,307,,34016,45,,,1
100,'20260710',1030,,34064,45,,,1,294,,34057,45,4,,1,402,,34059,45,4,,1,101,,34065,45,,,1,197,,34058,45,4,,1,307,,34066,45,,,1
100,'20260711',1030,,34116,45,,,1,205,,34117,45,,,1,388,,34114,45,4,,1,207,,34118,45,,,1,215,,34119,45,,,1,179,,34115,45,4,,1
100,'20260712',1030,,34169,45,,,1,205,,34170,45,,,1,388,,34167,45,4,,1,207,,34171,45,,,1,215,,34172,45,,,1,179,,34168,45,4,,1
100,'20260713',1030,,34218,45,,,1,294,,34211,45,4,,1,402,,34213,45,4,,1,101,,34219,45,,,1,197,,34212,45,4,,1,307,,34220,45,,,1
100,'20260714',1030,,34266,45,,,1,294,,34259,45,4,,1,402,,34261,45,4,,1,101,,34267,45,,,1,197,,34260,45,4,,1,307,,34268,45,,,1
100,'20260715',1030,,34314,45,,,1,294,,34307,45,4,,1,402,,34309,45,4,,1,101,,34315,45,,,1,197,,34308,45,4,,1,307,,34316,45,,,1
100,'20260716',1030,,34362,45,,,1,294,,34355,45,4,,1,402,,34357,45,4,,1,101,,34363,45,,,1,197,,34356,45,4,,1,307,,34364,45,,,1
100,'20260717',1030,,34412,45,,,1,294,,34405,45,4,,1,402,,34407,45,4,,1,101,,34413,45,,,1,197,,34406,45,4,,1,307,,34414,45,,,1
100,'20260718',1030,,34464,45,,,1,205,,34465,45,,,1,388,,34462,45,4,,1,207,,34466,45,,,1,215,,34467,45,,,1,179,,34463,45,4,,1
100,'20260719',1030,,34517,45,,,1,205,,34518,45,,,1,388,,34515,45,4,,1,207,,34519,45,,,1,215,,34520,45,,,1,179,,34516,45,4,,1
100,'20260720',1030,,34566,45,,,1,294,,34559,45,4,,1,402,,34561,45,4,,1,101,,34567,45,,,1,197,,34560,45,4,,1,307,,34568,45,,,1
100,'20260721',1030,,34614,45,,,1,294,,34607,45,4,,1,402,,34609,45,4,,1,101,,34615,45,,,1,197,,34608,45,4,,1,307,,34616,45,,,1
100,'20260722',1030,,34662,45,,,1,294,,34655,45,4,,1,402,,34657,45,4,,1,101,,34663,45,,,1,197,,34656,45,4,,1,307,,34664,45,,,1
100,'20260723',1030,,34710,45,,,1,294,,34703,45,4,,1,402,,34705,45,4,,1,101,,34711,45,,,1,197,,34704,45,4,,1,307,,34712,45,,,1
100,'20260724',1030,,34760,45,,,1,294,,34753,45,4,,1,402,,34755,45,4,,1,101,,34761,45,,,1,197,,34754,45,4,,1,307,,34762,45,,,1
100,'20260725',1030,,34812,45,,,1,205,,34813,45,,,1,388,,34810,45,4,,1,207,,34814,45,,,1,215,,34815,45,,,1,179,,34811,45,4,,1
100,'20260726',1030,,34865,45,,,1,205,,34866,45,,,1,388,,34863,45,4,,1,207,,34867,45,,,1,215,,34868,45,,,1,179,,34864,45,4,,1
100,'20260727',1030,,34914,45,,,1,294,,34907,45,4,,1,402,,34909,45,4,,1,101,,34915,45,,,1,197,,34908,45,4,,1,307,,34916,45,,,1
100,'20260728',1030,,34962,45,,,1,294,,34955,45,4,,1,402,,34957,45,4,,1,101,,34963,45,,,1,197,,34956,45,4,,1,307,,34964,45,,,1
100,'20260729',1030,,35010,45,,,1,294,,35003,45,4,,1,402,,35005,45,4,,1,101,,35011,45,,,1,197,,35004,45,4,,1,307,,35012,45,,,1
100,'20260730',1030,,35058,45,,,1,294,,35051,45,4,,1,402,,35053,45,4,,1,101,,35059,45,,,1,197,,35052,45,4,,1,307,,35060,45,,,1
100,'20260731',1030,,35108,45,,,1,294,,35101,45,4,,1,402,,35103,45,4,,1,101,,35109,45,,,1,197,,35102,45,4,,1,307,,35110,45,,,1
100,'20260801',1030,,35160,45,,,1,205,,35161,45,,,1,388,,35158,45,4,,1,207,,35162,45,,,1,215,,35163,45,,,1,179,,35159,45,4,,1
100,'20260802',1030,,35213,45,,,1,205,,35214,45,,,1,388,,35211,45,4,,1,207,,35215,45,,,1,215,,35216,45,,,1,179,,35212,45,4,,1
100,'20260803',1030,,35262,45,,,1,294,,35255,45,4,,1,402,,35257,45,4,,1,101,,35263,45,,,1,197,,35256,45,4,,1,307,,35264,45,,,1
100,'20260804',1030,,35310,45,,,1,294,,35303,45,4,,1,402,,35305,45,4,,1,101,,35311,45,,,1,197,,35304,45,4,,1,307,,35312,45,,,1
100,'20260805',1030,,35358,45,,,1,294,,35351,45,4,,1,402,,35353,45,4,,1,101,,35359,45,,,1,197,,35352,45,4,,1,307,,35360,45,,,1
100,'20260806',1030,,35406,45,,,1,294,,35399,45,4,,1,402,,35401,45,4,,1,101,,35407,45,,,1,197,,35400,45,4,,1,307,,35408,45,,,1
100,'20260807',1030,,35456,45,,,1,294,,35449,45,4,,1,402,,35451,45,4,,1,101,,35457,45,,,1,197,,35450,45,4,,1,307,,35458,45,,,1
100,'20260808',1030,,35508,45,,,1,205,,35509,45,,,1,388,,35506,45,4,,1,207,,35510,45,,,1,215,,35511,45,,,1,179,,35507,45,4,,1
100,'20260809',1030,,35561,45,,,1,205,,35562,45,,,1,388,,35559,45,4,,1,207,,35563,45,,,1,215,,35564,45,,,1,179,,35560,45,4,,1
100,'20260810',1030,,35610,45,,,1,294,,35603,45,4,,1,402,,35605,45,4,,1,101,,35611,45,,,1,197,,35604,45,4,,1,307,,35612,45,,,1
100,'20260811',1030,,35658,45,,,1,294,,35651,45,4,,1,402,,35653,45,4,,1,101,,35659,45,,,1,197,,35652,45,4,,1,307,,35660,45,,,1
100,'20260812',1030,,35706,45,,,1,294,,35699,45,4,,1,402,,35701,45,4,,1,101,,35707,45,,,1,197,,35700,45,4,,1,307,,35708,45,,,1
100,'20260813',1030,,35754,45,,,1,294,,35747,45,4,,1,402,,35749,45,4,,1,101,,35755,45,,,1,197,,35748,45,4,,1,307,,35756,45,,,1
100,'20260814',1030,,35804,45,,,1,294,,35797,45,4,,1,402,,35799,45,4,,1,101,,35805,45,,,1,197,,35798,45,4,,1,307,,35806,45,,,1
100,'20260815',1030,,35856,45,,,1,205,,35857,45,,,1,388,,35854,45,4,,1,207,,35858,45,,,1,215,,35859,45,,,1,179,,35855,45,4,,1
100,'20260816',1030,,35909,45,,,1,205,,35910,45,,,1,388,,35907,45,4,,1,207,,35911,45,,,1,215,,35912,45,,,1,179,,35908,45,4,,1
100,'20260817',1030,,35958,45,,,1,294,,35951,45,4,,1,402,,35953,45,4,,1,101,,35959,45,,,1,197,,35952,45,4,,1,307,,35960,45,,,1
100,'20260818',1030,,36006,45,,,1,294,,35999,45,4,,1,402,,36001,45,4,,1,101,,36007,45,,,1,197,,36000,45,4,,1,307,,36008,45,,,1
100,'20260819',1030,,36054,45,,,1,294,,36047,45,4,,1,402,,36049,45,4,,1,101,,36055,45,,,1,197,,36048,45,4,,1,307,,36056,45,,,1
100,'20260820',1030,,36102,45,,,1,294,,36095,45,4,,1,402,,36097,45,4,,1,101,,36103,45,,,1,197,,36096,45,4,,1,307,,36104,45,,,1
100,'20260821',1030,,36152,45,,,1,294,,36145,45,4,,1,402,,36147,45,4,,1,101,,36153,45,,,1,197,,36146,45,4,,1,307,,36154,45,,,1
100,'20260822',1030,,36204,45,,,1,205,,36205,45,,,1,388,,36202,45,4,,1,207,,36206,45,,,1,215,,36207,45,,,1,179,,36203,45,4,,1
100,'20260823',1030,,36257,45,,,1,205,,36258,45,,,1,388,,36255,45,4,,1,207,,36259,45,,,1,215,,36260,45,,,1,179,,36256,45,4,,1
100,'20260824',1030,,36306,45,,,1,294,,36299,45,4,,1,402,,36301,45,4,,1,101,,36307,45,,,1,197,,36300,45,4,,1,307,,36308,45,,,1
100,'20260825',1030,,36354,45,,,1,294,,36347,45,4,,1,402,,36349,45,4,,1,101,,36355,45,,,1,197,,36348,45,4,,1,307,,36356,45,,,1
100,'20260826',1030,,36402,45,,,1,294,,36395,45,4,,1,402,,36397,45,4,,1,101,,36403,45,,,1,197,,36396,45,4,,1,307,,36404,45,,,1
100,'20260827',1030,,36450,45,,,1,294,,36443,45,4,,1,402,,36445,45,4,,1,101,,36451,45,,,1,197,,36444,45,4,,1,307,,36452,45,,,1
100,'20260828',1030,,36500,45,,,1,294,,36493,45,4,,1,402,,36495,45,4,,1,101,,36501,45,,,1,197,,36494,45,4,,1,307,,36502,45,,,1
100,'20260829',1030,,36552,45,,,1,205,,36553,45,,,1,388,,36550,45,4,,1,207,,36554,45,,,1,215,,36555,45,,,1,179,,36551,45,4,,1
100,'20260830',1030,,36605,45,,,1,205,,36606,45,,,1,388,,36603,45,4,,1,207,,36607,45,,,1,215,,36608,45,,,1,179,,36604,45,4,,1
100,'20260831',1030,,36654,45,,,1,294,,36647,45,4,,1,402,,36649,45,4,,1,101,,36655,45,,,1,197,,36648,45,4,,1,307,,36656,45,,,1
100,'20260901',1030,,36702,45,,,1,294,,36695,45,4,,1,402,,36697,45,4,,1,101,,36703,45,,,1,197,,36696,45,4,,1,307,,36704,45,,,1
100,'20260902',1030,,36750,45,,,1,294,,36743,45,4,,1,402,,36745,45,4,,1,101,,36751,45,,,1,197,,36744,45,4,,1,307,,36752,45,,,1
100,'20260903',1030,,36798,45,,,1,294,,36791,45,4,,1,402,,36793,45,4,,1,101,,36799,45,,,1,197,,36792,45,4,,1,307,,36800,45,,,1
100,'20260904',1030,,36848,45,,,1,294,,36841,45,4,,1,402,,36843,45,4,,1,101,,36849,45,,,1,197,,36842,45,4,,1,307,,36850,45,,,1
101,'20260528',550,,19231,1,,,1,101,,19232,1,,,1,87,,19237,14,,,1,372,,19229,1,,,1,293,,19238,14,,,1,506,,19230,1,,,1,192,,19239,14,,,1
101,'20260529',550,,19281,1,,,1,101,,19282,1,,,1,87,,19287,14,,,1,372,,19279,1,,,1,293,,19288,14,,,1,506,,19280,1,,,1,192,,19289,14,,,1
101,'20260530',1258,,19340,14,0,10,1,442,,19341,14,0,10,1,358,,19342,14,0,10,1,242,,19343,14,0,10,1
101,'20260531',1258,,19393,14,0,10,1,442,,19394,14,0,10,1,358,,19395,14,0,10,1,242,,19396,14,0,10,1
101,'20260601',548,,19436,1,,,1,101,,19437,1,,,1,87,,19442,14,,,1,372,,19434,1,,,1,293,,19443,14,,,1,506,,19435,1,,,1,152,,19444,14,,,1
101,'20260602',549,,19484,1,,,1,101,,19485,1,,,1,87,,19490,14,,,1,372,,19482,1,,,1,292,,19491,14,,,1,507,,19483,1,,,1,151,,19492,14,,,1
101,'20260603',549,,19532,1,,,1,101,,19533,1,,,1,87,,19538,14,,,1,372,,19530,1,,,1,292,,19539,14,,,1,507,,19531,1,,,1,151,,19540,14,,,1
101,'20260604',549,,19580,1,,,1,101,,19581,1,,,1,87,,19586,14,,,1,372,,19578,1,,,1,292,,19587,14,,,1,507,,19579,1,,,1,151,,19588,14,,,1
101,'20260605',549,,19630,1,,,1,101,,19631,1,,,1,87,,19636,14,,,1,372,,19628,1,,,1,292,,19637,14,,,1,507,,19629,1,,,1,151,,19638,14,,,1
101,'20260606',737,,19685,1,,,1,100,,19686,1,,,1,98,,36903,1,,,1,202,,36904,1,,,1,163,,19689,14,,,1,425,,19690,14,,,1,212,,36905,1,,,1,164,,19691,14,,,1,231,,19692,14,,,1
101,'20260607',737,,36940,1,,,1,100,,36941,1,,,1,98,,36942,1,,,1,202,,36943,1,,,1,163,,19742,14,,,1,425,,19743,14,,,1,212,,36944,1,,,1,164,,19744,14,,,1,231,,19745,14,,,1
101,'20260608',550,,19785,1,,,1,101,,19786,1,,,1,87,,19791,14,,,1,372,,19783,1,,,1,293,,19792,14,,,1,506,,19784,1,,,1,192,,19793,14,,,1
101,'20260609',550,,19833,1,,,1,101,,19834,1,,,1,87,,19839,14,,,1,372,,19831,1,,,1,293,,19840,14,,,1,506,,19832,1,,,1,192,,19841,14,,,1
101,'20260610',550,,19881,1,,,1,101,,19882,1,,,1,87,,19887,14,,,1,371,,19879,1,,,1,294,,19888,14,,,1,506,,19880,1,,,1,206,,19889,14,,,1
101,'20260611',550,,19929,1,,,1,101,,19930,1,,,1,87,,19935,14,,,1,371,,19927,1,,,1,294,,19936,14,,,1,506,,19928,1,,,1,206,,19937,14,,,1
101,'20260612',550,,19979,1,,,1,101,,19980,1,,,1,87,,19985,14,,,1,371,,19977,1,,,1,205,,37024,14,,,1,595,,19978,1,,,1,206,,19987,14,,,1
101,'20260613',707,,37085,1,,,1,100,,37086,1,,,1,100,,37087,1,,,1,200,,37088,1,,,1,151,,37090,14,,,1,442,,37091,14,,,1,207,,37089,1,,,1,151,,37092,14,,,1,242,,37093,14,,,1
101,'20260614',707,,37139,1,,,1,100,,37140,1,,,1,100,,37141,1,,,1,200,,37142,1,,,1,151,,37144,14,,,1,442,,37145,14,,,1,207,,37143,1,,,1,151,,37146,14,,,1,242,,37147,14,,,1
101,'20260615',550,,37207,1,,,1,101,,37208,1,,,1,87,,37213,14,,,1,371,,37205,1,,,1,294,,37214,14,,,1,506,,37206,1,,,1,206,,37215,14,,,1
101,'20260616',550,,37286,1,,,1,101,,37287,1,,,1,87,,37292,14,,,1,371,,37284,1,,,1,294,,37293,14,,,1,506,,37285,1,,,1,206,,37294,14,,,1
101,'20260617',550,,37365,1,,,1,101,,37366,1,,,1,87,,37371,14,,,1,371,,37363,1,,,1,294,,37372,14,,,1,506,,37364,1,,,1,206,,37373,14,,,1
101,'20260618',550,,37444,1,,,1,101,,37445,1,,,1,87,,37450,14,,,1,371,,37442,1,,,1,294,,37451,14,,,1,506,,37443,1,,,1,206,,37452,14,,,1
101,'20260619',550,,37523,1,,,1,101,,37524,1,,,1,87,,37529,14,,,1,371,,37521,1,,,1,294,,37530,14,,,1,506,,37522,1,,,1,206,,37531,14,,,1
101,'20260620',707,,37588,1,,,1,100,,37589,1,,,1,100,,37590,1,,,1,200,,37591,1,,,1,151,,37593,14,,,1,442,,37594,14,,,1,207,,37592,1,,,1,151,,37595,14,,,1,242,,37596,14,,,1
101,'20260621',707,,37645,1,,,1,100,,37646,1,,,1,100,,37647,1,,,1,200,,37648,1,,,1,151,,37650,14,,,1,442,,37651,14,,,1,207,,37649,1,,,1,151,,37652,14,,,1,242,,37653,14,,,1
101,'20260622',550,,37713,1,,,1,101,,37714,1,,,1,87,,37719,14,,,1,371,,37711,1,,,1,294,,37720,14,,,1,506,,37712,1,,,1,206,,37721,14,,,1
101,'20260623',550,,37792,1,,,1,101,,37793,1,,,1,87,,37798,14,,,1,371,,37790,1,,,1,294,,37799,14,,,1,506,,37791,1,,,1,206,,37800,14,,,1
101,'20260624',550,,37871,1,,,1,101,,37872,1,,,1,87,,37877,14,,,1,371,,37869,1,,,1,294,,37878,14,,,1,506,,37870,1,,,1,206,,37879,14,,,1
101,'20260625',550,,37950,1,,,1,101,,37951,1,,,1,87,,37956,14,,,1,371,,37948,1,,,1,294,,37957,14,,,1,506,,37949,1,,,1,206,,37958,14,,,1
101,'20260626',550,,38028,1,,,1,101,,38029,1,,,1,87,,38034,14,,,1,371,,38026,1,,,1,205,,38035,14,,,1,595,,38027,1,,,1,206,,38036,14,,,1
101,'20260627',707,,38097,1,,,1,100,,38098,1,,,1,100,,38099,1,,,1,200,,38100,1,,,1,151,,38102,14,,,1,442,,38103,14,,,1,207,,38101,1,,,1,151,,38104,14,,,1,242,,38105,14,,,1
101,'20260628',707,,38151,1,,,1,100,,38152,1,,,1,100,,38153,1,,,1,200,,38154,1,,,1,151,,38156,14,,,1,442,,38157,14,,,1,207,,38155,1,,,1,151,,38158,14,,,1,242,,38159,14,,,1
101,'20260629',550,,38219,1,,,1,101,,38220,1,,,1,87,,38225,14,,,1,371,,38217,1,,,1,294,,38226,14,,,1,506,,38218,1,,,1,206,,38227,14,,,1
101,'20260630',550,,38298,1,,,1,101,,38299,1,,,1,87,,38304,14,,,1,371,,38296,1,,,1,294,,38305,14,,,1,506,,38297,1,,,1,206,,38306,14,,,1
101,'20260701',707,,38363,1,,,1,100,,38364,1,,,1,100,,38365,1,,,1,200,,38366,1,,,1,151,,38368,14,,,1,442,,38369,14,,,1,207,,38367,1,,,1,151,,38370,14,,,1,242,,38371,14,,,1
101,'20260702',550,,38431,1,,,1,101,,38432,1,,,1,87,,38437,14,,,1,371,,38429,1,,,1,294,,38438,14,,,1,506,,38430,1,,,1,206,,38439,14,,,1
101,'20260703',550,,38510,1,,,1,101,,38511,1,,,1,87,,38516,14,,,1,371,,38508,1,,,1,294,,38517,14,,,1,506,,38509,1,,,1,206,,38518,14,,,1
101,'20260704',707,,38575,1,,,1,100,,38576,1,,,1,100,,38577,1,,,1,200,,38578,1,,,1,151,,38580,14,,,1,442,,38581,14,,,1,207,,38579,1,,,1,151,,38582,14,,,1,242,,38583,14,,,1
101,'20260705',707,,38629,1,,,1,100,,38630,1,,,1,100,,38631,1,,,1,200,,38632,1,,,1,151,,38634,14,,,1,442,,38635,14,,,1,207,,38633,1,,,1,151,,38636,14,,,1,242,,38637,14,,,1
101,'20260706',550,,38677,1,,,1,101,,38678,1,,,1,87,,38683,14,,,1,372,,38675,1,,,1,293,,38684,14,,,1,506,,38676,1,,,1,192,,38685,14,,,1
101,'20260707',550,,38725,1,,,1,101,,38726,1,,,1,87,,38731,14,,,1,372,,38723,1,,,1,293,,38732,14,,,1,506,,38724,1,,,1,192,,38733,14,,,1
101,'20260708',550,,38773,1,,,1,101,,38774,1,,,1,87,,38779,14,,,1,372,,38771,1,,,1,293,,38780,14,,,1,506,,38772,1,,,1,192,,38781,14,,,1
101,'20260709',550,,38821,1,,,1,101,,38822,1,,,1,87,,38827,14,,,1,372,,38819,1,,,1,293,,38828,14,,,1,506,,38820,1,,,1,192,,38829,14,,,1
101,'20260710',550,,38871,1,,,1,101,,38872,1,,,1,87,,38877,14,,,1,372,,38869,1,,,1,293,,38878,14,,,1,506,,38870,1,,,1,192,,38879,14,,,1
101,'20260711',707,,38925,1,,,1,100,,38926,1,,,1,100,,38927,1,,,1,200,,38928,1,,,1,151,,38930,14,,,1,442,,38931,14,,,1,207,,38929,1,,,1,151,,38932,14,,,1,242,,38933,14,,,1
101,'20260712',707,,38979,1,,,1,100,,38980,1,,,1,100,,38981,1,,,1,200,,38982,1,,,1,151,,38984,14,,,1,442,,38985,14,,,1,207,,38983,1,,,1,151,,38986,14,,,1,242,,38987,14,,,1
101,'20260713',550,,39027,1,,,1,101,,39028,1,,,1,87,,39033,14,,,1,372,,39025,1,,,1,293,,39034,14,,,1,506,,39026,1,,,1,192,,39035,14,,,1
101,'20260714',550,,39075,1,,,1,101,,39076,1,,,1,87,,39081,14,,,1,372,,39073,1,,,1,293,,39082,14,,,1,506,,39074,1,,,1,192,,39083,14,,,1
101,'20260715',550,,39123,1,,,1,101,,39124,1,,,1,87,,39129,14,,,1,372,,39121,1,,,1,293,,39130,14,,,1,506,,39122,1,,,1,192,,39131,14,,,1
101,'20260716',550,,39171,1,,,1,101,,39172,1,,,1,87,,39177,14,,,1,372,,39169,1,,,1,293,,39178,14,,,1,506,,39170,1,,,1,192,,39179,14,,,1
101,'20260717',550,,39221,1,,,1,101,,39222,1,,,1,87,,39227,14,,,1,372,,39219,1,,,1,293,,39228,14,,,1,506,,39220,1,,,1,192,,39229,14,,,1
101,'20260718',707,,39275,1,,,1,100,,39276,1,,,1,100,,39277,1,,,1,200,,39278,1,,,1,151,,39280,14,,,1,442,,39281,14,,,1,207,,39279,1,,,1,151,,39282,14,,,1,242,,39283,14,,,1
101,'20260719',707,,39329,1,,,1,100,,39330,1,,,1,100,,39331,1,,,1,200,,39332,1,,,1,151,,39334,14,,,1,442,,39335,14,,,1,207,,39333,1,,,1,151,,39336,14,,,1,242,,39337,14,,,1
101,'20260720',550,,39377,1,,,1,101,,39378,1,,,1,87,,39383,14,,,1,372,,39375,1,,,1,293,,39384,14,,,1,506,,39376,1,,,1,192,,39385,14,,,1
101,'20260721',550,,39425,1,,,1,101,,39426,1,,,1,87,,39431,14,,,1,372,,39423,1,,,1,293,,39432,14,,,1,506,,39424,1,,,1,192,,39433,14,,,1
101,'20260722',550,,39473,1,,,1,101,,39474,1,,,1,87,,39479,14,,,1,372,,39471,1,,,1,293,,39480,14,,,1,506,,39472,1,,,1,192,,39481,14,,,1
101,'20260723',550,,39521,1,,,1,101,,39522,1,,,1,87,,39527,14,,,1,372,,39519,1,,,1,293,,39528,14,,,1,506,,39520,1,,,1,192,,39529,14,,,1
101,'20260724',550,,39571,1,,,1,101,,39572,1,,,1,87,,39577,14,,,1,372,,39569,1,,,1,293,,39578,14,,,1,506,,39570,1,,,1,192,,39579,14,,,1
101,'20260725',707,,39625,1,,,1,100,,39626,1,,,1,100,,39627,1,,,1,200,,39628,1,,,1,151,,39630,14,,,1,442,,39631,14,,,1,207,,39629,1,,,1,151,,39632,14,,,1,242,,39633,14,,,1
101,'20260726',707,,39679,1,,,1,100,,39680,1,,,1,100,,39681,1,,,1,200,,39682,1,,,1,151,,39684,14,,,1,442,,39685,14,,,1,207,,39683,1,,,1,151,,39686,14,,,1,242,,39687,14,,,1
101,'20260727',550,,39727,1,,,1,101,,39728,1,,,1,87,,39733,14,,,1,372,,39725,1,,,1,293,,39734,14,,,1,506,,39726,1,,,1,192,,39735,14,,,1
101,'20260728',550,,39775,1,,,1,101,,39776,1,,,1,87,,39781,14,,,1,372,,39773,1,,,1,293,,39782,14,,,1,506,,39774,1,,,1,192,,39783,14,,,1
101,'20260729',550,,39823,1,,,1,101,,39824,1,,,1,87,,39829,14,,,1,372,,39821,1,,,1,293,,39830,14,,,1,506,,39822,1,,,1,192,,39831,14,,,1
101,'20260730',550,,39871,1,,,1,101,,39872,1,,,1,87,,39877,14,,,1,372,,39869,1,,,1,293,,39878,14,,,1,506,,39870,1,,,1,192,,39879,14,,,1
101,'20260731',550,,39921,1,,,1,101,,39922,1,,,1,87,,39927,14,,,1,372,,39919,1,,,1,293,,39928,14,,,1,506,,39920,1,,,1,192,,39929,14,,,1
101,'20260801',707,,39975,1,,,1,100,,39976,1,,,1,100,,39977,1,,,1,200,,39978,1,,,1,151,,39980,14,,,1,442,,39981,14,,,1,207,,39979,1,,,1,151,,39982,14,,,1,242,,39983,14,,,1
101,'20260802',707,,40029,1,,,1,100,,40030,1,,,1,100,,40031,1,,,1,200,,40032,1,,,1,151,,40034,14,,,1,442,,40035,14,,,1,207,,40033,1,,,1,151,,40036,14,,,1,242,,40037,14,,,1
101,'20260803',550,,40077,1,,,1,101,,40078,1,,,1,87,,40083,14,,,1,372,,40075,1,,,1,293,,40084,14,,,1,506,,40076,1,,,1,192,,40085,14,,,1
101,'20260804',550,,40125,1,,,1,101,,40126,1,,,1,87,,40131,14,,,1,372,,40123,1,,,1,293,,40132,14,,,1,506,,40124,1,,,1,192,,40133,14,,,1
101,'20260805',550,,40173,1,,,1,101,,40174,1,,,1,87,,40179,14,,,1,372,,40171,1,,,1,293,,40180,14,,,1,506,,40172,1,,,1,192,,40181,14,,,1
101,'20260806',550,,40221,1,,,1,101,,40222,1,,,1,87,,40227,14,,,1,372,,40219,1,,,1,293,,40228,14,,,1,506,,40220,1,,,1,192,,40229,14,,,1
101,'20260807',550,,40271,1,,,1,101,,40272,1,,,1,87,,40277,14,,,1,372,,40269,1,,,1,293,,40278,14,,,1,506,,40270,1,,,1,192,,40279,14,,,1
101,'20260808',707,,40325,1,,,1,100,,40326,1,,,1,100,,40327,1,,,1,200,,40328,1,,,1,151,,40330,14,,,1,442,,40331,14,,,1,207,,40329,1,,,1,151,,40332,14,,,1,242,,40333,14,,,1
101,'20260809',707,,40379,1,,,1,100,,40380,1,,,1,100,,40381,1,,,1,200,,40382,1,,,1,151,,40384,14,,,1,442,,40385,14,,,1,207,,40383,1,,,1,151,,40386,14,,,1,242,,40387,14,,,1
101,'20260810',550,,40427,1,,,1,101,,40428,1,,,1,87,,40433,14,,,1,372,,40425,1,,,1,293,,40434,14,,,1,506,,40426,1,,,1,192,,40435,14,,,1
101,'20260811',550,,40475,1,,,1,101,,40476,1,,,1,87,,40481,14,,,1,372,,40473,1,,,1,293,,40482,14,,,1,506,,40474,1,,,1,192,,40483,14,,,1
101,'20260812',550,,40523,1,,,1,101,,40524,1,,,1,87,,40529,14,,,1,372,,40521,1,,,1,293,,40530,14,,,1,506,,40522,1,,,1,192,,40531,14,,,1
101,'20260813',550,,40571,1,,,1,101,,40572,1,,,1,87,,40577,14,,,1,372,,40569,1,,,1,293,,40578,14,,,1,506,,40570,1,,,1,192,,40579,14,,,1
101,'20260814',550,,40621,1,,,1,101,,40622,1,,,1,87,,40627,14,,,1,372,,40619,1,,,1,293,,40628,14,,,1,506,,40620,1,,,1,192,,40629,14,,,1
101,'20260815',707,,40675,1,,,1,100,,40676,1,,,1,100,,40677,1,,,1,200,,40678,1,,,1,151,,40680,14,,,1,442,,40681,14,,,1,207,,40679,1,,,1,151,,40682,14,,,1,242,,40683,14,,,1
101,'20260816',707,,40729,1,,,1,100,,40730,1,,,1,100,,40731,1,,,1,200,,40732,1,,,1,151,,40734,14,,,1,442,,40735,14,,,1,207,,40733,1,,,1,151,,40736,14,,,1,242,,40737,14,,,1
101,'20260817',550,,40777,1,,,1,101,,40778,1,,,1,87,,40783,14,,,1,372,,40775,1,,,1,293,,40784,14,,,1,506,,40776,1,,,1,192,,40785,14,,,1
101,'20260818',550,,40825,1,,,1,101,,40826,1,,,1,87,,40831,14,,,1,372,,40823,1,,,1,293,,40832,14,,,1,506,,40824,1,,,1,192,,40833,14,,,1
101,'20260819',550,,40873,1,,,1,101,,40874,1,,,1,87,,40879,14,,,1,372,,40871,1,,,1,293,,40880,14,,,1,506,,40872,1,,,1,192,,40881,14,,,1
101,'20260820',550,,40921,1,,,1,101,,40922,1,,,1,87,,40927,14,,,1,372,,40919,1,,,1,293,,40928,14,,,1,506,,40920,1,,,1,192,,40929,14,,,1
101,'20260821',550,,40971,1,,,1,101,,40972,1,,,1,87,,40977,14,,,1,372,,40969,1,,,1,293,,40978,14,,,1,506,,40970,1,,,1,192,,40979,14,,,1
101,'20260822',707,,41025,1,,,1,100,,41026,1,,,1,100,,41027,1,,,1,200,,41028,1,,,1,151,,41030,14,,,1,442,,41031,14,,,1,207,,41029,1,,,1,151,,41032,14,,,1,242,,41033,14,,,1
101,'20260823',707,,41079,1,,,1,100,,41080,1,,,1,100,,41081,1,,,1,200,,41082,1,,,1,151,,41084,14,,,1,442,,41085,14,,,1,207,,41083,1,,,1,151,,41086,14,,,1,242,,41087,14,,,1
101,'20260824',550,,41127,1,,,1,101,,41128,1,,,1,87,,41133,14,,,1,372,,41125,1,,,1,293,,41134,14,,,1,506,,41126,1,,,1,192,,41135,14,,,1
101,'20260825',550,,41175,1,,,1,101,,41176,1,,,1,87,,41181,14,,,1,372,,41173,1,,,1,293,,41182,14,,,1,506,,41174,1,,,1,192,,41183,14,,,1
101,'20260826',550,,41223,1,,,1,101,,41224,1,,,1,87,,41229,14,,,1,372,,41221,1,,,1,293,,41230,14,,,1,506,,41222,1,,,1,192,,41231,14,,,1
101,'20260827',550,,41271,1,,,1,101,,41272,1,,,1,87,,41277,14,,,1,372,,41269,1,,,1,293,,41278,14,,,1,506,,41270,1,,,1,192,,41279,14,,,1
101,'20260828',550,,41321,1,,,1,101,,41322,1,,,1,87,,41327,14,,,1,372,,41319,1,,,1,293,,41328,14,,,1,506,,41320,1,,,1,192,,41329,14,,,1
101,'20260829',707,,41375,1,,,1,100,,41376,1,,,1,100,,41377,1,,,1,200,,41378,1,,,1,151,,41380,14,,,1,442,,41381,14,,,1,207,,41379,1,,,1,151,,41382,14,,,1,242,,41383,14,,,1
101,'20260830',707,,41429,1,,,1,100,,41430,1,,,1,100,,41431,1,,,1,200,,41432,1,,,1,151,,41434,14,,,1,442,,41435,14,,,1,207,,41433,1,,,1,151,,41436,14,,,1,242,,41437,14,,,1
101,'20260831',550,,41477,1,,,1,101,,41478,1,,,1,87,,41483,14,,,1,372,,41475,1,,,1,293,,41484,14,,,1,506,,41476,1,,,1,192,,41485,14,,,1
101,'20260901',550,,41525,1,,,1,101,,41526,1,,,1,87,,41531,14,,,1,372,,41523,1,,,1,293,,41532,14,,,1,506,,41524,1,,,1,192,,41533,14,,,1
101,'20260902',550,,41573,1,,,1,101,,41574,1,,,1,87,,41579,14,,,1,372,,41571,1,,,1,293,,41580,14,,,1,506,,41572,1,,,1,192,,41581,14,,,1
101,'20260903',550,,41621,1,,,1,101,,41622,1,,,1,87,,41627,14,,,1,372,,41619,1,,,1,293,,41628,14,,,1,506,,41620,1,,,1,192,,41629,14,,,1
101,'20260904',550,,41671,1,,,1,101,,41672,1,,,1,87,,41677,14,,,1,372,,41669,1,,,1,293,,41678,14,,,1,506,,41670,1,,,1,192,,41679,14,,,1
