300,'20260716',1036,,44048,29,0,35,1,300,,44049,29,0,35,1,300,,44050,29,0,35,1,79,,44045,29,0,35,1,23,,44043,29,4,,1,8,,63778,29,,,1,62,,44044,29,4,,1,8,,44046,29,0,35,1,31,,44055,29,0,35,1,67,,44047,29,0,35,1,322,,44051,29,0,35,1,100,,44052,29,0,35,1
300,'20260717',1036,,44088,29,0,35,1,300,,44089,29,0,35,1,300,,44090,29,0,35,1,79,,44085,29,0,35,1,23,,44083,29,4,,1,8,,63779,29,,,1,62,,44084,29,4,,1,8,,44086,29,0,35,1,31,,44095,29,0,35,1,67,,44087,29,0,35,1,322,,44091,29,0,35,1,100,,44092,29,0,35,1
300,'20260718',1749,,44119,29,0,35,1,600,,44120,29,0,35,1
300,'20260719',1749,,44144,29,0,35,1,600,,44145,29,0,35,1
300,'20260720',1036,,44178,29,0,35,1,300,,44179,29,0,35,1,300,,44180,29,0,35,1,79,,44175,29,0,35,1,23,,44173,29,4,,1,8,,63782,29,,,1,62,,44174,29,4,,1,8,,44176,29,0,35,1,31,,44185,29,0,35,1,67,,44177,29,0,35,1,322,,44181,29,0,35,1,100,,44182,29,0,35,1
300,'20260721',1036,,44218,29,0,35,1,300,,44219,29,0,35,1,300,,44220,29,0,35,1,79,,44215,29,0,35,1,23,,44213,29,4,,1,8,,63783,29,,,1,62,,44214,29,4,,1,8,,44216,29,0,35,1,31,,44225,29,0,35,1,67,,44217,29,0,35,1,322,,44221,29,0,35,1,100,,44222,29,0,35,1
300,'20260722',1036,,44258,29,0,35,1,300,,44259,29,0,35,1,300,,44260,29,0,35,1,79,,44255,29,0,35,1,23,,44253,29,4,,1,8,,63784,29,,,1,62,,44254,29,4,,1,8,,44256,29,0,35,1,31,,44265,29,0,35,1,67,,44257,29,0,35,1,322,,44261,29,0,35,1,100,,44262,29,0,35,1
300,'20260723',1036,,44298,29,0,35,1,300,,44299,29,0,35,1,300,,44300,29,0,35,1,79,,44295,29,0,35,1,23,,44293,29,4,,1,8,,63785,29,,,1,62,,44294,29,4,,1,8,,44296,29,0,35,1,31,,44305,29,0,35,1,67,,44297,29,0,35,1,322,,44301,29,0,35,1,100,,44302,29,0,35,1
300,'20260724',1036,,44338,29,0,35,1,300,,44339,29,0,35,1,300,,44340,29,0,35,1,79,,44335,29,0,35,1,23,,44333,29,4,,1,8,,63786,29,,,1,62,,44334,29,4,,1,8,,44336,29,0,35,1,31,,44345,29,0,35,1,67,,44337,29,0,35,1,321,,44341,29,4,,1,101,,44342,29,0,35,1
300,'20260727',1036,,44428,29,0,35,1,300,,44429,29,0,35,1,300,,44430,29,0,35,1,79,,44425,29,0,35,1,23,,44423,29,4,,1,8,,63789,29,,,1,62,,44424,29,4,,1,8,,44426,29,0,35,1,31,,44435,29,0,35,1,67,,44427,29,0,35,1,322,,44431,29,0,35,1,100,,44432,29,0,35,1
300,'20260728',1036,,44468,29,0,35,1,300,,44469,29,0,35,1,300,,44470,29,0,35,1,79,,44465,29,0,35,1,23,,44463,29,4,,1,8,,63790,29,,,1,62,,44464,29,4,,1,8,,44466,29,0,35,1,31,,44475,29,0,35,1,67,,44467,29,0,35,1,322,,44471,29,0,35,1,100,,44472,29,0,35,1
300,'20260729',1036,,44508,29,0,35,1,300,,44509,29,0,35,1,300,,44510,29,0,35,1,79,,44505,29,0,35,1,23,,44503,29,4,,1,8,,63791,29,,,1,62,,44504,29,4,,1,8,,44506,29,0,35,1,31,,44515,29,0,35,1,67,,44507,29,0,35,1,322,,44511,29,0,35,1,100,,44512,29,0,35,1
300,'20260730',1036,,44548,29,0,35,1,300,,44549,29,0,35,1,300,,44550,29,0,35,1,79,,44545,29,0,35,1,23,,44543,29,4,,1,8,,63792,29,,,1,62,,44544,29,4,,1,8,,44546,29,0,35,1,31,,44555,29,0,35,1,67,,44547,29,0,35,1,322,,44551,29,0,35,1,100,,44552,29,0,35,1
300,'20260731',1036,,44588,29,0,35,1,300,,44589,29,0,35,1,300,,44590,29,0,35,1,79,,44585,29,0,35,1,23,,44583,29,4,,1,8,,63793,29,,,1,62,,44584,29,4,,1,8,,44586,29,0,35,1,31,,44595,29,0,35,1,67,,44587,29,0,35,1,322,,44591,29,0,35,1,100,,44592,29,0,35,1
300,'20260801',1749,,44619,29,0,35,1,600,,44620,29,0,35,1
300,'20260802',1749,,44644,29,0,35,1,600,,44645,29,0,35,1
300,'20260803',1749,,64170,29,0,35,1,600,,44682,29,0,35,1
300,'20260804',1036,,44718,29,0,35,1,300,,44719,29,0,35,1,300,,44720,29,0,35,1,79,,44715,29,0,35,1,23,,44713,29,4,,1,8,,63797,29,,,1,62,,44714,29,4,,1,8,,44716,29,0,35,1,31,,44725,29,0,35,1,67,,44717,29,0,35,1,322,,44721,29,0,35,1,100,,44722,29,0,35,1
300,'20260805',1036,,44758,29,0,35,1,300,,44759,29,0,35,1,300,,44760,29,0,35,1,79,,44755,29,0,35,1,23,,44753,29,4,,1,8,,63798,29,,,1,62,,44754,29,4,,1,8,,44756,29,0,35,1,31,,44765,29,0,35,1,67,,44757,29,0,35,1,322,,44761,29,0,35,1,100,,44762,29,0,35,1
300,'20260806',1036,,44798,29,0,35,1,300,,44799,29,0,35,1,300,,44800,29,0,35,1,79,,44795,29,0,35,1,23,,44793,29,4,,1,8,,63799,29,,,1,62,,44794,29,4,,1,8,,44796,29,0,35,1,31,,44805,29,0,35,1,67,,44797,29,0,35,1,322,,44801,29,0,35,1,100,,44802,29,0,35,1
300,'20260807',1036,,44838,29,0,35,1,300,,44839,29,0,35,1,300,,44840,29,0,35,1,79,,44835,29,0,35,1,23,,44833,29,4,,1,8,,63800,29,,,1,62,,44834,29,4,,1,8,,44836,29,0,35,1,31,,44845,29,0,35,1,67,,44837,29,0,35,1,322,,44841,29,0,35,1,100,,44842,29,0,35,1
300,'20260808',1749,,44869,29,0,35,1,600,,44870,29,0,35,1
300,'20260809',1749,,44894,29,0,35,1,600,,44895,29,0,35,1
300,'20260810',1036,,64899,29,0,35,1,300,,64900,29,0,35,1,300,,64901,29,0,35,1,79,,64896,29,0,35,1,23,,64894,29,4,,1,8,,64905,29,,,1,62,,64895,29,4,,1,8,,64897,29,0,35,1,31,,64904,29,0,35,1,67,,64898,29,0,35,1,322,,64902,29,0,35,1,100,,44932,29,0,35,1
300,'20260811',1036,,44968,29,0,35,1,300,,44969,29,0,35,1,300,,44970,29,0,35,1,79,,44965,29,0,35,1,23,,44963,29,4,,1,8,,63804,29,,,1,62,,44964,29,4,,1,8,,44966,29,0,35,1,31,,44975,29,0,35,1,67,,44967,29,0,35,1,322,,44971,29,0,35,1,100,,44972,29,0,35,1
300,'20260812',1036,,45008,29,0,35,1,300,,45009,29,0,35,1,300,,45010,29,0,35,1,79,,45005,29,0,35,1,23,,45003,29,4,,1,8,,63805,29,,,1,62,,45004,29,4,,1,8,,45006,29,0,35,1,31,,45015,29,0,35,1,67,,45007,29,0,35,1,322,,45011,29,0,35,1,100,,45012,29,0,35,1
300,'20260813',1036,,45048,29,0,35,1,300,,45049,29,0,35,1,300,,45050,29,0,35,1,79,,45045,29,0,35,1,23,,45043,29,4,,1,8,,63806,29,,,1,62,,45044,29,4,,1,8,,45046,29,0,35,1,31,,45055,29,0,35,1,67,,45047,29,0,35,1,322,,45051,29,0,35,1,100,,45052,29,0,35,1
300,'20260814',1036,,45088,29,0,35,1,300,,45089,29,0,35,1,300,,45090,29,0,35,1,79,,45085,29,0,35,1,23,,45083,29,4,,1,8,,63807,29,,,1,62,,45084,29,4,,1,8,,45086,29,0,35,1,31,,45095,29,0,35,1,67,,45087,29,0,35,1,322,,45091,29,0,35,1,100,,45092,29,0,35,1
300,'20260815',1749,,45119,29,0,35,1,600,,45120,29,0,35,1
300,'20260816',1749,,45144,29,0,35,1,600,,45145,29,0,35,1
300,'20260817',1036,,64930,29,0,35,1,300,,64931,29,0,35,1,300,,64932,29,0,35,1,79,,64927,29,0,35,1,23,,64925,29,4,,1,8,,64936,29,,,1,62,,64926,29,4,,1,8,,64928,29,0,35,1,31,,64935,29,0,35,1,67,,64929,29,0,35,1,322,,64933,29,0,35,1,100,,45182,29,0,35,1
300,'20260818',1036,,45218,29,0,35,1,300,,45219,29,0,35,1,300,,45220,29,0,35,1,79,,45215,29,0,35,1,23,,45213,29,4,,1,8,,63811,29,,,1,62,,45214,29,4,,1,8,,45216,29,0,35,1,31,,45225,29,0,35,1,67,,45217,29,0,35,1,322,,45221,29,0,35,1,100,,45222,29,0,35,1
300,'20260819',1036,,45258,29,0,35,1,300,,45259,29,0,35,1,300,,45260,29,0,35,1,79,,45255,29,0,35,1,23,,45253,29,4,,1,8,,63812,29,,,1,62,,45254,29,4,,1,8,,45256,29,0,35,1,31,,45265,29,0,35,1,67,,45257,29,0,35,1,322,,45261,29,0,35,1,100,,45262,29,0,35,1
300,'20260820',1036,,45298,29,0,35,1,300,,45299,29,0,35,1,300,,45300,29,0,35,1,79,,45295,29,0,35,1,23,,45293,29,4,,1,8,,63813,29,,,1,62,,45294,29,4,,1,8,,45296,29,0,35,1,31,,45305,29,0,35,1,67,,45297,29,0,35,1,322,,45301,29,0,35,1,100,,45302,29,0,35,1
300,'20260821',1036,,45338,29,0,35,1,300,,45339,29,0,35,1,300,,45340,29,0,35,1,79,,45335,29,0,35,1,23,,45333,29,4,,1,8,,63814,29,,,1,62,,45334,29,4,,1,8,,45336,29,0,35,1,31,,45345,29,0,35,1,67,,45337,29,0,35,1,322,,45341,29,0,35,1,100,,45342,29,0,35,1
300,'20260822',1749,,45369,29,0,35,1,600,,45370,29,0,35,1
300,'20260823',1749,,45394,29,0,35,1,600,,45395,29,0,35,1
300,'20260824',1036,,64961,29,0,35,1,300,,64962,29,0,35,1,300,,64963,29,0,35,1,79,,64958,29,0,35,1,23,,64956,29,4,,1,8,,64967,29,,,1,62,,64957,29,4,,1,8,,64959,29,0,35,1,31,,64966,29,0,35,1,67,,64960,29,0,35,1,322,,64964,29,0,35,1,100,,45432,29,0,35,1
300,'20260825',1036,,45468,29,0,35,1,300,,45469,29,0,35,1,300,,45470,29,0,35,1,79,,45465,29,0,35,1,23,,45463,29,4,,1,8,,63818,29,,,1,62,,45464,29,4,,1,8,,45466,29,0,35,1,31,,45475,29,0,35,1,67,,45467,29,0,35,1,322,,45471,29,0,35,1,100,,45472,29,0,35,1
300,'20260826',1036,,45508,29,0,35,1,300,,45509,29,0,35,1,300,,45510,29,0,35,1,79,,45505,29,0,35,1,23,,45503,29,4,,1,8,,63819,29,,,1,62,,45504,29,4,,1,8,,45506,29,0,35,1,31,,45515,29,0,35,1,67,,45507,29,0,35,1,322,,45511,29,0,35,1,100,,45512,29,0,35,1
300,'20260827',1036,,45548,29,0,35,1,300,,45549,29,0,35,1,300,,45550,29,0,35,1,79,,45545,29,0,35,1,23,,45543,29,4,,1,8,,63820,29,,,1,62,,45544,29,4,,1,8,,45546,29,0,35,1,31,,45555,29,0,35,1,67,,45547,29,0,35,1,322,,45551,29,0,35,1,100,,45552,29,0,35,1
300,'20260828',1036,,45588,29,0,35,1,300,,45589,29,0,35,1,300,,45590,29,0,35,1,79,,45585,29,0,35,1,23,,45583,29,4,,1,8,,63821,29,,,1,62,,45584,29,4,,1,8,,45586,29,0,35,1,31,,45595,29,0,35,1,67,,45587,29,0,35,1,322,,45591,29,0,35,1,100,,45592,29,0,35,1
300,'20260829',1749,,45619,29,0,35,1,600,,45620,29,0,35,1
300,'20260830',1749,,45644,29,0,35,1,600,,45645,29,0,35,1
300,'20260831',1036,,64992,29,0,35,1,300,,64993,29,0,35,1,300,,64994,29,0,35,1,79,,64989,29,0,35,1,23,,64987,29,4,,1,8,,64998,29,,,1,62,,64988,29,4,,1,8,,64990,29,0,35,1,31,,64997,29,0,35,1,67,,64991,29,0,35,1,322,,64995,29,0,35,1,100,,45682,29,0,35,1
300,'20260901',1036,,45718,29,0,35,1,300,,45719,29,0,35,1,300,,45720,29,0,35,1,79,,45715,29,0,35,1,23,,45713,29,4,,1,8,,63825,29,,,1,62,,45714,29,4,,1,8,,45716,29,0,35,1,31,,45725,29,0,35,1,67,,45717,29,0,35,1,322,,45721,29,0,35,1,100,,45722,29,0,35,1
300,'20260902',1036,,45758,29,0,35,1,300,,45759,29,0,35,1,300,,45760,29,0,35,1,79,,45755,29,0,35,1,23,,45753,29,4,,1,8,,63826,29,,,1,62,,45754,29,4,,1,8,,45756,29,0,35,1,31,,45765,29,0,35,1,67,,45757,29,0,35,1,322,,45761,29,0,35,1,100,,45762,29,0,35,1
300,'20260903',1036,,45798,29,0,35,1,300,,45799,29,0,35,1,300,,45800,29,0,35,1,79,,45795,29,0,35,1,23,,45793,29,4,,1,8,,63827,29,,,1,62,,45794,29,4,,1,8,,45796,29,0,35,1,31,,45805,29,0,35,1,67,,45797,29,0,35,1,322,,45801,29,0,35,1,100,,45802,29,0,35,1
300,'20260904',1036,,45838,29,0,35,1,300,,45839,29,0,35,1,300,,45840,29,0,35,1,79,,45835,29,0,35,1,23,,45833,29,4,,1,8,,63828,29,,,1,62,,45834,29,4,,1,8,,45836,29,0,35,1,31,,45845,29,0,35,1,67,,45837,29,0,35,1,322,,45841,29,0,35,1,100,,45842,29,0,35,1
301,'20260716',534,,47028,1,,,1,70,,47030,14,,,1,22,,47029,1,,,1,30,,47037,14,,,1,70,,47031,14,,,1,30,,63839,23,,,1,70,,47032,14,,,1,30,,47039,14,,,1,68,,47040,14,,,1,312,,47034,14,,,1,300,,47035,14,,,1,600,,47036,14,,,1
301,'20260717',534,,47068,1,,,1,70,,47070,14,,,1,22,,47069,1,,,1,30,,47077,14,,,1,70,,47071,14,,,1,30,,63840,23,,,1,70,,47072,14,,,1,30,,47079,14,,,1,68,,47080,14,,,1,312,,47074,14,,,1,300,,47075,14,,,1,600,,47076,14,,,1
301,'20260718',837,,47104,14,,,1,800,,47105,14,,,1
301,'20260719',837,,47129,14,,,1,800,,47130,14,,,1
301,'20260720',534,,47158,1,,,1,70,,47160,14,,,1,22,,47159,1,,,1,30,,47167,14,,,1,70,,47161,14,,,1,30,,63843,23,,,1,70,,47162,14,,,1,30,,47169,14,,,1,68,,47170,14,,,1,312,,47164,14,,,1,300,,47165,14,,,1,600,,47166,14,,,1
301,'20260721',534,,47198,1,,,1,70,,47200,14,,,1,22,,47199,1,,,1,30,,47207,14,,,1,70,,47201,14,,,1,30,,63844,23,,,1,70,,47202,14,,,1,30,,47209,14,,,1,68,,47210,14,,,1,312,,47204,14,,,1,300,,47205,14,,,1,600,,47206,14,,,1
301,'20260722',534,,47238,1,,,1,70,,47240,14,,,1,22,,47239,1,,,1,30,,47247,14,,,1,70,,47241,14,,,1,30,,63845,23,,,1,70,,47242,14,,,1,30,,47249,14,,,1,68,,47250,14,,,1,312,,47244,14,,,1,300,,47245,14,,,1,600,,47246,14,,,1
301,'20260723',534,,47278,1,,,1,70,,47280,14,,,1,22,,47279,1,,,1,30,,47287,14,,,1,70,,47281,14,,,1,30,,63846,23,,,1,70,,47282,14,,,1,30,,47289,14,,,1,68,,47290,14,,,1,312,,47284,14,,,1,300,,47285,14,,,1,600,,47286,14,,,1
301,'20260724',534,,47318,1,,,1,70,,47320,14,,,1,22,,47319,1,,,1,30,,47327,14,,,1,70,,47321,14,,,1,30,,63847,23,,,1,70,,47322,14,,,1,30,,47329,14,,,1,68,,47330,14,,,1,312,,47324,14,,,1,300,,47325,14,,,1,600,,47326,14,,,1
301,'20260727',534,,47408,1,,,1,70,,47410,14,,,1,22,,47409,1,,,1,30,,47417,14,,,1,70,,47411,14,,,1,30,,63850,23,,,1,70,,47412,14,,,1,30,,47419,14,,,1,68,,47420,14,,,1,312,,47414,14,,,1,300,,47415,14,,,1,600,,47416,14,,,1
301,'20260728',534,,47448,1,,,1,70,,47450,14,,,1,22,,47449,1,,,1,30,,47457,14,,,1,70,,47451,14,,,1,30,,63851,23,,,1,70,,47452,14,,,1,30,,47459,14,,,1,68,,47460,14,,,1,312,,47454,14,,,1,300,,47455,14,,,1,600,,47456,14,,,1
301,'20260729',534,,47488,1,,,1,70,,47490,14,,,1,22,,47489,1,,,1,30,,47497,14,,,1,70,,47491,14,,,1,30,,63852,23,,,1,70,,47492,14,,,1,30,,47499,14,,,1,68,,47500,14,,,1,312,,47494,14,,,1,300,,47495,14,,,1,600,,47496,14,,,1
301,'20260730',534,,47528,1,,,1,70,,47530,14,,,1,22,,47529,1,,,1,30,,47537,14,,,1,70,,47531,14,,,1,30,,63853,23,,,1,70,,47532,14,,,1,30,,47539,14,,,1,68,,47540,14,,,1,312,,47534,14,,,1,300,,47535,14,,,1,600,,47536,14,,,1
301,'20260731',534,,47568,1,,,1,70,,47570,14,,,1,22,,47569,1,,,1,30,,47577,14,,,1,70,,47571,14,,,1,30,,63854,23,,,1,70,,47572,14,,,1,30,,47579,14,,,1,68,,47580,14,,,1,312,,47574,14,,,1,300,,47575,14,,,1,600,,47576,14,,,1
301,'20260801',837,,47604,14,,,1,800,,47605,14,,,1
301,'20260802',837,,47629,14,,,1,800,,47630,14,,,1
301,'20260803',837,,64255,14,,,1,800,,64256,14,,,1
301,'20260804',534,,47698,1,,,1,70,,47700,14,,,1,22,,47699,1,,,1,30,,47707,14,,,1,70,,47701,14,,,1,30,,63858,23,,,1,70,,47702,14,,,1,30,,47709,14,,,1,68,,47710,14,,,1,312,,47704,14,,,1,300,,47705,14,,,1,600,,47706,14,,,1
301,'20260805',534,,47738,1,,,1,70,,47740,14,,,1,22,,47739,1,,,1,30,,47747,14,,,1,70,,47741,14,,,1,30,,63859,23,,,1,70,,47742,14,,,1,30,,47749,14,,,1,68,,47750,14,,,1,312,,47744,14,,,1,300,,47745,14,,,1,600,,47746,14,,,1
301,'20260806',534,,47778,1,,,1,70,,47780,14,,,1,22,,47779,1,,,1,30,,47787,14,,,1,70,,47781,14,,,1,30,,63860,23,,,1,70,,47782,14,,,1,30,,47789,14,,,1,68,,47790,14,,,1,312,,47784,14,,,1,300,,47785,14,,,1,600,,47786,14,,,1
301,'20260807',534,,47818,1,,,1,70,,47820,14,,,1,22,,47819,1,,,1,30,,47827,14,,,1,70,,47821,14,,,1,30,,63861,23,,,1,70,,47822,14,,,1,30,,47829,14,,,1,68,,47830,14,,,1,312,,47824,14,,,1,300,,47825,14,,,1,600,,47826,14,,,1
301,'20260808',837,,47854,14,,,1,800,,47855,14,,,1
301,'20260809',837,,47879,14,,,1,800,,47880,14,,,1
301,'20260810',534,,65018,1,,,1,70,,65020,14,,,1,22,,65019,1,,,1,30,,65027,14,,,1,70,,65021,14,,,1,30,,65030,23,,,1,70,,65022,14,,,1,30,,65028,14,,,1,68,,65029,14,,,1,312,,65024,14,,,1,300,,65025,14,,,1,600,,65026,14,,,1
301,'20260811',534,,47948,1,,,1,70,,47950,14,,,1,22,,47949,1,,,1,30,,47957,14,,,1,70,,47951,14,,,1,30,,63865,23,,,1,70,,47952,14,,,1,30,,47959,14,,,1,68,,47960,14,,,1,312,,47954,14,,,1,300,,47955,14,,,1,600,,47956,14,,,1
301,'20260812',534,,47988,1,,,1,70,,47990,14,,,1,22,,47989,1,,,1,30,,47997,14,,,1,70,,47991,14,,,1,30,,63866,23,,,1,70,,47992,14,,,1,30,,47999,14,,,1,68,,48000,14,,,1,312,,47994,14,,,1,300,,47995,14,,,1,600,,47996,14,,,1
301,'20260813',534,,48028,1,,,1,70,,48030,14,,,1,22,,48029,1,,,1,30,,48037,14,,,1,70,,48031,14,,,1,30,,63867,23,,,1,70,,48032,14,,,1,30,,48039,14,,,1,68,,48040,14,,,1,312,,48034,14,,,1,300,,48035,14,,,1,600,,48036,14,,,1
301,'20260814',534,,48068,1,,,1,70,,48070,14,,,1,22,,48069,1,,,1,30,,48077,14,,,1,70,,48071,14,,,1,30,,63868,23,,,1,70,,48072,14,,,1,30,,48079,14,,,1,68,,48080,14,,,1,312,,48074,14,,,1,300,,48075,14,,,1,600,,48076,14,,,1
301,'20260815',837,,48104,14,,,1,800,,48105,14,,,1
301,'20260816',837,,48129,14,,,1,800,,48130,14,,,1
301,'20260817',534,,65050,1,,,1,70,,65052,14,,,1,22,,65051,1,,,1,30,,65059,14,,,1,70,,65053,14,,,1,30,,65062,23,,,1,70,,65054,14,,,1,30,,65060,14,,,1,68,,65061,14,,,1,312,,65056,14,,,1,300,,65057,14,,,1,600,,65058,14,,,1
301,'20260818',534,,48198,1,,,1,70,,48200,14,,,1,22,,48199,1,,,1,30,,48207,14,,,1,70,,48201,14,,,1,30,,63872,23,,,1,70,,48202,14,,,1,30,,48209,14,,,1,68,,48210,14,,,1,312,,48204,14,,,1,300,,48205,14,,,1,600,,48206,14,,,1
301,'20260819',534,,48238,1,,,1,70,,48240,14,,,1,22,,48239,1,,,1,30,,48247,14,,,1,70,,48241,14,,,1,30,,63873,23,,,1,70,,48242,14,,,1,30,,48249,14,,,1,68,,48250,14,,,1,312,,48244,14,,,1,300,,48245,14,,,1,600,,48246,14,,,1
301,'20260820',534,,48278,1,,,1,70,,48280,14,,,1,22,,48279,1,,,1,30,,48287,14,,,1,70,,48281,14,,,1,30,,63874,23,,,1,70,,48282,14,,,1,30,,48289,14,,,1,68,,48290,14,,,1,312,,48284,14,,,1,300,,48285,14,,,1,600,,48286,14,,,1
301,'20260821',534,,48318,1,,,1,70,,48320,14,,,1,22,,48319,1,,,1,30,,48327,14,,,1,70,,48321,14,,,1,30,,63875,23,,,1,70,,48322,14,,,1,30,,48329,14,,,1,68,,48330,14,,,1,312,,48324,14,,,1,300,,48325,14,,,1,600,,48326,14,,,1
301,'20260822',837,,48354,14,,,1,800,,48355,14,,,1
301,'20260823',837,,48379,14,,,1,800,,48380,14,,,1
301,'20260824',534,,65082,1,,,1,70,,65084,14,,,1,22,,65083,1,,,1,30,,65091,14,,,1,70,,65085,14,,,1,30,,65094,23,,,1,70,,65086,14,,,1,30,,65092,14,,,1,68,,65093,14,,,1,312,,65088,14,,,1,300,,65089,14,,,1,600,,65090,14,,,1
301,'20260825',534,,48448,1,,,1,70,,48450,14,,,1,22,,48449,1,,,1,30,,48457,14,,,1,70,,48451,14,,,1,30,,63879,23,,,1,70,,48452,14,,,1,30,,48459,14,,,1,68,,48460,14,,,1,312,,48454,14,,,1,300,,48455,14,,,1,600,,48456,14,,,1
301,'20260826',534,,48488,1,,,1,70,,48490,14,,,1,22,,48489,1,,,1,30,,48497,14,,,1,70,,48491,14,,,1,30,,63880,23,,,1,70,,48492,14,,,1,30,,48499,14,,,1,68,,48500,14,,,1,312,,48494,14,,,1,300,,48495,14,,,1,600,,48496,14,,,1
301,'20260827',534,,48528,1,,,1,70,,48530,14,,,1,22,,48529,1,,,1,30,,48537,14,,,1,70,,48531,14,,,1,30,,63881,23,,,1,70,,48532,14,,,1,30,,48539,14,,,1,68,,48540,14,,,1,312,,48534,14,,,1,300,,48535,14,,,1,600,,48536,14,,,1
301,'20260828',534,,48568,1,,,1,70,,48570,14,,,1,22,,48569,1,,,1,30,,48577,14,,,1,70,,48571,14,,,1,30,,63882,23,,,1,70,,48572,14,,,1,30,,48579,14,,,1,68,,48580,14,,,1,312,,48574,14,,,1,300,,48575,14,,,1,600,,48576,14,,,1
301,'20260829',837,,48604,14,,,1,800,,48605,14,,,1
301,'20260830',837,,48629,14,,,1,800,,48630,14,,,1
301,'20260831',534,,65114,1,,,1,70,,65116,14,,,1,22,,65115,1,,,1,30,,65123,14,,,1,70,,65117,14,,,1,30,,65126,23,,,1,70,,65118,14,,,1,30,,65124,14,,,1,68,,65125,14,,,1,312,,65120,14,,,1,300,,65121,14,,,1,600,,65122,14,,,1
301,'20260901',534,,48698,1,,,1,70,,48700,14,,,1,22,,48699,1,,,1,30,,48707,14,,,1,70,,48701,14,,,1,30,,63886,23,,,1,70,,48702,14,,,1,30,,48709,14,,,1,68,,48710,14,,,1,312,,48704,14,,,1,300,,48705,14,,,1,600,,48706,14,,,1
301,'20260902',534,,48738,1,,,1,70,,48740,14,,,1,22,,48739,1,,,1,30,,48747,14,,,1,70,,48741,14,,,1,30,,63887,23,,,1,70,,48742,14,,,1,30,,48749,14,,,1,68,,48750,14,,,1,312,,48744,14,,,1,300,,48745,14,,,1,600,,48746,14,,,1
301,'20260903',534,,48778,1,,,1,70,,48780,14,,,1,22,,48779,1,,,1,30,,48787,14,,,1,70,,48781,14,,,1,30,,63888,23,,,1,70,,48782,14,,,1,30,,48789,14,,,1,68,,48790,14,,,1,312,,48784,14,,,1,300,,48785,14,,,1,600,,48786,14,,,1
301,'20260904',534,,48818,1,,,1,70,,48820,14,,,1,22,,48819,1,,,1,30,,48827,14,,,1,70,,48821,14,,,1,30,,63889,23,,,1,70,,48822,14,,,1,30,,48829,14,,,1,68,,48830,14,,,1,312,,48824,14,,,1,300,,48825,14,,,1,600,,48826,14,,,1
