200,'20260611',1615,,20308,23,,,1,30,,20309,23,,,1,55,,20310,23,,,1,15,,20311,23,,,1,15,,20312,23,,,1,15,,20313,23,,,1,55,,20314,23,,,1,30,,20315,23,,,1,70,,20316,23,,,1,45,,20317,23,,,1
200,'20260612',1615,,20318,23,,,1,30,,20319,23,,,1,55,,20320,23,,,1,15,,20321,23,,,1,15,,20322,23,,,1,15,,20323,23,,,1,55,,20324,23,,,1,30,,20325,23,,,1,70,,20326,23,,,1,45,,20327,23,,,1
200,'20260615',1615,,41680,23,,,1,30,,41681,23,,,1,55,,41682,23,,,1,15,,41683,23,,,1,15,,41684,23,,,1,15,,41685,23,,,1,55,,41686,23,,,1,30,,41687,23,,,1,70,,41688,23,,,1,45,,41689,23,,,1
200,'20260616',1615,,41690,23,,,1,30,,41691,23,,,1,55,,41692,23,,,1,15,,41693,23,,,1,15,,41694,23,,,1,15,,41695,23,,,1,55,,41696,23,,,1,30,,41697,23,,,1,70,,41698,23,,,1,45,,41699,23,,,1
200,'20260617',1615,,41700,23,,,1,30,,41701,23,,,1,55,,41702,23,,,1,15,,41703,23,,,1,15,,41704,23,,,1,15,,41705,23,,,1,55,,41706,23,,,1,30,,41707,23,,,1,70,,41708,23,,,1,45,,41709,23,,,1
200,'20260618',1615,,41710,23,,,1,30,,41711,23,,,1,55,,41712,23,,,1,15,,41713,23,,,1,15,,41714,23,,,1,15,,41715,23,,,1,55,,41716,23,,,1,30,,41717,23,,,1,70,,41718,23,,,1,45,,41719,23,,,1
200,'20260619',1615,,41720,23,,,1,30,,41721,23,,,1,55,,41722,23,,,1,15,,41723,23,,,1,15,,41724,23,,,1,15,,41725,23,,,1,55,,41726,23,,,1,30,,41727,23,,,1,70,,41728,23,,,1,45,,41729,23,,,1
200,'20260622',1615,,41730,23,,,1,30,,41731,23,,,1,55,,41732,23,,,1,15,,41733,23,,,1,15,,41734,23,,,1,15,,41735,23,,,1,55,,41736,23,,,1,30,,41737,23,,,1,70,,41738,23,,,1,45,,41739,23,,,1
200,'20260623',1615,,41740,23,,,1,30,,41741,23,,,1,55,,41742,23,,,1,15,,41743,23,,,1,15,,41744,23,,,1,15,,41745,23,,,1,55,,41746,23,,,1,30,,41747,23,,,1,70,,41748,23,,,1,45,,41749,23,,,1
200,'20260624',1615,,41750,23,,,1,30,,41751,23,,,1,55,,41752,23,,,1,15,,41753,23,,,1,15,,41754,23,,,1,15,,41755,23,,,1,55,,41756,23,,,1,30,,41757,23,,,1,70,,41758,23,,,1,45,,41759,23,,,1
200,'20260625',1615,,41760,23,,,1,30,,41761,23,,,1,55,,41762,23,,,1,15,,41763,23,,,1,15,,41764,23,,,1,15,,41765,23,,,1,55,,41766,23,,,1,30,,41767,23,,,1,70,,41768,23,,,1,45,,41769,23,,,1
200,'20260626',1615,,41770,23,,,1,30,,41771,23,,,1,55,,41772,23,,,1,15,,41773,23,,,1,15,,41774,23,,,1,15,,41775,23,,,1,55,,41776,23,,,1,30,,41777,23,,,1,70,,41778,23,,,1,45,,41779,23,,,1
200,'20260629',1615,,41780,23,,,1,30,,41781,23,,,1,55,,41782,23,,,1,15,,41783,23,,,1,15,,41784,23,,,1,15,,41785,23,,,1,55,,41786,23,,,1,30,,41787,23,,,1,70,,41788,23,,,1,45,,41789,23,,,1
200,'20260630',1615,,41790,23,,,1,30,,41791,23,,,1,55,,41792,23,,,1,15,,41793,23,,,1,15,,41794,23,,,1,15,,41795,23,,,1,55,,41796,23,,,1,30,,41797,23,,,1,70,,41798,23,,,1,45,,41799,23,,,1
200,'20260702',1615,,41800,23,,,1,30,,41801,23,,,1,55,,41802,23,,,1,15,,41803,23,,,1,15,,41804,23,,,1,15,,41805,23,,,1,55,,41806,23,,,1,30,,41807,23,,,1,70,,41808,23,,,1,45,,41809,23,,,1
200,'20260703',1615,,41810,23,,,1,30,,41811,23,,,1,55,,41812,23,,,1,15,,41813,23,,,1,15,,41814,23,,,1,15,,41815,23,,,1,55,,41816,23,,,1,30,,41817,23,,,1,70,,41818,23,,,1,45,,41819,23,,,1
200,'20260706',1615,,41820,23,,,1,30,,41821,23,,,1,55,,41822,23,,,1,15,,41823,23,,,1,15,,41824,23,,,1,15,,41825,23,,,1,55,,41826,23,,,1,30,,41827,23,,,1,70,,41828,23,,,1,45,,41829,23,,,1
200,'20260707',1615,,41830,23,,,1,30,,41831,23,,,1,55,,41832,23,,,1,15,,41833,23,,,1,15,,41834,23,,,1,15,,41835,23,,,1,55,,41836,23,,,1,30,,41837,23,,,1,70,,41838,23,,,1,45,,41839,23,,,1
200,'20260708',1615,,41840,23,,,1,30,,41841,23,,,1,55,,41842,23,,,1,15,,41843,23,,,1,15,,41844,23,,,1,15,,41845,23,,,1,55,,41846,23,,,1,30,,41847,23,,,1,70,,41848,23,,,1,45,,41849,23,,,1
200,'20260709',1615,,41850,23,,,1,30,,41851,23,,,1,55,,41852,23,,,1,15,,41853,23,,,1,15,,41854,23,,,1,15,,41855,23,,,1,55,,41856,23,,,1,30,,41857,23,,,1,70,,41858,23,,,1,45,,41859,23,,,1
200,'20260710',1615,,41860,23,,,1,30,,41861,23,,,1,55,,41862,23,,,1,15,,41863,23,,,1,15,,41864,23,,,1,15,,41865,23,,,1,55,,41866,23,,,1,30,,41867,23,,,1,70,,41868,23,,,1,45,,41869,23,,,1
200,'20260713',1615,,41870,23,,,1,30,,41871,23,,,1,55,,41872,23,,,1,15,,41873,23,,,1,15,,41874,23,,,1,15,,41875,23,,,1,55,,41876,23,,,1,30,,41877,23,,,1,70,,41878,23,,,1,45,,41879,23,,,1
200,'20260714',1615,,41880,23,,,1,30,,41881,23,,,1,55,,41882,23,,,1,15,,41883,23,,,1,15,,41884,23,,,1,15,,41885,23,,,1,55,,41886,23,,,1,30,,41887,23,,,1,70,,41888,23,,,1,45,,41889,23,,,1
200,'20260715',1615,,41890,23,,,1,30,,41891,23,,,1,55,,41892,23,,,1,15,,41893,23,,,1,15,,41894,23,,,1,15,,41895,23,,,1,55,,41896,23,,,1,30,,41897,23,,,1,70,,41898,23,,,1,45,,41899,23,,,1
200,'20260716',1615,,41900,23,,,1,30,,41901,23,,,1,55,,41902,23,,,1,15,,41903,23,,,1,15,,41904,23,,,1,15,,41905,23,,,1,55,,41906,23,,,1,30,,41907,23,,,1,70,,41908,23,,,1,45,,41909,23,,,1
200,'20260717',1615,,41910,23,,,1,30,,41911,23,,,1,55,,41912,23,,,1,15,,41913,23,,,1,15,,41914,23,,,1,15,,41915,23,,,1,55,,41916,23,,,1,30,,41917,23,,,1,70,,41918,23,,,1,45,,41919,23,,,1
200,'20260720',1615,,41920,23,,,1,30,,41921,23,,,1,55,,41922,23,,,1,15,,41923,23,,,1,15,,41924,23,,,1,15,,41925,23,,,1,55,,41926,23,,,1,30,,41927,23,,,1,70,,41928,23,,,1,45,,41929,23,,,1
200,'20260721',1615,,41930,23,,,1,30,,41931,23,,,1,55,,41932,23,,,1,15,,41933,23,,,1,15,,41934,23,,,1,15,,41935,23,,,1,55,,41936,23,,,1,30,,41937,23,,,1,70,,41938,23,,,1,45,,41939,23,,,1
200,'20260722',1615,,41940,23,,,1,30,,41941,23,,,1,55,,41942,23,,,1,15,,41943,23,,,1,15,,41944,23,,,1,15,,41945,23,,,1,55,,41946,23,,,1,30,,41947,23,,,1,70,,41948,23,,,1,45,,41949,23,,,1
200,'20260723',1615,,41950,23,,,1,30,,41951,23,,,1,55,,41952,23,,,1,15,,41953,23,,,1,15,,41954,23,,,1,15,,41955,23,,,1,55,,41956,23,,,1,30,,41957,23,,,1,70,,41958,23,,,1,45,,41959,23,,,1
200,'20260724',1615,,41960,23,,,1,30,,41961,23,,,1,55,,41962,23,,,1,15,,41963,23,,,1,15,,41964,23,,,1,15,,41965,23,,,1,55,,41966,23,,,1,30,,41967,23,,,1,70,,41968,23,,,1,45,,41969,23,,,1
200,'20260727',1615,,41970,23,,,1,30,,41971,23,,,1,55,,41972,23,,,1,15,,41973,23,,,1,15,,41974,23,,,1,15,,41975,23,,,1,55,,41976,23,,,1,30,,41977,23,,,1,70,,41978,23,,,1,45,,41979,23,,,1
200,'20260728',1615,,41980,23,,,1,30,,41981,23,,,1,55,,41982,23,,,1,15,,41983,23,,,1,15,,41984,23,,,1,15,,41985,23,,,1,55,,41986,23,,,1,30,,41987,23,,,1,70,,41988,23,,,1,45,,41989,23,,,1
200,'20260729',1615,,41990,23,,,1,30,,41991,23,,,1,55,,41992,23,,,1,15,,41993,23,,,1,15,,41994,23,,,1,15,,41995,23,,,1,55,,41996,23,,,1,30,,41997,23,,,1,70,,41998,23,,,1,45,,41999,23,,,1
200,'20260730',1615,,42000,23,,,1,30,,42001,23,,,1,55,,42002,23,,,1,15,,42003,23,,,1,15,,42004,23,,,1,15,,42005,23,,,1,55,,42006,23,,,1,30,,42007,23,,,1,70,,42008,23,,,1,45,,42009,23,,,1
200,'20260731',1615,,42010,23,,,1,30,,42011,23,,,1,55,,42012,23,,,1,15,,42013,23,,,1,15,,42014,23,,,1,15,,42015,23,,,1,55,,42016,23,,,1,30,,42017,23,,,1,70,,42018,23,,,1,45,,42019,23,,,1
200,'20260803',1615,,42020,23,,,1,30,,42021,23,,,1,55,,42022,23,,,1,15,,42023,23,,,1,15,,42024,23,,,1,15,,42025,23,,,1,55,,42026,23,,,1,30,,42027,23,,,1,70,,42028,23,,,1,45,,42029,23,,,1
200,'20260804',1615,,42030,23,,,1,30,,42031,23,,,1,55,,42032,23,,,1,15,,42033,23,,,1,15,,42034,23,,,1,15,,42035,23,,,1,55,,42036,23,,,1,30,,42037,23,,,1,70,,42038,23,,,1,45,,42039,23,,,1
200,'20260805',1615,,42040,23,,,1,30,,42041,23,,,1,55,,42042,23,,,1,15,,42043,23,,,1,15,,42044,23,,,1,15,,42045,23,,,1,55,,42046,23,,,1,30,,42047,23,,,1,70,,42048,23,,,1,45,,42049,23,,,1
200,'20260806',1615,,42050,23,,,1,30,,42051,23,,,1,55,,42052,23,,,1,15,,42053,23,,,1,15,,42054,23,,,1,15,,42055,23,,,1,55,,42056,23,,,1,30,,42057,23,,,1,70,,42058,23,,,1,45,,42059,23,,,1
200,'20260807',1615,,42060,23,,,1,30,,42061,23,,,1,55,,42062,23,,,1,15,,42063,23,,,1,15,,42064,23,,,1,15,,42065,23,,,1,55,,42066,23,,,1,30,,42067,23,,,1,70,,42068,23,,,1,45,,42069,23,,,1
200,'20260810',1615,,42070,23,,,1,30,,42071,23,,,1,55,,42072,23,,,1,15,,42073,23,,,1,15,,42074,23,,,1,15,,42075,23,,,1,55,,42076,23,,,1,30,,42077,23,,,1,70,,42078,23,,,1,45,,42079,23,,,1
200,'20260811',1615,,42080,23,,,1,30,,42081,23,,,1,55,,42082,23,,,1,15,,42083,23,,,1,15,,42084,23,,,1,15,,42085,23,,,1,55,,42086,23,,,1,30,,42087,23,,,1,70,,42088,23,,,1,45,,42089,23,,,1
200,'20260812',1615,,42090,23,,,1,30,,42091,23,,,1,55,,42092,23,,,1,15,,42093,23,,,1,15,,42094,23,,,1,15,,42095,23,,,1,55,,42096,23,,,1,30,,42097,23,,,1,70,,42098,23,,,1,45,,42099,23,,,1
200,'20260813',1615,,42100,23,,,1,30,,42101,23,,,1,55,,42102,23,,,1,15,,42103,23,,,1,15,,42104,23,,,1,15,,42105,23,,,1,55,,42106,23,,,1,30,,42107,23,,,1,70,,42108,23,,,1,45,,42109,23,,,1
200,'20260814',1615,,42110,23,,,1,30,,42111,23,,,1,55,,42112,23,,,1,15,,42113,23,,,1,15,,42114,23,,,1,15,,42115,23,,,1,55,,42116,23,,,1,30,,42117,23,,,1,70,,42118,23,,,1,45,,42119,23,,,1
200,'20260817',1615,,42120,23,,,1,30,,42121,23,,,1,55,,42122,23,,,1,15,,42123,23,,,1,15,,42124,23,,,1,15,,42125,23,,,1,55,,42126,23,,,1,30,,42127,23,,,1,70,,42128,23,,,1,45,,42129,23,,,1
200,'20260818',1615,,42130,23,,,1,30,,42131,23,,,1,55,,42132,23,,,1,15,,42133,23,,,1,15,,42134,23,,,1,15,,42135,23,,,1,55,,42136,23,,,1,30,,42137,23,,,1,70,,42138,23,,,1,45,,42139,23,,,1
200,'20260819',1615,,42140,23,,,1,30,,42141,23,,,1,55,,42142,23,,,1,15,,42143,23,,,1,15,,42144,23,,,1,15,,42145,23,,,1,55,,42146,23,,,1,30,,42147,23,,,1,70,,42148,23,,,1,45,,42149,23,,,1
200,'20260820',1615,,42150,23,,,1,30,,42151,23,,,1,55,,42152,23,,,1,15,,42153,23,,,1,15,,42154,23,,,1,15,,42155,23,,,1,55,,42156,23,,,1,30,,42157,23,,,1,70,,42158,23,,,1,45,,42159,23,,,1
200,'20260821',1615,,42160,23,,,1,30,,42161,23,,,1,55,,42162,23,,,1,15,,42163,23,,,1,15,,42164,23,,,1,15,,42165,23,,,1,55,,42166,23,,,1,30,,42167,23,,,1,70,,42168,23,,,1,45,,42169,23,,,1
200,'20260824',1615,,42170,23,,,1,30,,42171,23,,,1,55,,42172,23,,,1,15,,42173,23,,,1,15,,42174,23,,,1,15,,42175,23,,,1,55,,42176,23,,,1,30,,42177,23,,,1,70,,42178,23,,,1,45,,42179,23,,,1
200,'20260825',1615,,42180,23,,,1,30,,42181,23,,,1,55,,42182,23,,,1,15,,42183,23,,,1,15,,42184,23,,,1,15,,42185,23,,,1,55,,42186,23,,,1,30,,42187,23,,,1,70,,42188,23,,,1,45,,42189,23,,,1
200,'20260826',1615,,42190,23,,,1,30,,42191,23,,,1,55,,42192,23,,,1,15,,42193,23,,,1,15,,42194,23,,,1,15,,42195,23,,,1,55,,42196,23,,,1,30,,42197,23,,,1,70,,42198,23,,,1,45,,42199,23,,,1
200,'20260827',1615,,42200,23,,,1,30,,42201,23,,,1,55,,42202,23,,,1,15,,42203,23,,,1,15,,42204,23,,,1,15,,42205,23,,,1,55,,42206,23,,,1,30,,42207,23,,,1,70,,42208,23,,,1,45,,42209,23,,,1
200,'20260828',1615,,42210,23,,,1,30,,42211,23,,,1,55,,42212,23,,,1,15,,42213,23,,,1,15,,42214,23,,,1,15,,42215,23,,,1,55,,42216,23,,,1,30,,42217,23,,,1,70,,42218,23,,,1,45,,42219,23,,,1
200,'20260831',1615,,42220,23,,,1,30,,42221,23,,,1,55,,42222,23,,,1,15,,42223,23,,,1,15,,42224,23,,,1,15,,42225,23,,,1,55,,42226,23,,,1,30,,42227,23,,,1,70,,42228,23,,,1,45,,42229,23,,,1
200,'20260901',1615,,42230,23,,,1,30,,42231,23,,,1,55,,42232,23,,,1,15,,42233,23,,,1,15,,42234,23,,,1,15,,42235,23,,,1,55,,42236,23,,,1,30,,42237,23,,,1,70,,42238,23,,,1,45,,42239,23,,,1
200,'20260902',1615,,42240,23,,,1,30,,42241,23,,,1,55,,42242,23,,,1,15,,42243,23,,,1,15,,42244,23,,,1,15,,42245,23,,,1,55,,42246,23,,,1,30,,42247,23,,,1,70,,42248,23,,,1,45,,42249,23,,,1
200,'20260903',1615,,42250,23,,,1,30,,42251,23,,,1,55,,42252,23,,,1,15,,42253,23,,,1,15,,42254,23,,,1,15,,42255,23,,,1,55,,42256,23,,,1,30,,42257,23,,,1,70,,42258,23,,,1,45,,42259,23,,,1
200,'20260904',1615,,42260,23,,,1,30,,42261,23,,,1,55,,42262,23,,,1,15,,42263,23,,,1,15,,42264,23,,,1,15,,42265,23,,,1,55,,42266,23,,,1,30,,42267,23,,,1,70,,42268,23,,,1,45,,42269,23,,,1
201,'20260611',625,,20648,13,,,1,30,,20649,13,,,1,55,,20650,13,,,1,15,,20651,13,,,1,15,,20652,13,,,1,15,,20653,13,,,1,55,,20654,13,,,1,15,,20655,13,,,1,15,,20656,13,,,1,15,,20657,13,,,1
201,'20260612',625,,20658,13,,,1,30,,20659,13,,,1,55,,20660,13,,,1,15,,20661,13,,,1,15,,20662,13,,,1,15,,20663,13,,,1,55,,20664,13,,,1,15,,20665,13,,,1,15,,20666,13,,,1,15,,20667,13,,,1
201,'20260615',625,,42270,13,,,1,30,,42271,13,,,1,55,,42272,13,,,1,15,,42273,13,,,1,15,,42274,13,,,1,15,,42275,13,,,1,55,,42276,13,,,1,15,,42277,13,,,1,15,,42278,13,,,1,15,,42279,13,,,1
201,'20260616',625,,42280,13,,,1,30,,42281,13,,,1,55,,42282,13,,,1,15,,42283,13,,,1,15,,42284,13,,,1,15,,42285,13,,,1,55,,42286,13,,,1,15,,42287,13,,,1,15,,42288,13,,,1,15,,42289,13,,,1
201,'20260617',625,,42290,13,,,1,30,,42291,13,,,1,55,,42292,13,,,1,15,,42293,13,,,1,15,,42294,13,,,1,15,,42295,13,,,1,55,,42296,13,,,1,15,,42297,13,,,1,15,,42298,13,,,1,15,,42299,13,,,1
201,'20260618',625,,42300,13,,,1,30,,42301,13,,,1,55,,42302,13,,,1,15,,42303,13,,,1,15,,42304,13,,,1,15,,42305,13,,,1,55,,42306,13,,,1,15,,42307,13,,,1,15,,42308,13,,,1,15,,42309,13,,,1
201,'20260619',625,,42310,13,,,1,30,,42311,13,,,1,55,,42312,13,,,1,15,,42313,13,,,1,15,,42314,13,,,1,15,,42315,13,,,1,55,,42316,13,,,1,15,,42317,13,,,1,15,,42318,13,,,1,15,,42319,13,,,1
201,'20260622',625,,42320,13,,,1,30,,42321,13,,,1,55,,42322,13,,,1,15,,42323,13,,,1,15,,42324,13,,,1,15,,42325,13,,,1,55,,42326,13,,,1,15,,42327,13,,,1,15,,42328,13,,,1,15,,42329,13,,,1
201,'20260623',625,,42330,13,,,1,30,,42331,13,,,1,55,,42332,13,,,1,15,,42333,13,,,1,15,,42334,13,,,1,15,,42335,13,,,1,55,,42336,13,,,1,15,,42337,13,,,1,15,,42338,13,,,1,15,,42339,13,,,1
201,'20260624',625,,42340,13,,,1,30,,42341,13,,,1,55,,42342,13,,,1,15,,42343,13,,,1,15,,42344,13,,,1,15,,42345,13,,,1,55,,42346,13,,,1,15,,42347,13,,,1,15,,42348,13,,,1,15,,42349,13,,,1
201,'20260625',625,,42350,13,,,1,30,,42351,13,,,1,55,,42352,13,,,1,15,,42353,13,,,1,15,,42354,13,,,1,15,,42355,13,,,1,55,,42356,13,,,1,15,,42357,13,,,1,15,,42358,13,,,1,15,,42359,13,,,1
201,'20260626',625,,42360,13,,,1,30,,42361,13,,,1,55,,42362,13,,,1,15,,42363,13,,,1,15,,42364,13,,,1,15,,42365,13,,,1,55,,42366,13,,,1,15,,42367,13,,,1,15,,42368,13,,,1,15,,42369,13,,,1
201,'20260629',625,,42370,13,,,1,30,,42371,13,,,1,55,,42372,13,,,1,15,,42373,13,,,1,15,,42374,13,,,1,15,,42375,13,,,1,55,,42376,13,,,1,15,,42377,13,,,1,15,,42378,13,,,1,15,,42379,13,,,1
201,'20260630',625,,42380,13,,,1,30,,42381,13,,,1,55,,42382,13,,,1,15,,42383,13,,,1,15,,42384,13,,,1,15,,42385,13,,,1,55,,42386,13,,,1,15,,42387,13,,,1,15,,42388,13,,,1,15,,42389,13,,,1
201,'20260702',625,,42390,13,,,1,30,,42391,13,,,1,55,,42392,13,,,1,15,,42393,13,,,1,15,,42394,13,,,1,15,,42395,13,,,1,55,,42396,13,,,1,15,,42397,13,,,1,15,,42398,13,,,1,15,,42399,13,,,1
201,'20260703',625,,42400,13,,,1,30,,42401,13,,,1,55,,42402,13,,,1,15,,42403,13,,,1,15,,42404,13,,,1,15,,42405,13,,,1,55,,42406,13,,,1,15,,42407,13,,,1,15,,42408,13,,,1,15,,42409,13,,,1
201,'20260706',625,,42410,13,,,1,30,,42411,13,,,1,55,,42412,13,,,1,15,,42413,13,,,1,15,,42414,13,,,1,15,,42415,13,,,1,55,,42416,13,,,1,15,,42417,13,,,1,15,,42418,13,,,1,15,,42419,13,,,1
201,'20260707',625,,42420,13,,,1,30,,42421,13,,,1,55,,42422,13,,,1,15,,42423,13,,,1,15,,42424,13,,,1,15,,42425,13,,,1,55,,42426,13,,,1,15,,42427,13,,,1,15,,42428,13,,,1,15,,42429,13,,,1
201,'20260708',625,,42430,13,,,1,30,,42431,13,,,1,55,,42432,13,,,1,15,,42433,13,,,1,15,,42434,13,,,1,15,,42435,13,,,1,55,,42436,13,,,1,15,,42437,13,,,1,15,,42438,13,,,1,15,,42439,13,,,1
201,'20260709',625,,42440,13,,,1,30,,42441,13,,,1,55,,42442,13,,,1,15,,42443,13,,,1,15,,42444,13,,,1,15,,42445,13,,,1,55,,42446,13,,,1,15,,42447,13,,,1,15,,42448,13,,,1,15,,42449,13,,,1
201,'20260710',625,,42450,13,,,1,30,,42451,13,,,1,55,,42452,13,,,1,15,,42453,13,,,1,15,,42454,13,,,1,15,,42455,13,,,1,55,,42456,13,,,1,15,,42457,13,,,1,15,,42458,13,,,1,15,,42459,13,,,1
201,'20260713',625,,42460,13,,,1,30,,42461,13,,,1,55,,42462,13,,,1,15,,42463,13,,,1,15,,42464,13,,,1,15,,42465,13,,,1,55,,42466,13,,,1,15,,42467,13,,,1,15,,42468,13,,,1,15,,42469,13,,,1
201,'20260714',625,,42470,13,,,1,30,,42471,13,,,1,55,,42472,13,,,1,15,,42473,13,,,1,15,,42474,13,,,1,15,,42475,13,,,1,55,,42476,13,,,1,15,,42477,13,,,1,15,,42478,13,,,1,15,,42479,13,,,1
201,'20260715',625,,42480,13,,,1,30,,42481,13,,,1,55,,42482,13,,,1,15,,42483,13,,,1,15,,42484,13,,,1,15,,42485,13,,,1,55,,42486,13,,,1,15,,42487,13,,,1,15,,42488,13,,,1,15,,42489,13,,,1
201,'20260716',625,,42490,13,,,1,30,,42491,13,,,1,55,,42492,13,,,1,15,,42493,13,,,1,15,,42494,13,,,1,15,,42495,13,,,1,55,,42496,13,,,1,15,,42497,13,,,1,15,,42498,13,,,1,15,,42499,13,,,1
201,'20260717',625,,42500,13,,,1,30,,42501,13,,,1,55,,42502,13,,,1,15,,42503,13,,,1,15,,42504,13,,,1,15,,42505,13,,,1,55,,42506,13,,,1,15,,42507,13,,,1,15,,42508,13,,,1,15,,42509,13,,,1
201,'20260720',625,,42510,13,,,1,30,,42511,13,,,1,55,,42512,13,,,1,15,,42513,13,,,1,15,,42514,13,,,1,15,,42515,13,,,1,55,,42516,13,,,1,15,,42517,13,,,1,15,,42518,13,,,1,15,,42519,13,,,1
201,'20260721',625,,42520,13,,,1,30,,42521,13,,,1,55,,42522,13,,,1,15,,42523,13,,,1,15,,42524,13,,,1,15,,42525,13,,,1,55,,42526,13,,,1,15,,42527,13,,,1,15,,42528,13,,,1,15,,42529,13,,,1
201,'20260722',625,,42530,13,,,1,30,,42531,13,,,1,55,,42532,13,,,1,15,,42533,13,,,1,15,,42534,13,,,1,15,,42535,13,,,1,55,,42536,13,,,1,15,,42537,13,,,1,15,,42538,13,,,1,15,,42539,13,,,1
201,'20260723',625,,42540,13,,,1,30,,42541,13,,,1,55,,42542,13,,,1,15,,42543,13,,,1,15,,42544,13,,,1,15,,42545,13,,,1,55,,42546,13,,,1,15,,42547,13,,,1,15,,42548,13,,,1,15,,42549,13,,,1
201,'20260724',625,,42550,13,,,1,30,,42551,13,,,1,55,,42552,13,,,1,15,,42553,13,,,1,15,,42554,13,,,1,15,,42555,13,,,1,55,,42556,13,,,1,15,,42557,13,,,1,15,,42558,13,,,1,15,,42559,13,,,1
201,'20260727',625,,42560,13,,,1,30,,42561,13,,,1,55,,42562,13,,,1,15,,42563,13,,,1,15,,42564,13,,,1,15,,42565,13,,,1,55,,42566,13,,,1,15,,42567,13,,,1,15,,42568,13,,,1,15,,42569,13,,,1
201,'20260728',625,,42570,13,,,1,30,,42571,13,,,1,55,,42572,13,,,1,15,,42573,13,,,1,15,,42574,13,,,1,15,,42575,13,,,1,55,,42576,13,,,1,15,,42577,13,,,1,15,,42578,13,,,1,15,,42579,13,,,1
201,'20260729',625,,42580,13,,,1,30,,42581,13,,,1,55,,42582,13,,,1,15,,42583,13,,,1,15,,42584,13,,,1,15,,42585,13,,,1,55,,42586,13,,,1,15,,42587,13,,,1,15,,42588,13,,,1,15,,42589,13,,,1
201,'20260730',625,,42590,13,,,1,30,,42591,13,,,1,55,,42592,13,,,1,15,,42593,13,,,1,15,,42594,13,,,1,15,,42595,13,,,1,55,,42596,13,,,1,15,,42597,13,,,1,15,,42598,13,,,1,15,,42599,13,,,1
201,'20260731',625,,42600,13,,,1,30,,42601,13,,,1,55,,42602,13,,,1,15,,42603,13,,,1,15,,42604,13,,,1,15,,42605,13,,,1,55,,42606,13,,,1,15,,42607,13,,,1,15,,42608,13,,,1,15,,42609,13,,,1
201,'20260803',625,,42610,13,,,1,30,,42611,13,,,1,55,,42612,13,,,1,15,,42613,13,,,1,15,,42614,13,,,1,15,,42615,13,,,1,55,,42616,13,,,1,15,,42617,13,,,1,15,,42618,13,,,1,15,,42619,13,,,1
201,'20260804',625,,42620,13,,,1,30,,42621,13,,,1,55,,42622,13,,,1,15,,42623,13,,,1,15,,42624,13,,,1,15,,42625,13,,,1,55,,42626,13,,,1,15,,42627,13,,,1,15,,42628,13,,,1,15,,42629,13,,,1
201,'20260805',625,,42630,13,,,1,30,,42631,13,,,1,55,,42632,13,,,1,15,,42633,13,,,1,15,,42634,13,,,1,15,,42635,13,,,1,55,,42636,13,,,1,15,,42637,13,,,1,15,,42638,13,,,1,15,,42639,13,,,1
201,'20260806',625,,42640,13,,,1,30,,42641,13,,,1,55,,42642,13,,,1,15,,42643,13,,,1,15,,42644,13,,,1,15,,42645,13,,,1,55,,42646,13,,,1,15,,42647,13,,,1,15,,42648,13,,,1,15,,42649,13,,,1
201,'20260807',625,,42650,13,,,1,30,,42651,13,,,1,55,,42652,13,,,1,15,,42653,13,,,1,15,,42654,13,,,1,15,,42655,13,,,1,55,,42656,13,,,1,15,,42657,13,,,1,15,,42658,13,,,1,15,,42659,13,,,1
201,'20260810',625,,42660,13,,,1,30,,42661,13,,,1,55,,42662,13,,,1,15,,42663,13,,,1,15,,42664,13,,,1,15,,42665,13,,,1,55,,42666,13,,,1,15,,42667,13,,,1,15,,42668,13,,,1,15,,42669,13,,,1
201,'20260811',625,,42670,13,,,1,30,,42671,13,,,1,55,,42672,13,,,1,15,,42673,13,,,1,15,,42674,13,,,1,15,,42675,13,,,1,55,,42676,13,,,1,15,,42677,13,,,1,15,,42678,13,,,1,15,,42679,13,,,1
201,'20260812',625,,42680,13,,,1,30,,42681,13,,,1,55,,42682,13,,,1,15,,42683,13,,,1,15,,42684,13,,,1,15,,42685,13,,,1,55,,42686,13,,,1,15,,42687,13,,,1,15,,42688,13,,,1,15,,42689,13,,,1
201,'20260813',625,,42690,13,,,1,30,,42691,13,,,1,55,,42692,13,,,1,15,,42693,13,,,1,15,,42694,13,,,1,15,,42695,13,,,1,55,,42696,13,,,1,15,,42697,13,,,1,15,,42698,13,,,1,15,,42699,13,,,1
201,'20260814',625,,42700,13,,,1,30,,42701,13,,,1,55,,42702,13,,,1,15,,42703,13,,,1,15,,42704,13,,,1,15,,42705,13,,,1,55,,42706,13,,,1,15,,42707,13,,,1,15,,42708,13,,,1,15,,42709,13,,,1
201,'20260817',625,,42710,13,,,1,30,,42711,13,,,1,55,,42712,13,,,1,15,,42713,13,,,1,15,,42714,13,,,1,15,,42715,13,,,1,55,,42716,13,,,1,15,,42717,13,,,1,15,,42718,13,,,1,15,,42719,13,,,1
201,'20260818',625,,42720,13,,,1,30,,42721,13,,,1,55,,42722,13,,,1,15,,42723,13,,,1,15,,42724,13,,,1,15,,42725,13,,,1,55,,42726,13,,,1,15,,42727,13,,,1,15,,42728,13,,,1,15,,42729,13,,,1
201,'20260819',625,,42730,13,,,1,30,,42731,13,,,1,55,,42732,13,,,1,15,,42733,13,,,1,15,,42734,13,,,1,15,,42735,13,,,1,55,,42736,13,,,1,15,,42737,13,,,1,15,,42738,13,,,1,15,,42739,13,,,1
201,'20260820',625,,42740,13,,,1,30,,42741,13,,,1,55,,42742,13,,,1,15,,42743,13,,,1,15,,42744,13,,,1,15,,42745,13,,,1,55,,42746,13,,,1,15,,42747,13,,,1,15,,42748,13,,,1,15,,42749,13,,,1
201,'20260821',625,,42750,13,,,1,30,,42751,13,,,1,55,,42752,13,,,1,15,,42753,13,,,1,15,,42754,13,,,1,15,,42755,13,,,1,55,,42756,13,,,1,15,,42757,13,,,1,15,,42758,13,,,1,15,,42759,13,,,1
201,'20260824',625,,42760,13,,,1,30,,42761,13,,,1,55,,42762,13,,,1,15,,42763,13,,,1,15,,42764,13,,,1,15,,42765,13,,,1,55,,42766,13,,,1,15,,42767,13,,,1,15,,42768,13,,,1,15,,42769,13,,,1
201,'20260825',625,,42770,13,,,1,30,,42771,13,,,1,55,,42772,13,,,1,15,,42773,13,,,1,15,,42774,13,,,1,15,,42775,13,,,1,55,,42776,13,,,1,15,,42777,13,,,1,15,,42778,13,,,1,15,,42779,13,,,1
201,'20260826',625,,42780,13,,,1,30,,42781,13,,,1,55,,42782,13,,,1,15,,42783,13,,,1,15,,42784,13,,,1,15,,42785,13,,,1,55,,42786,13,,,1,15,,42787,13,,,1,15,,42788,13,,,1,15,,42789,13,,,1
201,'20260827',625,,42790,13,,,1,30,,42791,13,,,1,55,,42792,13,,,1,15,,42793,13,,,1,15,,42794,13,,,1,15,,42795,13,,,1,55,,42796,13,,,1,15,,42797,13,,,1,15,,42798,13,,,1,15,,42799,13,,,1
201,'20260828',625,,42800,13,,,1,30,,42801,13,,,1,55,,42802,13,,,1,15,,42803,13,,,1,15,,42804,13,,,1,15,,42805,13,,,1,55,,42806,13,,,1,15,,42807,13,,,1,15,,42808,13,,,1,15,,42809,13,,,1
201,'20260831',625,,42810,13,,,1,30,,42811,13,,,1,55,,42812,13,,,1,15,,42813,13,,,1,15,,42814,13,,,1,15,,42815,13,,,1,55,,42816,13,,,1,15,,42817,13,,,1,15,,42818,13,,,1,15,,42819,13,,,1
201,'20260901',625,,42820,13,,,1,30,,42821,13,,,1,55,,42822,13,,,1,15,,42823,13,,,1,15,,42824,13,,,1,15,,42825,13,,,1,55,,42826,13,,,1,15,,42827,13,,,1,15,,42828,13,,,1,15,,42829,13,,,1
201,'20260902',625,,42830,13,,,1,30,,42831,13,,,1,55,,42832,13,,,1,15,,42833,13,,,1,15,,42834,13,,,1,15,,42835,13,,,1,55,,42836,13,,,1,15,,42837,13,,,1,15,,42838,13,,,1,15,,42839,13,,,1
201,'20260903',625,,42840,13,,,1,30,,42841,13,,,1,55,,42842,13,,,1,15,,42843,13,,,1,15,,42844,13,,,1,15,,42845,13,,,1,55,,42846,13,,,1,15,,42847,13,,,1,15,,42848,13,,,1,15,,42849,13,,,1
201,'20260904',625,,42850,13,,,1,30,,42851,13,,,1,55,,42852,13,,,1,15,,42853,13,,,1,15,,42854,13,,,1,15,,42855,13,,,1,55,,42856,13,,,1,15,,42857,13,,,1,15,,42858,13,,,1,15,,42859,13,,,1
