600,'20260716',1617,,51767,15,,,1,100,,51768,15,,,1,30,,51766,15,,,1,70,,51769,15,,,1,100,,51770,15,,,1
600,'20260717',1617,,51772,15,,,1,100,,51773,15,,,1,30,,51771,15,,,1,70,,51774,15,,,1,100,,51775,15,,,1
600,'20260720',1617,,51777,15,,,1,100,,51778,15,,,1,30,,51776,15,,,1,70,,51779,15,,,1,100,,51780,15,,,1
600,'20260721',1617,,51782,15,,,1,100,,51783,15,,,1,30,,51781,15,,,1,70,,51784,15,,,1,100,,51785,15,,,1
600,'20260722',1617,,51787,15,,,1,100,,51788,15,,,1,30,,51786,15,,,1,70,,51789,15,,,1,100,,51790,15,,,1
600,'20260723',1617,,51792,15,,,1,100,,51793,15,,,1,30,,51791,15,,,1,70,,51794,15,,,1,100,,51795,15,,,1
600,'20260724',1617,,51797,15,,,1,100,,51798,15,,,1,30,,51796,15,,,1,70,,51799,15,,,1,100,,51800,15,,,1
600,'20260727',1617,,51802,15,,,1,100,,51803,15,,,1,30,,51801,15,,,1,70,,51804,15,,,1,100,,51805,15,,,1
600,'20260728',1617,,51807,15,,,1,100,,51808,15,,,1,30,,51806,15,,,1,70,,51809,15,,,1,100,,51810,15,,,1
600,'20260729',1617,,51812,15,,,1,100,,51813,15,,,1,30,,51811,15,,,1,70,,51814,15,,,1,100,,51815,15,,,1
600,'20260730',1617,,51817,15,,,1,100,,51818,15,,,1,30,,51816,15,,,1,70,,51819,15,,,1,100,,51820,15,,,1
600,'20260731',1617,,51822,15,,,1,100,,51823,15,,,1,30,,51821,15,,,1,70,,51824,15,,,1,100,,51825,15,,,1
600,'20260804',1617,,51832,15,,,1,100,,51833,15,,,1,30,,51831,15,,,1,70,,51834,15,,,1,100,,51835,15,,,1
600,'20260805',1617,,51837,15,,,1,100,,51838,15,,,1,30,,51836,15,,,1,70,,51839,15,,,1,100,,51840,15,,,1
600,'20260806',1617,,51842,15,,,1,100,,51843,15,,,1,30,,51841,15,,,1,70,,51844,15,,,1,100,,51845,15,,,1
600,'20260807',1617,,51847,15,,,1,100,,51848,15,,,1,30,,51846,15,,,1,70,,51849,15,,,1,100,,51850,15,,,1
600,'20260810',1617,,65216,15,,,1,100,,65217,15,,,1,30,,65215,15,,,1,70,,65218,15,,,1,100,,65219,15,,,1
600,'20260811',1617,,51857,15,,,1,100,,51858,15,,,1,30,,51856,15,,,1,70,,51859,15,,,1,100,,51860,15,,,1
600,'20260812',1617,,51862,15,,,1,100,,51863,15,,,1,30,,51861,15,,,1,70,,51864,15,,,1,100,,51865,15,,,1
600,'20260813',1617,,51867,15,,,1,100,,51868,15,,,1,30,,51866,15,,,1,70,,51869,15,,,1,100,,51870,15,,,1
600,'20260814',1617,,51872,15,,,1,100,,51873,15,,,1,30,,51871,15,,,1,70,,51874,15,,,1,100,,51875,15,,,1
600,'20260817',1617,,65221,15,,,1,100,,65222,15,,,1,30,,65220,15,,,1,70,,65223,15,,,1,100,,65224,15,,,1
600,'20260818',1617,,51882,15,,,1,100,,51883,15,,,1,30,,51881,15,,,1,70,,51884,15,,,1,100,,51885,15,,,1
600,'20260819',1617,,51887,15,,,1,100,,51888,15,,,1,30,,51886,15,,,1,70,,51889,15,,,1,100,,51890,15,,,1
600,'20260820',1617,,51892,15,,,1,100,,51893,15,,,1,30,,51891,15,,,1,70,,51894,15,,,1,100,,51895,15,,,1
600,'20260821',1617,,51897,15,,,1,100,,51898,15,,,1,30,,51896,15,,,1,70,,51899,15,,,1,100,,51900,15,,,1
600,'20260824',1617,,65226,15,,,1,100,,65227,15,,,1,30,,65225,15,,,1,70,,65228,15,,,1,100,,65229,15,,,1
600,'20260825',1617,,51907,15,,,1,100,,51908,15,,,1,30,,51906,15,,,1,70,,51909,15,,,1,100,,51910,15,,,1
600,'20260826',1617,,51912,15,,,1,100,,51913,15,,,1,30,,51911,15,,,1,70,,51914,15,,,1,100,,51915,15,,,1
600,'20260827',1617,,51917,15,,,1,100,,51918,15,,,1,30,,51916,15,,,1,70,,51919,15,,,1,100,,51920,15,,,1
600,'20260828',1617,,51922,15,,,1,100,,51923,15,,,1,30,,51921,15,,,1,70,,51924,15,,,1,100,,51925,15,,,1
600,'20260831',1617,,65231,15,,,1,100,,65232,15,,,1,30,,65230,15,,,1,70,,65233,15,,,1,100,,65234,15,,,1
600,'20260901',1617,,51932,15,,,1,100,,51933,15,,,1,30,,51931,15,,,1,70,,51934,15,,,1,100,,51935,15,,,1
600,'20260902',1617,,51937,15,,,1,100,,51938,15,,,1,30,,51936,15,,,1,70,,51939,15,,,1,100,,51940,15,,,1
600,'20260903',1617,,51942,15,,,1,100,,51943,15,,,1,30,,51941,15,,,1,70,,51944,15,,,1,100,,51945,15,,,1
600,'20260904',1617,,51947,15,,,1,100,,51948,15,,,1,30,,51946,15,,,1,70,,51949,15,,,1,100,,51950,15,,,1
601,'20260716',623,,52039,15,,,1,101,,52040,15,,,1,30,,52042,15,,,1,70,,52041,15,,,1
601,'20260717',623,,52043,15,,,1,101,,52044,15,,,1,30,,52046,15,,,1,70,,52045,15,,,1
601,'20260720',623,,52047,15,,,1,101,,52048,15,,,1,30,,52050,15,,,1,70,,52049,15,,,1
601,'20260721',623,,52051,15,,,1,101,,52052,15,,,1,30,,52054,15,,,1,70,,52053,15,,,1
601,'20260722',623,,52055,15,,,1,101,,52056,15,,,1,30,,52058,15,,,1,70,,52057,15,,,1
601,'20260723',623,,52059,15,,,1,101,,52060,15,,,1,30,,52062,15,,,1,70,,52061,15,,,1
601,'20260724',623,,52063,15,,,1,101,,52064,15,,,1,30,,52066,15,,,1,70,,52065,15,,,1
601,'20260727',623,,52067,15,,,1,101,,52068,15,,,1,30,,52070,15,,,1,70,,52069,15,,,1
601,'20260728',623,,52071,15,,,1,101,,52072,15,,,1,30,,52074,15,,,1,70,,52073,15,,,1
601,'20260729',623,,52075,15,,,1,101,,52076,15,,,1,30,,52078,15,,,1,70,,52077,15,,,1
601,'20260730',623,,52079,15,,,1,101,,52080,15,,,1,30,,52082,15,,,1,70,,52081,15,,,1
601,'20260731',623,,52083,15,,,1,101,,52084,15,,,1,30,,52086,15,,,1,70,,52085,15,,,1
601,'20260804',623,,52091,15,,,1,101,,52092,15,,,1,30,,52094,15,,,1,70,,52093,15,,,1
601,'20260805',623,,52095,15,,,1,101,,52096,15,,,1,30,,52098,15,,,1,70,,52097,15,,,1
601,'20260806',623,,52099,15,,,1,101,,52100,15,,,1,30,,52102,15,,,1,70,,52101,15,,,1
601,'20260807',623,,52103,15,,,1,101,,52104,15,,,1,30,,52106,15,,,1,70,,52105,15,,,1
601,'20260810',623,,65235,15,,,1,101,,65236,15,,,1,30,,65238,15,,,1,70,,65237,15,,,1
601,'20260811',623,,52111,15,,,1,101,,52112,15,,,1,30,,52114,15,,,1,70,,52113,15,,,1
601,'20260812',623,,52115,15,,,1,101,,52116,15,,,1,30,,52118,15,,,1,70,,52117,15,,,1
601,'20260813',623,,52119,15,,,1,101,,52120,15,,,1,30,,52122,15,,,1,70,,52121,15,,,1
601,'20260814',623,,52123,15,,,1,101,,52124,15,,,1,30,,52126,15,,,1,70,,52125,15,,,1
601,'20260817',623,,65239,15,,,1,101,,65240,15,,,1,30,,65242,15,,,1,70,,65241,15,,,1
601,'20260818',623,,52131,15,,,1,101,,52132,15,,,1,30,,52134,15,,,1,70,,52133,15,,,1
601,'20260819',623,,52135,15,,,1,101,,52136,15,,,1,30,,52138,15,,,1,70,,52137,15,,,1
601,'20260820',623,,52139,15,,,1,101,,52140,15,,,1,30,,52142,15,,,1,70,,52141,15,,,1
601,'20260821',623,,52143,15,,,1,101,,52144,15,,,1,30,,52146,15,,,1,70,,52145,15,,,1
601,'20260824',623,,65243,15,,,1,101,,65244,15,,,1,30,,65246,15,,,1,70,,65245,15,,,1
601,'20260825',623,,52151,15,,,1,101,,52152,15,,,1,30,,52154,15,,,1,70,,52153,15,,,1
601,'20260826',623,,52155,15,,,1,101,,52156,15,,,1,30,,52158,15,,,1,70,,52157,15,,,1
601,'20260827',623,,52159,15,,,1,101,,52160,15,,,1,30,,52162,15,,,1,70,,52161,15,,,1
601,'20260828',623,,52163,15,,,1,101,,52164,15,,,1,30,,52166,15,,,1,70,,52165,15,,,1
601,'20260831',623,,65247,15,,,1,101,,65248,15,,,1,30,,65250,15,,,1,70,,65249,15,,,1
601,'20260901',623,,52171,15,,,1,101,,52172,15,,,1,30,,52174,15,,,1,70,,52173,15,,,1
601,'20260902',623,,52175,15,,,1,101,,52176,15,,,1,30,,52178,15,,,1,70,,52177,15,,,1
601,'20260903',623,,52179,15,,,1,101,,52180,15,,,1,30,,52182,15,,,1,70,,52181,15,,,1
601,'20260904',623,,52183,15,,,1,101,,52184,15,,,1,30,,52186,15,,,1,70,,52185,15,,,1
