500,'20260716',1027,,49416,16,,,1,101,,49405,16,0,8,1,99,,49406,16,0,8,1,100,,49407,16,0,8,1,107,,49417,16,,,1,102,,49412,16,0,9,1,91,,49418,16,,,1,85,,49415,16,,,1,15,,49408,16,0,8,1,15,,49413,16,,,1,15,,49414,16,,,1,70,,49419,16,,,1,100,,49409,16,0,8,1,100,,49410,16,0,8,1,100,,49411,16,0,8,1,107,,49420,16,,,1,93,,49421,16,,,1
500,'20260717',1027,,49433,16,,,1,101,,49422,16,0,8,1,99,,49423,16,0,8,1,100,,49424,16,0,8,1,107,,49434,16,,,1,102,,49429,16,0,9,1,91,,49435,16,,,1,85,,49432,16,,,1,15,,49425,16,0,8,1,15,,49430,16,,,1,15,,49431,16,,,1,70,,49436,16,,,1,100,,49426,16,0,8,1,100,,49427,16,0,8,1,100,,49428,16,0,8,1,107,,49437,16,,,1,93,,49438,16,,,1
500,'20260718',925,,49448,16,,,1,102,,49439,16,0,8,1,100,,49440,16,0,8,1,100,,49449,16,,,1,100,,49441,16,0,8,1,100,,49442,16,0,8,1,100,,49450,16,,,1,100,,49443,16,0,8,1,100,,49444,16,0,8,1,100,,49451,16,,,1,100,,49445,16,0,8,1,100,,49446,16,0,8,1,104,,49452,16,,,1,103,,49447,16,0,9,1,93,,49453,16,,,1
500,'20260719',925,,49463,16,,,1,102,,49454,16,0,8,1,100,,49455,16,0,8,1,100,,49464,16,,,1,100,,49456,16,0,8,1,100,,49457,16,0,8,1,100,,49465,16,,,1,100,,49458,16,0,8,1,100,,49459,16,0,8,1,100,,49466,16,,,1,100,,49460,16,0,8,1,100,,49461,16,0,8,1,104,,49467,16,,,1,103,,49462,16,0,9,1,93,,49468,16,,,1
500,'20260720',1027,,49480,16,,,1,101,,49469,16,0,8,1,99,,49470,16,0,8,1,100,,49471,16,0,8,1,107,,49481,16,,,1,102,,49476,16,0,9,1,91,,49482,16,,,1,85,,49479,16,,,1,15,,49472,16,0,8,1,15,,49477,16,,,1,15,,49478,16,,,1,70,,49483,16,,,1,100,,49473,16,0,8,1,100,,49474,16,0,8,1,100,,49475,16,0,8,1,107,,49484,16,,,1,93,,49485,16,,,1
500,'20260721',1027,,49497,16,,,1,101,,49486,16,0,8,1,99,,49487,16,0,8,1,100,,49488,16,0,8,1,107,,49498,16,,,1,102,,49493,16,0,9,1,91,,49499,16,,,1,85,,49496,16,,,1,15,,49489,16,0,8,1,15,,49494,16,,,1,15,,49495,16,,,1,70,,49500,16,,,1,100,,49490,16,0,8,1,100,,49491,16,0,8,1,100,,49492,16,0,8,1,107,,49501,16,,,1,93,,49502,16,,,1
500,'20260722',1027,,49514,16,,,1,101,,49503,16,0,8,1,99,,49504,16,0,8,1,100,,49505,16,0,8,1,107,,49515,16,,,1,102,,49510,16,0,9,1,91,,49516,16,,,1,85,,49513,16,,,1,15,,49506,16,0,8,1,15,,49511,16,,,1,15,,49512,16,,,1,70,,49517,16,,,1,100,,49507,16,0,8,1,100,,49508,16,0,8,1,100,,49509,16,0,8,1,107,,49518,16,,,1,93,,49519,16,,,1
500,'20260723',1027,,49531,16,,,1,101,,49520,16,0,8,1,99,,49521,16,0,8,1,100,,49522,16,0,8,1,107,,49532,16,,,1,102,,49527,16,0,9,1,91,,49533,16,,,1,85,,49530,16,,,1,15,,49523,16,0,8,1,15,,49528,16,,,1,15,,49529,16,,,1,70,,49534,16,,,1,100,,49524,16,0,8,1,100,,49525,16,0,8,1,100,,49526,16,0,8,1,107,,49535,16,,,1,93,,49536,16,,,1
500,'20260724',1027,,49548,16,,,1,101,,49537,16,0,8,1,99,,49538,16,0,8,1,100,,49539,16,0,8,1,107,,49549,16,,,1,102,,49544,16,0,9,1,91,,49550,16,,,1,85,,49547,16,,,1,15,,49540,16,0,8,1,15,,49545,16,,,1,15,,49546,16,,,1,70,,49551,16,,,1,100,,49541,16,0,8,1,100,,49542,16,0,8,1,100,,49543,16,0,8,1,107,,49552,16,,,1,93,,49553,16,,,1
500,'20260727',1027,,49595,16,,,1,94,,49584,16,0,8,1,102,,49585,16,0,8,1,102,,49586,16,0,8,1,109,,49596,16,,,1,102,,49591,16,0,9,1,91,,49597,16,,,1,85,,49594,16,,,1,15,,49587,16,0,8,1,15,,49592,16,,,1,15,,49593,16,,,1,70,,49598,16,,,1,93,,49588,16,0,8,1,102,,49589,16,0,8,1,102,,49590,16,0,8,1,110,,49599,16,,,1,93,,49600,16,,,1
500,'20260728',1027,,49612,16,,,1,101,,49601,16,0,8,1,99,,49602,16,0,8,1,100,,49603,16,0,8,1,107,,49613,16,,,1,102,,49608,16,0,9,1,91,,49614,16,,,1,85,,49611,16,,,1,15,,49604,16,0,8,1,15,,49609,16,,,1,15,,49610,16,,,1,70,,49615,16,,,1,100,,49605,16,0,8,1,100,,49606,16,0,8,1,100,,49607,16,0,8,1,107,,49616,16,,,1,93,,49617,16,,,1
500,'20260729',1027,,49629,16,,,1,101,,49618,16,0,8,1,99,,49619,16,0,8,1,100,,49620,16,0,8,1,107,,49630,16,,,1,102,,49625,16,0,9,1,91,,49631,16,,,1,85,,49628,16,,,1,15,,49621,16,0,8,1,15,,49626,16,,,1,15,,49627,16,,,1,70,,49632,16,,,1,100,,49622,16,0,8,1,100,,49623,16,0,8,1,100,,49624,16,0,8,1,107,,49633,16,,,1,93,,49634,16,,,1
500,'20260730',1027,,49646,16,,,1,101,,49635,16,0,8,1,99,,49636,16,0,8,1,100,,49637,16,0,8,1,107,,49647,16,,,1,102,,49642,16,0,9,1,91,,49648,16,,,1,85,,49645,16,,,1,15,,49638,16,0,8,1,15,,49643,16,,,1,15,,49644,16,,,1,70,,49649,16,,,1,100,,49639,16,0,8,1,100,,49640,16,0,8,1,100,,49641,16,0,8,1,107,,49650,16,,,1,93,,49651,16,,,1
500,'20260731',1027,,49663,16,,,1,101,,49652,16,0,8,1,99,,49653,16,0,8,1,100,,49654,16,0,8,1,107,,49664,16,,,1,102,,49659,16,0,9,1,91,,49665,16,,,1,85,,49662,16,,,1,15,,49655,16,0,8,1,15,,49660,16,,,1,15,,49661,16,,,1,70,,49666,16,,,1,100,,49656,16,0,8,1,100,,49657,16,0,8,1,100,,49658,16,0,8,1,107,,49667,16,,,1,93,,49668,16,,,1
500,'20260801',925,,49678,16,,,1,102,,49669,16,0,8,1,100,,49670,16,0,8,1,100,,49679,16,,,1,100,,49671,16,0,8,1,100,,49672,16,0,8,1,100,,49680,16,,,1,100,,49673,16,0,8,1,100,,49674,16,0,8,1,100,,49681,16,,,1,100,,49675,16,0,8,1,100,,49676,16,0,8,1,104,,49682,16,,,1,103,,49677,16,0,9,1,93,,49683,16,,,1
500,'20260802',925,,49693,16,,,1,102,,49684,16,0,8,1,100,,49685,16,0,8,1,100,,49694,16,,,1,100,,49686,16,0,8,1,100,,49687,16,0,8,1,100,,49695,16,,,1,100,,49688,16,0,8,1,100,,49689,16,0,8,1,100,,49696,16,,,1,100,,49690,16,0,8,1,100,,49691,16,0,8,1,104,,49697,16,,,1,103,,49692,16,0,9,1,93,,49698,16,,,1
500,'20260803',925,,64334,16,,,1,102,,64330,16,0,8,1,100,,49699,16,0,8,1,100,,64335,16,,,1,100,,49701,16,0,8,1,100,,64331,16,0,8,1,100,,64336,16,,,1,100,,64332,16,0,8,1,100,,49702,16,0,8,1,100,,49713,16,,,1,100,,49703,16,0,8,1,100,,49704,16,0,8,1,104,,64337,16,,,1,103,,64333,16,0,9,1,93,,49715,16,,,1
500,'20260804',1027,,49727,16,,,1,101,,49716,16,0,8,1,99,,49717,16,0,8,1,100,,49718,16,0,8,1,107,,49728,16,,,1,102,,49723,16,0,9,1,91,,49729,16,,,1,85,,49726,16,,,1,15,,49719,16,0,8,1,15,,49724,16,,,1,15,,49725,16,,,1,70,,49730,16,,,1,100,,49720,16,0,8,1,100,,49721,16,0,8,1,100,,49722,16,0,8,1,107,,49731,16,,,1,93,,49732,16,,,1
500,'20260805',1027,,49744,16,,,1,101,,49733,16,0,8,1,99,,49734,16,0,8,1,100,,49735,16,0,8,1,107,,49745,16,,,1,102,,49740,16,0,9,1,91,,49746,16,,,1,85,,49743,16,,,1,15,,49736,16,0,8,1,15,,49741,16,,,1,15,,49742,16,,,1,70,,49747,16,,,1,100,,49737,16,0,8,1,100,,49738,16,0,8,1,100,,49739,16,0,8,1,107,,49748,16,,,1,93,,49749,16,,,1
500,'20260806',1027,,49761,16,,,1,101,,49750,16,0,8,1,99,,49751,16,0,8,1,100,,49752,16,0,8,1,107,,49762,16,,,1,102,,49757,16,0,9,1,91,,49763,16,,,1,85,,49760,16,,,1,15,,49753,16,0,8,1,15,,49758,16,,,1,15,,49759,16,,,1,70,,49764,16,,,1,100,,49754,16,0,8,1,100,,49755,16,0,8,1,100,,49756,16,0,8,1,107,,49765,16,,,1,93,,49766,16,,,1
500,'20260807',1027,,49778,16,,,1,101,,49767,16,0,8,1,99,,49768,16,0,8,1,100,,49769,16,0,8,1,107,,49779,16,,,1,102,,49774,16,0,9,1,91,,49780,16,,,1,85,,49777,16,,,1,15,,49770,16,0,8,1,15,,49775,16,,,1,15,,49776,16,,,1,70,,49781,16,,,1,100,,49771,16,0,8,1,100,,49772,16,0,8,1,100,,49773,16,0,8,1,107,,49782,16,,,1,93,,49783,16,,,1
500,'20260808',925,,49793,16,,,1,102,,49784,16,0,8,1,100,,49785,16,0,8,1,100,,49794,16,,,1,100,,49786,16,0,8,1,100,,49787,16,0,8,1,100,,49795,16,,,1,100,,49788,16,0,8,1,100,,49789,16,0,8,1,100,,49796,16,,,1,100,,49790,16,0,8,1,100,,49791,16,0,8,1,104,,49797,16,,,1,103,,49792,16,0,9,1,93,,49798,16,,,1
500,'20260809',925,,49808,16,,,1,102,,49799,16,0,8,1,100,,49800,16,0,8,1,100,,49809,16,,,1,100,,49801,16,0,8,1,100,,49802,16,0,8,1,100,,49810,16,,,1,100,,49803,16,0,8,1,100,,49804,16,0,8,1,100,,49811,16,,,1,100,,49805,16,0,8,1,100,,49806,16,0,8,1,104,,49812,16,,,1,103,,49807,16,0,9,1,93,,49813,16,,,1
500,'20260810',1027,,65133,16,,,1,101,,49814,16,0,8,1,99,,65127,16,0,8,1,100,,49816,16,0,8,1,107,,65134,16,,,1,102,,65129,16,0,9,1,91,,65135,16,,,1,85,,65132,16,,,1,15,,49817,16,0,8,1,15,,65130,16,,,1,15,,65131,16,,,1,70,,49828,16,,,1,100,,49818,16,0,8,1,100,,49819,16,0,8,1,100,,65128,16,0,8,1,107,,65136,16,,,1,93,,49830,16,,,1
500,'20260811',1027,,49842,16,,,1,101,,49831,16,0,8,1,99,,49832,16,0,8,1,100,,49833,16,0,8,1,107,,49843,16,,,1,102,,49838,16,0,9,1,91,,49844,16,,,1,85,,49841,16,,,1,15,,49834,16,0,8,1,15,,49839,16,,,1,15,,49840,16,,,1,70,,49845,16,,,1,100,,49835,16,0,8,1,100,,49836,16,0,8,1,100,,49837,16,0,8,1,107,,49846,16,,,1,93,,49847,16,,,1
500,'20260812',1027,,49859,16,,,1,101,,49848,16,0,8,1,99,,49849,16,0,8,1,100,,49850,16,0,8,1,107,,49860,16,,,1,102,,49855,16,0,9,1,91,,49861,16,,,1,85,,49858,16,,,1,15,,49851,16,0,8,1,15,,49856,16,,,1,15,,49857,16,,,1,70,,49862,16,,,1,100,,49852,16,0,8,1,100,,49853,16,0,8,1,100,,49854,16,0,8,1,107,,49863,16,,,1,93,,49864,16,,,1
500,'20260813',1027,,49876,16,,,1,101,,49865,16,0,8,1,99,,49866,16,0,8,1,100,,49867,16,0,8,1,107,,49877,16,,,1,102,,49872,16,0,9,1,91,,49878,16,,,1,85,,49875,16,,,1,15,,49868,16,0,8,1,15,,49873,16,,,1,15,,49874,16,,,1,70,,49879,16,,,1,100,,49869,16,0,8,1,100,,49870,16,0,8,1,100,,49871,16,0,8,1,107,,49880,16,,,1,93,,49881,16,,,1
500,'20260814',1027,,49893,16,,,1,101,,49882,16,0,8,1,99,,49883,16,0,8,1,100,,49884,16,0,8,1,107,,49894,16,,,1,102,,49889,16,0,9,1,91,,49895,16,,,1,85,,49892,16,,,1,15,,49885,16,0,8,1,15,,49890,16,,,1,15,,49891,16,,,1,70,,49896,16,,,1,100,,49886,16,0,8,1,100,,49887,16,0,8,1,100,,49888,16,0,8,1,107,,49897,16,,,1,93,,49898,16,,,1
500,'20260815',925,,49908,16,,,1,102,,49899,16,0,8,1,100,,49900,16,0,8,1,100,,49909,16,,,1,100,,49901,16,0,8,1,100,,49902,16,0,8,1,100,,49910,16,,,1,100,,49903,16,0,8,1,100,,49904,16,0,8,1,100,,49911,16,,,1,100,,49905,16,0,8,1,100,,49906,16,0,8,1,104,,49912,16,,,1,103,,49907,16,0,9,1,93,,49913,16,,,1
500,'20260816',925,,49923,16,,,1,102,,49914,16,0,8,1,100,,49915,16,0,8,1,100,,49924,16,,,1,100,,49916,16,0,8,1,100,,49917,16,0,8,1,100,,49925,16,,,1,100,,49918,16,0,8,1,100,,49919,16,0,8,1,100,,49926,16,,,1,100,,49920,16,0,8,1,100,,49921,16,0,8,1,104,,49927,16,,,1,103,,49922,16,0,9,1,93,,49928,16,,,1
500,'20260817',1027,,65143,16,,,1,101,,49929,16,0,8,1,99,,65137,16,0,8,1,100,,49931,16,0,8,1,107,,65144,16,,,1,102,,65139,16,0,9,1,91,,65145,16,,,1,85,,65142,16,,,1,15,,49932,16,0,8,1,15,,65140,16,,,1,15,,65141,16,,,1,70,,49943,16,,,1,100,,49933,16,0,8,1,100,,49934,16,0,8,1,100,,65138,16,0,8,1,107,,65146,16,,,1,93,,49945,16,,,1
500,'20260818',1027,,49957,16,,,1,101,,49946,16,0,8,1,99,,49947,16,0,8,1,100,,49948,16,0,8,1,107,,49958,16,,,1,102,,49953,16,0,9,1,91,,49959,16,,,1,85,,49956,16,,,1,15,,49949,16,0,8,1,15,,49954,16,,,1,15,,49955,16,,,1,70,,49960,16,,,1,100,,49950,16,0,8,1,100,,49951,16,0,8,1,100,,49952,16,0,8,1,107,,49961,16,,,1,93,,49962,16,,,1
500,'20260819',1027,,49974,16,,,1,101,,49963,16,0,8,1,99,,49964,16,0,8,1,100,,49965,16,0,8,1,107,,49975,16,,,1,102,,49970,16,0,9,1,91,,49976,16,,,1,85,,49973,16,,,1,15,,49966,16,0,8,1,15,,49971,16,,,1,15,,49972,16,,,1,70,,49977,16,,,1,100,,49967,16,0,8,1,100,,49968,16,0,8,1,100,,49969,16,0,8,1,107,,49978,16,,,1,93,,49979,16,,,1
500,'20260820',1027,,49991,16,,,1,101,,49980,16,0,8,1,99,,49981,16,0,8,1,100,,49982,16,0,8,1,107,,49992,16,,,1,102,,49987,16,0,9,1,91,,49993,16,,,1,85,,49990,16,,,1,15,,49983,16,0,8,1,15,,49988,16,,,1,15,,49989,16,,,1,70,,49994,16,,,1,100,,49984,16,0,8,1,100,,49985,16,0,8,1,100,,49986,16,0,8,1,107,,49995,16,,,1,93,,49996,16,,,1
500,'20260821',1027,,50008,16,,,1,101,,49997,16,0,8,1,99,,49998,16,0,8,1,100,,49999,16,0,8,1,107,,50009,16,,,1,102,,50004,16,0,9,1,91,,50010,16,,,1,85,,50007,16,,,1,15,,50000,16,0,8,1,15,,50005,16,,,1,15,,50006,16,,,1,70,,50011,16,,,1,100,,50001,16,0,8,1,100,,50002,16,0,8,1,100,,50003,16,0,8,1,107,,50012,16,,,1,93,,50013,16,,,1
500,'20260822',925,,50023,16,,,1,102,,50014,16,0,8,1,100,,50015,16,0,8,1,100,,50024,16,,,1,100,,50016,16,0,8,1,100,,50017,16,0,8,1,100,,50025,16,,,1,100,,50018,16,0,8,1,100,,50019,16,0,8,1,100,,50026,16,,,1,100,,50020,16,0,8,1,100,,50021,16,0,8,1,104,,50027,16,,,1,103,,50022,16,0,9,1,93,,50028,16,,,1
500,'20260823',925,,50038,16,,,1,102,,50029,16,0,8,1,100,,50030,16,0,8,1,100,,50039,16,,,1,100,,50031,16,0,8,1,100,,50032,16,0,8,1,100,,50040,16,,,1,100,,50033,16,0,8,1,100,,50034,16,0,8,1,100,,50041,16,,,1,100,,50035,16,0,8,1,100,,50036,16,0,8,1,104,,50042,16,,,1,103,,50037,16,0,9,1,93,,50043,16,,,1
500,'20260824',1027,,65153,16,,,1,101,,50044,16,0,8,1,99,,65147,16,0,8,1,100,,50046,16,0,8,1,107,,65154,16,,,1,102,,65149,16,0,9,1,91,,65155,16,,,1,85,,65152,16,,,1,15,,50047,16,0,8,1,15,,65150,16,,,1,15,,65151,16,,,1,70,,50058,16,,,1,100,,50048,16,0,8,1,100,,50049,16,0,8,1,100,,65148,16,0,8,1,107,,65156,16,,,1,93,,50060,16,,,1
500,'20260825',1027,,50072,16,,,1,101,,50061,16,0,8,1,99,,50062,16,0,8,1,100,,50063,16,0,8,1,107,,50073,16,,,1,102,,50068,16,0,9,1,91,,50074,16,,,1,85,,50071,16,,,1,15,,50064,16,0,8,1,15,,50069,16,,,1,15,,50070,16,,,1,70,,50075,16,,,1,100,,50065,16,0,8,1,100,,50066,16,0,8,1,100,,50067,16,0,8,1,107,,50076,16,,,1,93,,50077,16,,,1
500,'20260826',1027,,50089,16,,,1,101,,50078,16,0,8,1,99,,50079,16,0,8,1,100,,50080,16,0,8,1,107,,50090,16,,,1,102,,50085,16,0,9,1,91,,50091,16,,,1,85,,50088,16,,,1,15,,50081,16,0,8,1,15,,50086,16,,,1,15,,50087,16,,,1,70,,50092,16,,,1,100,,50082,16,0,8,1,100,,50083,16,0,8,1,100,,50084,16,0,8,1,107,,50093,16,,,1,93,,50094,16,,,1
500,'20260827',1027,,50106,16,,,1,101,,50095,16,0,8,1,99,,50096,16,0,8,1,100,,50097,16,0,8,1,107,,50107,16,,,1,102,,50102,16,0,9,1,91,,50108,16,,,1,85,,50105,16,,,1,15,,50098,16,0,8,1,15,,50103,16,,,1,15,,50104,16,,,1,70,,50109,16,,,1,100,,50099,16,0,8,1,100,,50100,16,0,8,1,100,,50101,16,0,8,1,107,,50110,16,,,1,93,,50111,16,,,1
500,'20260828',1027,,50123,16,,,1,101,,50112,16,0,8,1,99,,50113,16,0,8,1,100,,50114,16,0,8,1,107,,50124,16,,,1,102,,50119,16,0,9,1,91,,50125,16,,,1,85,,50122,16,,,1,15,,50115,16,0,8,1,15,,50120,16,,,1,15,,50121,16,,,1,70,,50126,16,,,1,100,,50116,16,0,8,1,100,,50117,16,0,8,1,100,,50118,16,0,8,1,107,,50127,16,,,1,93,,50128,16,,,1
500,'20260829',925,,50138,16,,,1,102,,50129,16,0,8,1,100,,50130,16,0,8,1,100,,50139,16,,,1,100,,50131,16,0,8,1,100,,50132,16,0,8,1,100,,50140,16,,,1,100,,50133,16,0,8,1,100,,50134,16,0,8,1,100,,50141,16,,,1,100,,50135,16,0,8,1,100,,50136,16,0,8,1,104,,50142,16,,,1,103,,50137,16,0,9,1,93,,50143,16,,,1
500,'20260830',925,,50153,16,,,1,102,,50144,16,0,8,1,100,,50145,16,0,8,1,100,,50154,16,,,1,100,,50146,16,0,8,1,100,,50147,16,0,8,1,100,,50155,16,,,1,100,,50148,16,0,8,1,100,,50149,16,0,8,1,100,,50156,16,,,1,100,,50150,16,0,8,1,100,,50151,16,0,8,1,104,,50157,16,,,1,103,,50152,16,0,9,1,93,,50158,16,,,1
500,'20260831',1027,,65163,16,,,1,101,,50159,16,0,8,1,99,,65157,16,0,8,1,100,,50161,16,0,8,1,107,,65164,16,,,1,102,,65159,16,0,9,1,91,,65165,16,,,1,85,,65162,16,,,1,15,,50162,16,0,8,1,15,,65160,16,,,1,15,,65161,16,,,1,70,,50173,16,,,1,100,,50163,16,0,8,1,100,,50164,16,0,8,1,100,,65158,16,0,8,1,107,,65166,16,,,1,93,,50175,16,,,1
500,'20260901',1027,,50187,16,,,1,101,,50176,16,0,8,1,99,,50177,16,0,8,1,100,,50178,16,0,8,1,107,,50188,16,,,1,102,,50183,16,0,9,1,91,,50189,16,,,1,85,,50186,16,,,1,15,,50179,16,0,8,1,15,,50184,16,,,1,15,,50185,16,,,1,70,,50190,16,,,1,100,,50180,16,0,8,1,100,,50181,16,0,8,1,100,,50182,16,0,8,1,107,,50191,16,,,1,93,,50192,16,,,1
500,'20260902',1027,,50204,16,,,1,101,,50193,16,0,8,1,99,,50194,16,0,8,1,100,,50195,16,0,8,1,107,,50205,16,,,1,102,,50200,16,0,9,1,91,,50206,16,,,1,85,,50203,16,,,1,15,,50196,16,0,8,1,15,,50201,16,,,1,15,,50202,16,,,1,70,,50207,16,,,1,100,,50197,16,0,8,1,100,,50198,16,0,8,1,100,,50199,16,0,8,1,107,,50208,16,,,1,93,,50209,16,,,1
500,'20260903',1027,,50221,16,,,1,101,,50210,16,0,8,1,99,,50211,16,0,8,1,100,,50212,16,0,8,1,107,,50222,16,,,1,102,,50217,16,0,9,1,91,,50223,16,,,1,85,,50220,16,,,1,15,,50213,16,0,8,1,15,,50218,16,,,1,15,,50219,16,,,1,70,,50224,16,,,1,100,,50214,16,0,8,1,100,,50215,16,0,8,1,100,,50216,16,0,8,1,107,,50225,16,,,1,93,,50226,16,,,1
500,'20260904',1027,,50238,16,,,1,101,,50227,16,0,8,1,99,,50228,16,0,8,1,100,,50229,16,0,8,1,107,,50239,16,,,1,102,,50234,16,0,9,1,91,,50240,16,,,1,85,,50237,16,,,1,15,,50230,16,0,8,1,15,,50235,16,,,1,15,,50236,16,,,1,70,,50241,16,,,1,100,,50231,16,0,8,1,100,,50232,16,0,8,1,100,,50233,16,0,8,1,107,,50242,16,,,1,93,,50243,16,,,1
501,'20260716',556,,50824,13,,,1,70,,50825,20,,,1,30,,50827,20,,,1,70,,50826,20,,,1,20,,50817,7,,,1,60,,50828,20,,,1,15,,50829,20,,,1,93,,50830,20,,,1,98,,50831,20,,,1,102,,50818,7,,,1,98,,50819,7,,,1,100,,50820,7,,,1,106,,50832,20,,,1,103,,50821,7,,,1,491,,50822,7,,,1,100,,50823,7,,,1,107,,50833,20,,,1
501,'20260717',556,,50841,13,,,1,70,,50842,20,,,1,30,,50844,20,,,1,70,,50843,20,,,1,20,,50834,7,,,1,60,,50845,20,,,1,15,,50846,20,,,1,93,,50847,20,,,1,98,,50848,20,,,1,102,,50835,7,,,1,98,,50836,7,,,1,100,,50837,7,,,1,106,,50849,20,,,1,103,,50838,7,,,1,491,,50839,7,,,1,100,,50840,7,,,1,107,,50850,20,,,1
501,'20260718',809,,50860,20,,,1,100,,50861,20,,,1,103,,50851,7,,,1,100,,50852,7,,,1,101,,50862,20,,,1,99,,50853,7,,,1,100,,50854,7,,,1,101,,50863,20,,,1,99,,50855,7,,,1,100,,50856,7,,,1,101,,50864,20,,,1,99,,50857,7,,,1,100,,50858,7,,,1,104,,50865,20,,,1,104,,50859,7,,,1
501,'20260719',809,,50875,20,,,1,100,,50876,20,,,1,103,,50866,7,,,1,100,,50867,7,,,1,101,,50877,20,,,1,99,,50868,7,,,1,100,,50869,7,,,1,101,,50878,20,,,1,99,,50870,7,,,1,100,,50871,7,,,1,101,,50879,20,,,1,99,,50872,7,,,1,100,,50873,7,,,1,104,,50880,20,,,1,104,,50874,7,,,1
501,'20260720',556,,50888,13,,,1,70,,50889,20,,,1,30,,50891,20,,,1,70,,50890,20,,,1,20,,50881,7,,,1,60,,50892,20,,,1,15,,50893,20,,,1,93,,50894,20,,,1,98,,50895,20,,,1,102,,50882,7,,,1,98,,50883,7,,,1,100,,50884,7,,,1,106,,50896,20,,,1,103,,50885,7,,,1,491,,50886,7,,,1,100,,50887,7,,,1,107,,50897,20,,,1
501,'20260721',556,,50905,13,,,1,70,,50906,20,,,1,30,,50908,20,,,1,70,,50907,20,,,1,20,,50898,7,,,1,60,,50909,20,,,1,15,,50910,20,,,1,93,,50911,20,,,1,98,,50912,20,,,1,102,,50899,7,,,1,98,,50900,7,,,1,100,,50901,7,,,1,106,,50913,20,,,1,103,,50902,7,,,1,491,,50903,7,,,1,100,,50904,7,,,1,107,,50914,20,,,1
501,'20260722',556,,50922,13,,,1,70,,50923,20,,,1,30,,50925,20,,,1,70,,50924,20,,,1,20,,50915,7,,,1,60,,50926,20,,,1,15,,50927,20,,,1,93,,50928,20,,,1,98,,50929,20,,,1,102,,50916,7,,,1,98,,50917,7,,,1,100,,50918,7,,,1,106,,50930,20,,,1,103,,50919,7,,,1,491,,50920,7,,,1,100,,50921,7,,,1,107,,50931,20,,,1
501,'20260723',556,,50939,13,,,1,70,,50940,20,,,1,30,,50942,20,,,1,70,,50941,20,,,1,20,,50932,7,,,1,60,,50943,20,,,1,15,,50944,20,,,1,93,,50945,20,,,1,98,,50946,20,,,1,102,,50933,7,,,1,98,,50934,7,,,1,100,,50935,7,,,1,106,,50947,20,,,1,103,,50936,7,,,1,491,,50937,7,,,1,100,,50938,7,,,1,107,,50948,20,,,1
501,'20260724',556,,50956,13,,,1,70,,50957,20,,,1,30,,50959,20,,,1,70,,50958,20,,,1,20,,50949,7,,,1,60,,50960,20,,,1,15,,50961,20,,,1,93,,50962,20,,,1,98,,50963,20,,,1,102,,50950,7,,,1,98,,50951,7,,,1,100,,50952,7,,,1,106,,50964,20,,,1,103,,50953,7,,,1,491,,50954,7,,,1,100,,50955,7,,,1,107,,50965,20,,,1
501,'20260727',556,,51003,13,,,1,70,,51004,20,,,1,30,,51006,20,,,1,70,,51005,20,,,1,20,,50996,7,,,1,60,,51007,20,,,1,15,,51008,20,,,1,93,,51009,20,,,1,98,,51010,20,,,1,94,,50997,1,,,1,102,,50998,7,,,1,102,,50999,7,,,1,108,,51011,20,,,1,103,,51000,1,,,1,486,,51001,7,,,1,102,,51002,7,,,1,110,,51012,20,,,1
501,'20260728',556,,51020,13,,,1,70,,51021,20,,,1,30,,51023,20,,,1,70,,51022,20,,,1,20,,51013,7,,,1,60,,51024,20,,,1,15,,51025,20,,,1,93,,51026,20,,,1,98,,51027,20,,,1,102,,51014,7,,,1,98,,51015,7,,,1,100,,51016,7,,,1,106,,51028,20,,,1,103,,51017,7,,,1,491,,51018,7,,,1,100,,51019,7,,,1,107,,51029,20,,,1
501,'20260729',556,,51037,13,,,1,70,,51038,20,,,1,30,,51040,20,,,1,70,,51039,20,,,1,20,,51030,7,,,1,60,,51041,20,,,1,15,,51042,20,,,1,93,,51043,20,,,1,98,,51044,20,,,1,102,,51031,7,,,1,98,,51032,7,,,1,100,,51033,7,,,1,106,,51045,20,,,1,103,,51034,7,,,1,491,,51035,7,,,1,100,,51036,7,,,1,107,,51046,20,,,1
501,'20260730',556,,51054,13,,,1,70,,51055,20,,,1,30,,51057,20,,,1,70,,51056,20,,,1,20,,51047,7,,,1,60,,51058,20,,,1,15,,51059,20,,,1,93,,51060,20,,,1,98,,51061,20,,,1,102,,51048,7,,,1,98,,51049,7,,,1,100,,51050,7,,,1,106,,51062,20,,,1,103,,51051,7,,,1,491,,51052,7,,,1,100,,51053,7,,,1,107,,51063,20,,,1
501,'20260731',556,,51071,13,,,1,70,,51072,20,,,1,30,,51074,20,,,1,70,,51073,20,,,1,20,,51064,7,,,1,60,,51075,20,,,1,15,,51076,20,,,1,93,,51077,20,,,1,98,,51078,20,,,1,102,,51065,7,,,1,98,,51066,7,,,1,100,,51067,7,,,1,106,,51079,20,,,1,103,,51068,7,,,1,491,,51069,7,,,1,100,,51070,7,,,1,107,,51080,20,,,1
501,'20260801',809,,51090,20,,,1,100,,51091,20,,,1,103,,51081,7,,,1,100,,51082,7,,,1,101,,51092,20,,,1,99,,51083,7,,,1,100,,51084,7,,,1,101,,51093,20,,,1,99,,51085,7,,,1,100,,51086,7,,,1,101,,51094,20,,,1,99,,51087,7,,,1,100,,51088,7,,,1,104,,51095,20,,,1,104,,51089,7,,,1
501,'20260802',809,,51105,20,,,1,100,,51106,20,,,1,103,,51096,7,,,1,100,,51097,7,,,1,101,,51107,20,,,1,99,,51098,7,,,1,100,,51099,7,,,1,101,,51108,20,,,1,99,,51100,7,,,1,100,,51101,7,,,1,101,,51109,20,,,1,99,,51102,7,,,1,100,,51103,7,,,1,104,,51110,20,,,1,104,,51104,7,,,1
501,'20260803',809,,51122,20,,,1,100,,51124,20,,,1,103,,64370,7,,,1,100,,51112,7,,,1,101,,64376,20,,,1,99,,51114,7,,,1,100,,64371,7,,,1,101,,64377,20,,,1,99,,64372,7,,,1,100,,64373,7,,,1,101,,64378,20,,,1,99,,64374,7,,,1,100,,51116,7,,,1,104,,64379,20,,,1,104,,64375,7,,,1
501,'20260804',556,,51135,13,,,1,70,,51136,20,,,1,30,,51138,20,,,1,70,,51137,20,,,1,20,,51128,7,,,1,60,,51139,20,,,1,15,,51140,20,,,1,93,,51141,20,,,1,98,,51142,20,,,1,102,,51129,7,,,1,98,,51130,7,,,1,100,,51131,7,,,1,106,,51143,20,,,1,103,,51132,7,,,1,491,,51133,7,,,1,100,,51134,7,,,1,107,,51144,20,,,1
501,'20260805',556,,51152,13,,,1,70,,51153,20,,,1,30,,51155,20,,,1,70,,51154,20,,,1,20,,51145,7,,,1,60,,51156,20,,,1,15,,51157,20,,,1,93,,51158,20,,,1,98,,51159,20,,,1,102,,51146,7,,,1,98,,51147,7,,,1,100,,51148,7,,,1,106,,51160,20,,,1,103,,51149,7,,,1,491,,51150,7,,,1,100,,51151,7,,,1,107,,51161,20,,,1
501,'20260806',556,,51169,13,,,1,70,,51170,20,,,1,30,,51172,20,,,1,70,,51171,20,,,1,20,,51162,7,,,1,60,,51173,20,,,1,15,,51174,20,,,1,93,,51175,20,,,1,98,,51176,20,,,1,102,,51163,7,,,1,98,,51164,7,,,1,100,,51165,7,,,1,106,,51177,20,,,1,103,,51166,7,,,1,491,,51167,7,,,1,100,,51168,7,,,1,107,,51178,20,,,1
501,'20260807',556,,51186,13,,,1,70,,51187,20,,,1,30,,51189,20,,,1,70,,51188,20,,,1,20,,51179,7,,,1,60,,51190,20,,,1,15,,51191,20,,,1,93,,51192,20,,,1,98,,51193,20,,,1,102,,51180,7,,,1,98,,51181,7,,,1,100,,51182,7,,,1,106,,51194,20,,,1,103,,51183,7,,,1,491,,51184,7,,,1,100,,51185,7,,,1,107,,51195,20,,,1
501,'20260808',809,,51205,20,,,1,100,,51206,20,,,1,103,,51196,7,,,1,100,,51197,7,,,1,101,,51207,20,,,1,99,,51198,7,,,1,100,,51199,7,,,1,101,,51208,20,,,1,99,,51200,7,,,1,100,,51201,7,,,1,101,,51209,20,,,1,99,,51202,7,,,1,100,,51203,7,,,1,104,,51210,20,,,1,104,,51204,7,,,1
501,'20260809',809,,51220,20,,,1,100,,51221,20,,,1,103,,51211,7,,,1,100,,51212,7,,,1,101,,51222,20,,,1,99,,51213,7,,,1,100,,51214,7,,,1,101,,51223,20,,,1,99,,51215,7,,,1,100,,51216,7,,,1,101,,51224,20,,,1,99,,51217,7,,,1,100,,51218,7,,,1,104,,51225,20,,,1,104,,51219,7,,,1
501,'20260810',556,,65171,13,,,1,70,,65172,20,,,1,30,,65174,20,,,1,70,,65173,20,,,1,20,,65167,7,,,1,60,,51237,20,,,1,15,,65175,20,,,1,93,,51239,20,,,1,98,,65176,20,,,1,102,,51227,7,,,1,98,,65168,7,,,1,100,,51229,7,,,1,106,,65177,20,,,1,103,,65169,7,,,1,491,,51231,7,,,1,100,,65170,7,,,1,107,,65178,20,,,1
501,'20260811',556,,51250,13,,,1,70,,51251,20,,,1,30,,51253,20,,,1,70,,51252,20,,,1,20,,51243,7,,,1,60,,51254,20,,,1,15,,51255,20,,,1,93,,51256,20,,,1,98,,51257,20,,,1,102,,51244,7,,,1,98,,51245,7,,,1,100,,51246,7,,,1,106,,51258,20,,,1,103,,51247,7,,,1,491,,51248,7,,,1,100,,51249,7,,,1,107,,51259,20,,,1
501,'20260812',556,,51267,13,,,1,70,,51268,20,,,1,30,,51270,20,,,1,70,,51269,20,,,1,20,,51260,7,,,1,60,,51271,20,,,1,15,,51272,20,,,1,93,,51273,20,,,1,98,,51274,20,,,1,102,,51261,7,,,1,98,,51262,7,,,1,100,,51263,7,,,1,106,,51275,20,,,1,103,,51264,7,,,1,491,,51265,7,,,1,100,,51266,7,,,1,107,,51276,20,,,1
501,'20260813',556,,51284,13,,,1,70,,51285,20,,,1,30,,51287,20,,,1,70,,51286,20,,,1,20,,51277,7,,,1,60,,51288,20,,,1,15,,51289,20,,,1,93,,51290,20,,,1,98,,51291,20,,,1,102,,51278,7,,,1,98,,51279,7,,,1,100,,51280,7,,,1,106,,51292,20,,,1,103,,51281,7,,,1,491,,51282,7,,,1,100,,51283,7,,,1,107,,51293,20,,,1
501,'20260814',556,,51301,13,,,1,70,,51302,20,,,1,30,,51304,20,,,1,70,,51303,20,,,1,20,,51294,7,,,1,60,,51305,20,,,1,15,,51306,20,,,1,93,,51307,20,,,1,98,,51308,20,,,1,102,,51295,7,,,1,98,,51296,7,,,1,100,,51297,7,,,1,106,,51309,20,,,1,103,,51298,7,,,1,491,,51299,7,,,1,100,,51300,7,,,1,107,,51310,20,,,1
501,'20260815',809,,51320,20,,,1,100,,51321,20,,,1,103,,51311,7,,,1,100,,51312,7,,,1,101,,51322,20,,,1,99,,51313,7,,,1,100,,51314,7,,,1,101,,51323,20,,,1,99,,51315,7,,,1,100,,51316,7,,,1,101,,51324,20,,,1,99,,51317,7,,,1,100,,51318,7,,,1,104,,51325,20,,,1,104,,51319,7,,,1
501,'20260816',809,,51335,20,,,1,100,,51336,20,,,1,103,,51326,7,,,1,100,,51327,7,,,1,101,,51337,20,,,1,99,,51328,7,,,1,100,,51329,7,,,1,101,,51338,20,,,1,99,,51330,7,,,1,100,,51331,7,,,1,101,,51339,20,,,1,99,,51332,7,,,1,100,,51333,7,,,1,104,,51340,20,,,1,104,,51334,7,,,1
501,'20260817',556,,65183,13,,,1,70,,65184,20,,,1,30,,65186,20,,,1,70,,65185,20,,,1,20,,65179,7,,,1,60,,51352,20,,,1,15,,65187,20,,,1,93,,51354,20,,,1,98,,65188,20,,,1,102,,51342,7,,,1,98,,65180,7,,,1,100,,51344,7,,,1,106,,65189,20,,,1,103,,65181,7,,,1,491,,51346,7,,,1,100,,65182,7,,,1,107,,65190,20,,,1
501,'20260818',556,,51365,13,,,1,70,,51366,20,,,1,30,,51368,20,,,1,70,,51367,20,,,1,20,,51358,7,,,1,60,,51369,20,,,1,15,,51370,20,,,1,93,,51371,20,,,1,98,,51372,20,,,1,102,,51359,7,,,1,98,,51360,7,,,1,100,,51361,7,,,1,106,,51373,20,,,1,103,,51362,7,,,1,491,,51363,7,,,1,100,,51364,7,,,1,107,,51374,20,,,1
501,'20260819',556,,51382,13,,,1,70,,51383,20,,,1,30,,51385,20,,,1,70,,51384,20,,,1,20,,51375,7,,,1,60,,51386,20,,,1,15,,51387,20,,,1,93,,51388,20,,,1,98,,51389,20,,,1,102,,51376,7,,,1,98,,51377,7,,,1,100,,51378,7,,,1,106,,51390,20,,,1,103,,51379,7,,,1,491,,51380,7,,,1,100,,51381,7,,,1,107,,51391,20,,,1
501,'20260820',556,,51399,13,,,1,70,,51400,20,,,1,30,,51402,20,,,1,70,,51401,20,,,1,20,,51392,7,,,1,60,,51403,20,,,1,15,,51404,20,,,1,93,,51405,20,,,1,98,,51406,20,,,1,102,,51393,7,,,1,98,,51394,7,,,1,100,,51395,7,,,1,106,,51407,20,,,1,103,,51396,7,,,1,491,,51397,7,,,1,100,,51398,7,,,1,107,,51408,20,,,1
501,'20260821',556,,51416,13,,,1,70,,51417,20,,,1,30,,51419,20,,,1,70,,51418,20,,,1,20,,51409,7,,,1,60,,51420,20,,,1,15,,51421,20,,,1,93,,51422,20,,,1,98,,51423,20,,,1,102,,51410,7,,,1,98,,51411,7,,,1,100,,51412,7,,,1,106,,51424,20,,,1,103,,51413,7,,,1,491,,51414,7,,,1,100,,51415,7,,,1,107,,51425,20,,,1
501,'20260822',809,,51435,20,,,1,100,,51436,20,,,1,103,,51426,7,,,1,100,,51427,7,,,1,101,,51437,20,,,1,99,,51428,7,,,1,100,,51429,7,,,1,101,,51438,20,,,1,99,,51430,7,,,1,100,,51431,7,,,1,101,,51439,20,,,1,99,,51432,7,,,1,100,,51433,7,,,1,104,,51440,20,,,1,104,,51434,7,,,1
501,'20260823',809,,51450,20,,,1,100,,51451,20,,,1,103,,51441,7,,,1,100,,51442,7,,,1,101,,51452,20,,,1,99,,51443,7,,,1,100,,51444,7,,,1,101,,51453,20,,,1,99,,51445,7,,,1,100,,51446,7,,,1,101,,51454,20,,,1,99,,51447,7,,,1,100,,51448,7,,,1,104,,51455,20,,,1,104,,51449,7,,,1
501,'20260824',556,,65195,13,,,1,70,,65196,20,,,1,30,,65198,20,,,1,70,,65197,20,,,1,20,,65191,7,,,1,60,,51467,20,,,1,15,,65199,20,,,1,93,,51469,20,,,1,98,,65200,20,,,1,102,,51457,7,,,1,98,,65192,7,,,1,100,,51459,7,,,1,106,,65201,20,,,1,103,,65193,7,,,1,491,,51461,7,,,1,100,,65194,7,,,1,107,,65202,20,,,1
501,'20260825',556,,51480,13,,,1,70,,51481,20,,,1,30,,51483,20,,,1,70,,51482,20,,,1,20,,51473,7,,,1,60,,51484,20,,,1,15,,51485,20,,,1,93,,51486,20,,,1,98,,51487,20,,,1,102,,51474,7,,,1,98,,51475,7,,,1,100,,51476,7,,,1,106,,51488,20,,,1,103,,51477,7,,,1,491,,51478,7,,,1,100,,51479,7,,,1,107,,51489,20,,,1
501,'20260826',556,,51497,13,,,1,70,,51498,20,,,1,30,,51500,20,,,1,70,,51499,20,,,1,20,,51490,7,,,1,60,,51501,20,,,1,15,,51502,20,,,1,93,,51503,20,,,1,98,,51504,20,,,1,102,,51491,7,,,1,98,,51492,7,,,1,100,,51493,7,,,1,106,,51505,20,,,1,103,,51494,7,,,1,491,,51495,7,,,1,100,,51496,7,,,1,107,,51506,20,,,1
501,'20260827',556,,51514,13,,,1,70,,51515,20,,,1,30,,51517,20,,,1,70,,51516,20,,,1,20,,51507,7,,,1,60,,51518,20,,,1,15,,51519,20,,,1,93,,51520,20,,,1,98,,51521,20,,,1,102,,51508,7,,,1,98,,51509,7,,,1,100,,51510,7,,,1,106,,51522,20,,,1,103,,51511,7,,,1,491,,51512,7,,,1,100,,51513,7,,,1,107,,51523,20,,,1
501,'20260828',556,,51531,13,,,1,70,,51532,20,,,1,30,,51534,20,,,1,70,,51533,20,,,1,20,,51524,7,,,1,60,,51535,20,,,1,15,,51536,20,,,1,93,,51537,20,,,1,98,,51538,20,,,1,102,,51525,7,,,1,98,,51526,7,,,1,100,,51527,7,,,1,106,,51539,20,,,1,103,,51528,7,,,1,491,,51529,7,,,1,100,,51530,7,,,1,107,,51540,20,,,1
501,'20260829',809,,51550,20,,,1,100,,51551,20,,,1,103,,51541,7,,,1,100,,51542,7,,,1,101,,51552,20,,,1,99,,51543,7,,,1,100,,51544,7,,,1,101,,51553,20,,,1,99,,51545,7,,,1,100,,51546,7,,,1,101,,51554,20,,,1,99,,51547,7,,,1,100,,51548,7,,,1,104,,51555,20,,,1,104,,51549,7,,,1
501,'20260830',809,,51565,20,,,1,100,,51566,20,,,1,103,,51556,7,,,1,100,,51557,7,,,1,101,,51567,20,,,1,99,,51558,7,,,1,100,,51559,7,,,1,101,,51568,20,,,1,99,,51560,7,,,1,100,,51561,7,,,1,101,,51569,20,,,1,99,,51562,7,,,1,100,,51563,7,,,1,104,,51570,20,,,1,104,,51564,7,,,1
501,'20260831',556,,65207,13,,,1,70,,65208,20,,,1,30,,65210,20,,,1,70,,65209,20,,,1,20,,65203,7,,,1,60,,51582,20,,,1,15,,65211,20,,,1,93,,51584,20,,,1,98,,65212,20,,,1,102,,51572,7,,,1,98,,65204,7,,,1,100,,51574,7,,,1,106,,65213,20,,,1,103,,65205,7,,,1,491,,51576,7,,,1,100,,65206,7,,,1,107,,65214,20,,,1
501,'20260901',556,,51595,13,,,1,70,,51596,20,,,1,30,,51598,20,,,1,70,,51597,20,,,1,20,,51588,7,,,1,60,,51599,20,,,1,15,,51600,20,,,1,93,,51601,20,,,1,98,,51602,20,,,1,102,,51589,7,,,1,98,,51590,7,,,1,100,,51591,7,,,1,106,,51603,20,,,1,103,,51592,7,,,1,491,,51593,7,,,1,100,,51594,7,,,1,107,,51604,20,,,1
501,'20260902',556,,51612,13,,,1,70,,51613,20,,,1,30,,51615,20,,,1,70,,51614,20,,,1,20,,51605,7,,,1,60,,51616,20,,,1,15,,51617,20,,,1,93,,51618,20,,,1,98,,51619,20,,,1,102,,51606,7,,,1,98,,51607,7,,,1,100,,51608,7,,,1,106,,51620,20,,,1,103,,51609,7,,,1,491,,51610,7,,,1,100,,51611,7,,,1,107,,51621,20,,,1
501,'20260903',556,,51629,13,,,1,70,,51630,20,,,1,30,,51632,20,,,1,70,,51631,20,,,1,20,,51622,7,,,1,60,,51633,20,,,1,15,,51634,20,,,1,93,,51635,20,,,1,98,,51636,20,,,1,102,,51623,7,,,1,98,,51624,7,,,1,100,,51625,7,,,1,106,,51637,20,,,1,103,,51626,7,,,1,491,,51627,7,,,1,100,,51628,7,,,1,107,,51638,20,,,1
501,'20260904',556,,51646,13,,,1,70,,51647,20,,,1,30,,51649,20,,,1,70,,51648,20,,,1,20,,51639,7,,,1,60,,51650,20,,,1,15,,51651,20,,,1,93,,51652,20,,,1,98,,51653,20,,,1,102,,51640,7,,,1,98,,51641,7,,,1,100,,51642,7,,,1,106,,51654,20,,,1,103,,51643,7,,,1,491,,51644,7,,,1,100,,51645,7,,,1,107,,51655,20,,,1
