500,'20260722',1023,,49514,15,,,1,101,,49503,15,0,8,1,99,,49504,15,0,8,1,100,,49505,15,0,8,1,107,,49515,15,,,1,102,,49510,15,0,9,1,90,,49516,15,,,1,85,,49513,15,,,1,15,,49506,15,0,8,1,15,,49511,15,,,1,15,,49512,15,,,1,70,,49517,15,,,1,101,,49507,15,0,8,1,100,,49508,15,0,8,1,100,,49509,15,0,8,1,107,,49518,15,,,1,93,,49519,15,,,1
500,'20260723',1023,,49531,15,,,1,101,,49520,15,0,8,1,99,,49521,15,0,8,1,100,,49522,15,0,8,1,107,,49532,15,,,1,102,,49527,15,0,9,1,90,,49533,15,,,1,85,,49530,15,,,1,15,,49523,15,0,8,1,15,,49528,15,,,1,15,,49529,15,,,1,70,,49534,15,,,1,101,,49524,15,0,8,1,100,,49525,15,0,8,1,100,,49526,15,0,8,1,107,,49535,15,,,1,93,,49536,15,,,1
500,'20260724',1023,,49548,15,,,1,101,,49537,15,0,8,1,99,,49538,15,0,8,1,100,,49539,15,0,8,1,107,,49549,15,,,1,102,,49544,15,0,9,1,90,,49550,15,,,1,85,,49547,15,,,1,15,,49540,15,0,8,1,15,,49545,15,,,1,15,,49546,15,,,1,70,,49551,15,,,1,101,,49541,15,0,8,1,100,,49542,15,0,8,1,100,,49543,15,0,8,1,107,,49552,15,,,1,93,,49553,15,,,1
500,'20260727',1023,,49595,15,,,1,94,,49584,15,0,8,1,102,,49585,15,0,8,1,102,,49586,15,0,8,1,109,,49596,15,,,1,102,,49591,15,0,9,1,90,,49597,15,,,1,85,,49594,15,,,1,15,,49587,15,0,8,1,15,,49592,15,,,1,15,,49593,15,,,1,70,,49598,15,,,1,94,,49588,15,0,8,1,102,,49589,15,0,8,1,102,,49590,15,0,8,1,110,,49599,15,,,1,93,,49600,15,,,1
500,'20260728',1023,,49612,15,,,1,101,,49601,15,0,8,1,99,,49602,15,0,8,1,100,,49603,15,0,8,1,107,,49613,15,,,1,102,,49608,15,0,9,1,90,,49614,15,,,1,85,,49611,15,,,1,15,,49604,15,0,8,1,15,,49609,15,,,1,15,,49610,15,,,1,70,,49615,15,,,1,101,,49605,15,0,8,1,100,,49606,15,0,8,1,100,,49607,15,0,8,1,107,,49616,15,,,1,93,,49617,15,,,1
500,'20260729',1023,,49629,15,,,1,101,,49618,15,0,8,1,99,,49619,15,0,8,1,100,,49620,15,0,8,1,107,,49630,15,,,1,102,,49625,15,0,9,1,90,,49631,15,,,1,85,,49628,15,,,1,15,,49621,15,0,8,1,15,,49626,15,,,1,15,,49627,15,,,1,70,,49632,15,,,1,101,,49622,15,0,8,1,100,,49623,15,0,8,1,100,,49624,15,0,8,1,107,,49633,15,,,1,93,,49634,15,,,1
500,'20260730',1023,,49646,15,,,1,101,,49635,15,0,8,1,99,,49636,15,0,8,1,100,,49637,15,0,8,1,107,,49647,15,,,1,102,,49642,15,0,9,1,90,,49648,15,,,1,85,,49645,15,,,1,15,,49638,15,0,8,1,15,,49643,15,,,1,15,,49644,15,,,1,70,,49649,15,,,1,101,,49639,15,0,8,1,100,,49640,15,0,8,1,100,,49641,15,0,8,1,107,,49650,15,,,1,93,,49651,15,,,1
500,'20260731',1023,,49663,15,,,1,101,,49652,15,0,8,1,99,,49653,15,0,8,1,100,,49654,15,0,8,1,107,,49664,15,,,1,102,,49659,15,0,9,1,90,,49665,15,,,1,85,,49662,15,,,1,15,,49655,15,0,8,1,15,,49660,15,,,1,15,,49661,15,,,1,70,,49666,15,,,1,101,,49656,15,0,8,1,100,,49657,15,0,8,1,100,,49658,15,0,8,1,107,,49667,15,,,1,93,,49668,15,,,1
500,'20260801',921,,49678,15,,,1,102,,49669,15,0,8,1,100,,49670,15,0,8,1,100,,49679,15,,,1,100,,49671,15,0,8,1,100,,49672,15,0,8,1,100,,49680,15,,,1,100,,49673,15,0,8,1,100,,49674,15,0,8,1,100,,49681,15,,,1,100,,49675,15,0,8,1,100,,49676,15,0,8,1,104,,49682,15,,,1,103,,49677,15,0,9,1,93,,49683,15,,,1
500,'20260802',921,,49693,15,,,1,102,,49684,15,0,8,1,100,,49685,15,0,8,1,100,,49694,15,,,1,100,,49686,15,0,8,1,100,,49687,15,0,8,1,100,,49695,15,,,1,100,,49688,15,0,8,1,100,,49689,15,0,8,1,100,,49696,15,,,1,100,,49690,15,0,8,1,100,,49691,15,0,8,1,104,,49697,15,,,1,103,,49692,15,0,9,1,93,,49698,15,,,1
500,'20260803',921,,64334,15,,,1,102,,64330,15,0,8,1,100,,49699,15,0,8,1,100,,64335,15,,,1,100,,49701,15,0,8,1,100,,64331,15,0,8,1,100,,64336,15,,,1,100,,64332,15,0,8,1,100,,49702,15,0,8,1,100,,49713,15,,,1,100,,49703,15,0,8,1,100,,49704,15,0,8,1,104,,64337,15,,,1,103,,64333,15,0,9,1,93,,49715,15,,,1
500,'20260804',1023,,49727,15,,,1,101,,49716,15,0,8,1,99,,49717,15,0,8,1,100,,49718,15,0,8,1,107,,49728,15,,,1,102,,49723,15,0,9,1,90,,49729,15,,,1,85,,49726,15,,,1,15,,49719,15,0,8,1,15,,49724,15,,,1,15,,49725,15,,,1,70,,49730,15,,,1,101,,49720,15,0,8,1,100,,49721,15,0,8,1,100,,49722,15,0,8,1,107,,49731,15,,,1,93,,49732,15,,,1
500,'20260805',1023,,49744,15,,,1,101,,49733,15,0,8,1,99,,49734,15,0,8,1,100,,49735,15,0,8,1,107,,49745,15,,,1,102,,49740,15,0,9,1,90,,49746,15,,,1,85,,49743,15,,,1,15,,49736,15,0,8,1,15,,49741,15,,,1,15,,49742,15,,,1,70,,49747,15,,,1,101,,49737,15,0,8,1,100,,49738,15,0,8,1,100,,49739,15,0,8,1,107,,49748,15,,,1,93,,49749,15,,,1
500,'20260806',1023,,49761,15,,,1,101,,49750,15,0,8,1,99,,49751,15,0,8,1,100,,49752,15,0,8,1,107,,49762,15,,,1,102,,49757,15,0,9,1,90,,49763,15,,,1,85,,49760,15,,,1,15,,49753,15,0,8,1,15,,49758,15,,,1,15,,49759,15,,,1,70,,49764,15,,,1,101,,49754,15,0,8,1,100,,49755,15,0,8,1,100,,49756,15,0,8,1,107,,49765,15,,,1,93,,49766,15,,,1
500,'20260807',1023,,49778,15,,,1,101,,49767,15,0,8,1,99,,49768,15,0,8,1,100,,49769,15,0,8,1,107,,49779,15,,,1,102,,49774,15,0,9,1,90,,49780,15,,,1,85,,49777,15,,,1,15,,49770,15,0,8,1,15,,49775,15,,,1,15,,49776,15,,,1,70,,49781,15,,,1,101,,49771,15,0,8,1,100,,49772,15,0,8,1,100,,49773,15,0,8,1,107,,49782,15,,,1,93,,49783,15,,,1
500,'20260808',921,,49793,15,,,1,102,,49784,15,0,8,1,100,,49785,15,0,8,1,100,,49794,15,,,1,100,,49786,15,0,8,1,100,,49787,15,0,8,1,100,,49795,15,,,1,100,,49788,15,0,8,1,100,,49789,15,0,8,1,100,,49796,15,,,1,100,,49790,15,0,8,1,100,,49791,15,0,8,1,104,,49797,15,,,1,103,,49792,15,0,9,1,93,,49798,15,,,1
500,'20260809',921,,49808,15,,,1,102,,49799,15,0,8,1,100,,49800,15,0,8,1,100,,49809,15,,,1,100,,49801,15,0,8,1,100,,49802,15,0,8,1,100,,49810,15,,,1,100,,49803,15,0,8,1,100,,49804,15,0,8,1,100,,49811,15,,,1,100,,49805,15,0,8,1,100,,49806,15,0,8,1,104,,49812,15,,,1,103,,49807,15,0,9,1,93,,49813,15,,,1
500,'20260810',1023,,65133,15,,,1,101,,49814,15,0,8,1,99,,65127,15,0,8,1,100,,49816,15,0,8,1,107,,65134,15,,,1,102,,65129,15,0,9,1,90,,65135,15,,,1,85,,65132,15,,,1,15,,49817,15,0,8,1,15,,65130,15,,,1,15,,65131,15,,,1,70,,49828,15,,,1,101,,49818,15,0,8,1,100,,49819,15,0,8,1,100,,65128,15,0,8,1,107,,65136,15,,,1,93,,49830,15,,,1
500,'20260811',1023,,49842,15,,,1,101,,49831,15,0,8,1,99,,49832,15,0,8,1,100,,49833,15,0,8,1,107,,49843,15,,,1,102,,49838,15,0,9,1,90,,49844,15,,,1,85,,49841,15,,,1,15,,49834,15,0,8,1,15,,49839,15,,,1,15,,49840,15,,,1,70,,49845,15,,,1,101,,49835,15,0,8,1,100,,49836,15,0,8,1,100,,49837,15,0,8,1,107,,49846,15,,,1,93,,49847,15,,,1
500,'20260812',1023,,49859,15,,,1,101,,49848,15,0,8,1,99,,49849,15,0,8,1,100,,49850,15,0,8,1,107,,49860,15,,,1,102,,49855,15,0,9,1,90,,49861,15,,,1,85,,49858,15,,,1,15,,49851,15,0,8,1,15,,49856,15,,,1,15,,49857,15,,,1,70,,49862,15,,,1,101,,49852,15,0,8,1,100,,49853,15,0,8,1,100,,49854,15,0,8,1,107,,49863,15,,,1,93,,49864,15,,,1
500,'20260813',1023,,49876,15,,,1,101,,49865,15,0,8,1,99,,49866,15,0,8,1,100,,49867,15,0,8,1,107,,49877,15,,,1,102,,49872,15,0,9,1,90,,49878,15,,,1,85,,49875,15,,,1,15,,49868,15,0,8,1,15,,49873,15,,,1,15,,49874,15,,,1,70,,49879,15,,,1,101,,49869,15,0,8,1,100,,49870,15,0,8,1,100,,49871,15,0,8,1,107,,49880,15,,,1,93,,49881,15,,,1
500,'20260814',1023,,49893,15,,,1,101,,49882,15,0,8,1,99,,49883,15,0,8,1,100,,49884,15,0,8,1,107,,49894,15,,,1,102,,49889,15,0,9,1,90,,49895,15,,,1,85,,49892,15,,,1,15,,49885,15,0,8,1,15,,49890,15,,,1,15,,49891,15,,,1,70,,49896,15,,,1,101,,49886,15,0,8,1,100,,49887,15,0,8,1,100,,49888,15,0,8,1,107,,49897,15,,,1,93,,49898,15,,,1
500,'20260815',921,,49908,15,,,1,102,,49899,15,0,8,1,100,,49900,15,0,8,1,100,,49909,15,,,1,100,,49901,15,0,8,1,100,,49902,15,0,8,1,100,,49910,15,,,1,100,,49903,15,0,8,1,100,,49904,15,0,8,1,100,,49911,15,,,1,100,,49905,15,0,8,1,100,,49906,15,0,8,1,104,,49912,15,,,1,103,,49907,15,0,9,1,93,,49913,15,,,1
500,'20260816',921,,49923,15,,,1,102,,49914,15,0,8,1,100,,49915,15,0,8,1,100,,49924,15,,,1,100,,49916,15,0,8,1,100,,49917,15,0,8,1,100,,49925,15,,,1,100,,49918,15,0,8,1,100,,49919,15,0,8,1,100,,49926,15,,,1,100,,49920,15,0,8,1,100,,49921,15,0,8,1,104,,49927,15,,,1,103,,49922,15,0,9,1,93,,49928,15,,,1
500,'20260817',1023,,65143,15,,,1,101,,49929,15,0,8,1,99,,65137,15,0,8,1,100,,49931,15,0,8,1,107,,65144,15,,,1,102,,65139,15,0,9,1,90,,65145,15,,,1,85,,65142,15,,,1,15,,49932,15,0,8,1,15,,65140,15,,,1,15,,65141,15,,,1,70,,49943,15,,,1,101,,49933,15,0,8,1,100,,49934,15,0,8,1,100,,65138,15,0,8,1,107,,65146,15,,,1,93,,49945,15,,,1
500,'20260818',1023,,49957,15,,,1,101,,49946,15,0,8,1,99,,49947,15,0,8,1,100,,49948,15,0,8,1,107,,49958,15,,,1,102,,49953,15,0,9,1,90,,49959,15,,,1,85,,49956,15,,,1,15,,49949,15,0,8,1,15,,49954,15,,,1,15,,49955,15,,,1,70,,49960,15,,,1,101,,49950,15,0,8,1,100,,49951,15,0,8,1,100,,49952,15,0,8,1,107,,49961,15,,,1,93,,49962,15,,,1
500,'20260819',1023,,49974,15,,,1,101,,49963,15,0,8,1,99,,49964,15,0,8,1,100,,49965,15,0,8,1,107,,49975,15,,,1,102,,49970,15,0,9,1,90,,49976,15,,,1,85,,49973,15,,,1,15,,49966,15,0,8,1,15,,49971,15,,,1,15,,49972,15,,,1,70,,49977,15,,,1,101,,49967,15,0,8,1,100,,49968,15,0,8,1,100,,49969,15,0,8,1,107,,49978,15,,,1,93,,49979,15,,,1
500,'20260820',1023,,49991,15,,,1,101,,49980,15,0,8,1,99,,49981,15,0,8,1,100,,49982,15,0,8,1,107,,49992,15,,,1,102,,49987,15,0,9,1,90,,49993,15,,,1,85,,49990,15,,,1,15,,49983,15,0,8,1,15,,49988,15,,,1,15,,49989,15,,,1,70,,49994,15,,,1,101,,49984,15,0,8,1,100,,49985,15,0,8,1,100,,49986,15,0,8,1,107,,49995,15,,,1,93,,49996,15,,,1
500,'20260821',1023,,50008,15,,,1,101,,49997,15,0,8,1,99,,49998,15,0,8,1,100,,49999,15,0,8,1,107,,50009,15,,,1,102,,50004,15,0,9,1,90,,50010,15,,,1,85,,50007,15,,,1,15,,50000,15,0,8,1,15,,50005,15,,,1,15,,50006,15,,,1,70,,50011,15,,,1,101,,50001,15,0,8,1,100,,50002,15,0,8,1,100,,50003,15,0,8,1,107,,50012,15,,,1,93,,50013,15,,,1
500,'20260822',921,,50023,15,,,1,102,,50014,15,0,8,1,100,,50015,15,0,8,1,100,,50024,15,,,1,100,,50016,15,0,8,1,100,,50017,15,0,8,1,100,,50025,15,,,1,100,,50018,15,0,8,1,100,,50019,15,0,8,1,100,,50026,15,,,1,100,,50020,15,0,8,1,100,,50021,15,0,8,1,104,,50027,15,,,1,103,,50022,15,0,9,1,93,,50028,15,,,1
500,'20260823',921,,50038,15,,,1,102,,50029,15,0,8,1,100,,50030,15,0,8,1,100,,50039,15,,,1,100,,50031,15,0,8,1,100,,50032,15,0,8,1,100,,50040,15,,,1,100,,50033,15,0,8,1,100,,50034,15,0,8,1,100,,50041,15,,,1,100,,50035,15,0,8,1,100,,50036,15,0,8,1,104,,50042,15,,,1,103,,50037,15,0,9,1,93,,50043,15,,,1
500,'20260824',1023,,65153,15,,,1,101,,50044,15,0,8,1,99,,65147,15,0,8,1,100,,50046,15,0,8,1,107,,65154,15,,,1,102,,65149,15,0,9,1,90,,65155,15,,,1,85,,65152,15,,,1,15,,50047,15,0,8,1,15,,65150,15,,,1,15,,65151,15,,,1,70,,50058,15,,,1,101,,50048,15,0,8,1,100,,50049,15,0,8,1,100,,65148,15,0,8,1,107,,65156,15,,,1,93,,50060,15,,,1
500,'20260825',1023,,50072,15,,,1,101,,50061,15,0,8,1,99,,50062,15,0,8,1,100,,50063,15,0,8,1,107,,50073,15,,,1,102,,50068,15,0,9,1,90,,50074,15,,,1,85,,50071,15,,,1,15,,50064,15,0,8,1,15,,50069,15,,,1,15,,50070,15,,,1,70,,50075,15,,,1,101,,50065,15,0,8,1,100,,50066,15,0,8,1,100,,50067,15,0,8,1,107,,50076,15,,,1,93,,50077,15,,,1
500,'20260826',1023,,50089,15,,,1,101,,50078,15,0,8,1,99,,50079,15,0,8,1,100,,50080,15,0,8,1,107,,50090,15,,,1,102,,50085,15,0,9,1,90,,50091,15,,,1,85,,50088,15,,,1,15,,50081,15,0,8,1,15,,50086,15,,,1,15,,50087,15,,,1,70,,50092,15,,,1,101,,50082,15,0,8,1,100,,50083,15,0,8,1,100,,50084,15,0,8,1,107,,50093,15,,,1,93,,50094,15,,,1
500,'20260827',1023,,50106,15,,,1,101,,50095,15,0,8,1,99,,50096,15,0,8,1,100,,50097,15,0,8,1,107,,50107,15,,,1,102,,50102,15,0,9,1,90,,50108,15,,,1,85,,50105,15,,,1,15,,50098,15,0,8,1,15,,50103,15,,,1,15,,50104,15,,,1,70,,50109,15,,,1,101,,50099,15,0,8,1,100,,50100,15,0,8,1,100,,50101,15,0,8,1,107,,50110,15,,,1,93,,50111,15,,,1
500,'20260828',1023,,50123,15,,,1,101,,50112,15,0,8,1,99,,50113,15,0,8,1,100,,50114,15,0,8,1,107,,50124,15,,,1,102,,50119,15,0,9,1,90,,50125,15,,,1,85,,50122,15,,,1,15,,50115,15,0,8,1,15,,50120,15,,,1,15,,50121,15,,,1,70,,50126,15,,,1,101,,50116,15,0,8,1,100,,50117,15,0,8,1,100,,50118,15,0,8,1,107,,50127,15,,,1,93,,50128,15,,,1
500,'20260829',921,,50138,15,,,1,102,,50129,15,0,8,1,100,,50130,15,0,8,1,100,,50139,15,,,1,100,,50131,15,0,8,1,100,,50132,15,0,8,1,100,,50140,15,,,1,100,,50133,15,0,8,1,100,,50134,15,0,8,1,100,,50141,15,,,1,100,,50135,15,0,8,1,100,,50136,15,0,8,1,104,,50142,15,,,1,103,,50137,15,0,9,1,93,,50143,15,,,1
500,'20260830',921,,50153,15,,,1,102,,50144,15,0,8,1,100,,50145,15,0,8,1,100,,50154,15,,,1,100,,50146,15,0,8,1,100,,50147,15,0,8,1,100,,50155,15,,,1,100,,50148,15,0,8,1,100,,50149,15,0,8,1,100,,50156,15,,,1,100,,50150,15,0,8,1,100,,50151,15,0,8,1,104,,50157,15,,,1,103,,50152,15,0,9,1,93,,50158,15,,,1
500,'20260831',1023,,65163,15,,,1,101,,50159,15,0,8,1,99,,65157,15,0,8,1,100,,50161,15,0,8,1,107,,65164,15,,,1,102,,65159,15,0,9,1,90,,65165,15,,,1,85,,65162,15,,,1,15,,50162,15,0,8,1,15,,65160,15,,,1,15,,65161,15,,,1,70,,50173,15,,,1,101,,50163,15,0,8,1,100,,50164,15,0,8,1,100,,65158,15,0,8,1,107,,65166,15,,,1,93,,50175,15,,,1
500,'20260901',1023,,50187,15,,,1,101,,50176,15,0,8,1,99,,50177,15,0,8,1,100,,50178,15,0,8,1,107,,50188,15,,,1,102,,50183,15,0,9,1,90,,50189,15,,,1,85,,50186,15,,,1,15,,50179,15,0,8,1,15,,50184,15,,,1,15,,50185,15,,,1,70,,50190,15,,,1,101,,50180,15,0,8,1,100,,50181,15,0,8,1,100,,50182,15,0,8,1,107,,50191,15,,,1,93,,50192,15,,,1
500,'20260902',1023,,50204,15,,,1,101,,50193,15,0,8,1,99,,50194,15,0,8,1,100,,50195,15,0,8,1,107,,50205,15,,,1,102,,50200,15,0,9,1,90,,50206,15,,,1,85,,50203,15,,,1,15,,50196,15,0,8,1,15,,50201,15,,,1,15,,50202,15,,,1,70,,50207,15,,,1,101,,50197,15,0,8,1,100,,50198,15,0,8,1,100,,50199,15,0,8,1,107,,50208,15,,,1,93,,50209,15,,,1
500,'20260903',1023,,50221,15,,,1,101,,50210,15,0,8,1,99,,50211,15,0,8,1,100,,50212,15,0,8,1,107,,50222,15,,,1,102,,50217,15,0,9,1,90,,50223,15,,,1,85,,50220,15,,,1,15,,50213,15,0,8,1,15,,50218,15,,,1,15,,50219,15,,,1,70,,50224,15,,,1,101,,50214,15,0,8,1,100,,50215,15,0,8,1,100,,50216,15,0,8,1,107,,50225,15,,,1,93,,50226,15,,,1
500,'20260904',1023,,50238,15,,,1,101,,50227,15,0,8,1,99,,50228,15,0,8,1,100,,50229,15,0,8,1,107,,50239,15,,,1,102,,50234,15,0,9,1,90,,50240,15,,,1,85,,50237,15,,,1,15,,50230,15,0,8,1,15,,50235,15,,,1,15,,50236,15,,,1,70,,50241,15,,,1,101,,50231,15,0,8,1,100,,50232,15,0,8,1,100,,50233,15,0,8,1,107,,50242,15,,,1,93,,50243,15,,,1
501,'20260722',600,,50922,14,,,1,30,,50923,21,,,1,70,,50925,21,,,1,30,,50924,21,,,1,20,,50915,8,,,1,60,,50926,21,,,1,15,,50927,21,,,1,94,,50928,21,,,1,98,,50929,21,,,1,101,,50916,8,,,1,98,,50917,8,,,1,100,,50918,8,,,1,106,,50930,21,,,1,103,,50919,8,,,1,491,,50920,8,,,1,100,,50921,8,,,1,107,,50931,21,,,1
501,'20260723',600,,50939,14,,,1,30,,50940,21,,,1,70,,50942,21,,,1,30,,50941,21,,,1,20,,50932,8,,,1,60,,50943,21,,,1,15,,50944,21,,,1,94,,50945,21,,,1,98,,50946,21,,,1,101,,50933,8,,,1,98,,50934,8,,,1,100,,50935,8,,,1,106,,50947,21,,,1,103,,50936,8,,,1,491,,50937,8,,,1,100,,50938,8,,,1,107,,50948,21,,,1
501,'20260724',600,,50956,14,,,1,30,,50957,21,,,1,70,,50959,21,,,1,30,,50958,21,,,1,20,,50949,8,,,1,60,,50960,21,,,1,15,,50961,21,,,1,94,,50962,21,,,1,98,,50963,21,,,1,101,,50950,8,,,1,98,,50951,8,,,1,100,,50952,8,,,1,106,,50964,21,,,1,103,,50953,8,,,1,491,,50954,8,,,1,100,,50955,8,,,1,107,,50965,21,,,1
501,'20260727',600,,51003,14,,,1,30,,51004,21,,,1,70,,51006,21,,,1,30,,51005,21,,,1,20,,50996,8,,,1,60,,51007,21,,,1,15,,51008,21,,,1,94,,51009,21,,,1,98,,51010,21,,,1,93,,50997,2,,,1,102,,50998,8,,,1,102,,50999,8,,,1,108,,51011,21,,,1,103,,51000,2,,,1,486,,51001,8,,,1,102,,51002,8,,,1,110,,51012,21,,,1
501,'20260728',600,,51020,14,,,1,30,,51021,21,,,1,70,,51023,21,,,1,30,,51022,21,,,1,20,,51013,8,,,1,60,,51024,21,,,1,15,,51025,21,,,1,94,,51026,21,,,1,98,,51027,21,,,1,101,,51014,8,,,1,98,,51015,8,,,1,100,,51016,8,,,1,106,,51028,21,,,1,103,,51017,8,,,1,491,,51018,8,,,1,100,,51019,8,,,1,107,,51029,21,,,1
501,'20260729',600,,51037,14,,,1,30,,51038,21,,,1,70,,51040,21,,,1,30,,51039,21,,,1,20,,51030,8,,,1,60,,51041,21,,,1,15,,51042,21,,,1,94,,51043,21,,,1,98,,51044,21,,,1,101,,51031,8,,,1,98,,51032,8,,,1,100,,51033,8,,,1,106,,51045,21,,,1,103,,51034,8,,,1,491,,51035,8,,,1,100,,51036,8,,,1,107,,51046,21,,,1
501,'20260730',600,,51054,14,,,1,30,,51055,21,,,1,70,,51057,21,,,1,30,,51056,21,,,1,20,,51047,8,,,1,60,,51058,21,,,1,15,,51059,21,,,1,94,,51060,21,,,1,98,,51061,21,,,1,101,,51048,8,,,1,98,,51049,8,,,1,100,,51050,8,,,1,106,,51062,21,,,1,103,,51051,8,,,1,491,,51052,8,,,1,100,,51053,8,,,1,107,,51063,21,,,1
501,'20260731',600,,51071,14,,,1,30,,51072,21,,,1,70,,51074,21,,,1,30,,51073,21,,,1,20,,51064,8,,,1,60,,51075,21,,,1,15,,51076,21,,,1,94,,51077,21,,,1,98,,51078,21,,,1,101,,51065,8,,,1,98,,51066,8,,,1,100,,51067,8,,,1,106,,51079,21,,,1,103,,51068,8,,,1,491,,51069,8,,,1,100,,51070,8,,,1,107,,51080,21,,,1
501,'20260801',813,,51090,21,,,1,100,,51091,21,,,1,103,,51081,8,,,1,100,,51082,8,,,1,101,,51092,21,,,1,99,,51083,8,,,1,100,,51084,8,,,1,101,,51093,21,,,1,99,,51085,8,,,1,100,,51086,8,,,1,101,,51094,21,,,1,99,,51087,8,,,1,100,,51088,8,,,1,104,,51095,21,,,1,104,,51089,8,,,1
501,'20260802',813,,51105,21,,,1,100,,51106,21,,,1,103,,51096,8,,,1,100,,51097,8,,,1,101,,51107,21,,,1,99,,51098,8,,,1,100,,51099,8,,,1,101,,51108,21,,,1,99,,51100,8,,,1,100,,51101,8,,,1,101,,51109,21,,,1,99,,51102,8,,,1,100,,51103,8,,,1,104,,51110,21,,,1,104,,51104,8,,,1
501,'20260803',813,,51122,21,,,1,100,,51124,21,,,1,103,,64370,8,,,1,100,,51112,8,,,1,101,,64376,21,,,1,99,,51114,8,,,1,100,,64371,8,,,1,101,,64377,21,,,1,99,,64372,8,,,1,100,,64373,8,,,1,101,,64378,21,,,1,99,,64374,8,,,1,100,,51116,8,,,1,104,,64379,21,,,1,104,,64375,8,,,1
501,'20260804',600,,51135,14,,,1,30,,51136,21,,,1,70,,51138,21,,,1,30,,51137,21,,,1,20,,51128,8,,,1,60,,51139,21,,,1,15,,51140,21,,,1,94,,51141,21,,,1,98,,51142,21,,,1,101,,51129,8,,,1,98,,51130,8,,,1,100,,51131,8,,,1,106,,51143,21,,,1,103,,51132,8,,,1,491,,51133,8,,,1,100,,51134,8,,,1,107,,51144,21,,,1
501,'20260805',600,,51152,14,,,1,30,,51153,21,,,1,70,,51155,21,,,1,30,,51154,21,,,1,20,,51145,8,,,1,60,,51156,21,,,1,15,,51157,21,,,1,94,,51158,21,,,1,98,,51159,21,,,1,101,,51146,8,,,1,98,,51147,8,,,1,100,,51148,8,,,1,106,,51160,21,,,1,103,,51149,8,,,1,491,,51150,8,,,1,100,,51151,8,,,1,107,,51161,21,,,1
501,'20260806',600,,51169,14,,,1,30,,51170,21,,,1,70,,51172,21,,,1,30,,51171,21,,,1,20,,51162,8,,,1,60,,51173,21,,,1,15,,51174,21,,,1,94,,51175,21,,,1,98,,51176,21,,,1,101,,51163,8,,,1,98,,51164,8,,,1,100,,51165,8,,,1,106,,51177,21,,,1,103,,51166,8,,,1,491,,51167,8,,,1,100,,51168,8,,,1,107,,51178,21,,,1
501,'20260807',600,,51186,14,,,1,30,,51187,21,,,1,70,,51189,21,,,1,30,,51188,21,,,1,20,,51179,8,,,1,60,,51190,21,,,1,15,,51191,21,,,1,94,,51192,21,,,1,98,,51193,21,,,1,101,,51180,8,,,1,98,,51181,8,,,1,100,,51182,8,,,1,106,,51194,21,,,1,103,,51183,8,,,1,491,,51184,8,,,1,100,,51185,8,,,1,107,,51195,21,,,1
501,'20260808',813,,51205,21,,,1,100,,51206,21,,,1,103,,51196,8,,,1,100,,51197,8,,,1,101,,51207,21,,,1,99,,51198,8,,,1,100,,51199,8,,,1,101,,51208,21,,,1,99,,51200,8,,,1,100,,51201,8,,,1,101,,51209,21,,,1,99,,51202,8,,,1,100,,51203,8,,,1,104,,51210,21,,,1,104,,51204,8,,,1
501,'20260809',813,,51220,21,,,1,100,,51221,21,,,1,103,,51211,8,,,1,100,,51212,8,,,1,101,,51222,21,,,1,99,,51213,8,,,1,100,,51214,8,,,1,101,,51223,21,,,1,99,,51215,8,,,1,100,,51216,8,,,1,101,,51224,21,,,1,99,,51217,8,,,1,100,,51218,8,,,1,104,,51225,21,,,1,104,,51219,8,,,1
501,'20260810',600,,65171,14,,,1,30,,65172,21,,,1,70,,65174,21,,,1,30,,65173,21,,,1,20,,65167,8,,,1,60,,51237,21,,,1,15,,65175,21,,,1,94,,51239,21,,,1,98,,65176,21,,,1,101,,51227,8,,,1,98,,65168,8,,,1,100,,51229,8,,,1,106,,65177,21,,,1,103,,65169,8,,,1,491,,51231,8,,,1,100,,65170,8,,,1,107,,65178,21,,,1
501,'20260811',600,,51250,14,,,1,30,,51251,21,,,1,70,,51253,21,,,1,30,,51252,21,,,1,20,,51243,8,,,1,60,,51254,21,,,1,15,,51255,21,,,1,94,,51256,21,,,1,98,,51257,21,,,1,101,,51244,8,,,1,98,,51245,8,,,1,100,,51246,8,,,1,106,,51258,21,,,1,103,,51247,8,,,1,491,,51248,8,,,1,100,,51249,8,,,1,107,,51259,21,,,1
501,'20260812',600,,51267,14,,,1,30,,51268,21,,,1,70,,51270,21,,,1,30,,51269,21,,,1,20,,51260,8,,,1,60,,51271,21,,,1,15,,51272,21,,,1,94,,51273,21,,,1,98,,51274,21,,,1,101,,51261,8,,,1,98,,51262,8,,,1,100,,51263,8,,,1,106,,51275,21,,,1,103,,51264,8,,,1,491,,51265,8,,,1,100,,51266,8,,,1,107,,51276,21,,,1
501,'20260813',600,,51284,14,,,1,30,,51285,21,,,1,70,,51287,21,,,1,30,,51286,21,,,1,20,,51277,8,,,1,60,,51288,21,,,1,15,,51289,21,,,1,94,,51290,21,,,1,98,,51291,21,,,1,101,,51278,8,,,1,98,,51279,8,,,1,100,,51280,8,,,1,106,,51292,21,,,1,103,,51281,8,,,1,491,,51282,8,,,1,100,,51283,8,,,1,107,,51293,21,,,1
501,'20260814',600,,51301,14,,,1,30,,51302,21,,,1,70,,51304,21,,,1,30,,51303,21,,,1,20,,51294,8,,,1,60,,51305,21,,,1,15,,51306,21,,,1,94,,51307,21,,,1,98,,51308,21,,,1,101,,51295,8,,,1,98,,51296,8,,,1,100,,51297,8,,,1,106,,51309,21,,,1,103,,51298,8,,,1,491,,51299,8,,,1,100,,51300,8,,,1,107,,51310,21,,,1
501,'20260815',813,,51320,21,,,1,100,,51321,21,,,1,103,,51311,8,,,1,100,,51312,8,,,1,101,,51322,21,,,1,99,,51313,8,,,1,100,,51314,8,,,1,101,,51323,21,,,1,99,,51315,8,,,1,100,,51316,8,,,1,101,,51324,21,,,1,99,,51317,8,,,1,100,,51318,8,,,1,104,,51325,21,,,1,104,,51319,8,,,1
501,'20260816',813,,51335,21,,,1,100,,51336,21,,,1,103,,51326,8,,,1,100,,51327,8,,,1,101,,51337,21,,,1,99,,51328,8,,,1,100,,51329,8,,,1,101,,51338,21,,,1,99,,51330,8,,,1,100,,51331,8,,,1,101,,51339,21,,,1,99,,51332,8,,,1,100,,51333,8,,,1,104,,51340,21,,,1,104,,51334,8,,,1
501,'20260817',600,,65183,14,,,1,30,,65184,21,,,1,70,,65186,21,,,1,30,,65185,21,,,1,20,,65179,8,,,1,60,,51352,21,,,1,15,,65187,21,,,1,94,,51354,21,,,1,98,,65188,21,,,1,101,,51342,8,,,1,98,,65180,8,,,1,100,,51344,8,,,1,106,,65189,21,,,1,103,,65181,8,,,1,491,,51346,8,,,1,100,,65182,8,,,1,107,,65190,21,,,1
501,'20260818',600,,51365,14,,,1,30,,51366,21,,,1,70,,51368,21,,,1,30,,51367,21,,,1,20,,51358,8,,,1,60,,51369,21,,,1,15,,51370,21,,,1,94,,51371,21,,,1,98,,51372,21,,,1,101,,51359,8,,,1,98,,51360,8,,,1,100,,51361,8,,,1,106,,51373,21,,,1,103,,51362,8,,,1,491,,51363,8,,,1,100,,51364,8,,,1,107,,51374,21,,,1
501,'20260819',600,,51382,14,,,1,30,,51383,21,,,1,70,,51385,21,,,1,30,,51384,21,,,1,20,,51375,8,,,1,60,,51386,21,,,1,15,,51387,21,,,1,94,,51388,21,,,1,98,,51389,21,,,1,101,,51376,8,,,1,98,,51377,8,,,1,100,,51378,8,,,1,106,,51390,21,,,1,103,,51379,8,,,1,491,,51380,8,,,1,100,,51381,8,,,1,107,,51391,21,,,1
501,'20260820',600,,51399,14,,,1,30,,51400,21,,,1,70,,51402,21,,,1,30,,51401,21,,,1,20,,51392,8,,,1,60,,51403,21,,,1,15,,51404,21,,,1,94,,51405,21,,,1,98,,51406,21,,,1,101,,51393,8,,,1,98,,51394,8,,,1,100,,51395,8,,,1,106,,51407,21,,,1,103,,51396,8,,,1,491,,51397,8,,,1,100,,51398,8,,,1,107,,51408,21,,,1
501,'20260821',600,,51416,14,,,1,30,,51417,21,,,1,70,,51419,21,,,1,30,,51418,21,,,1,20,,51409,8,,,1,60,,51420,21,,,1,15,,51421,21,,,1,94,,51422,21,,,1,98,,51423,21,,,1,101,,51410,8,,,1,98,,51411,8,,,1,100,,51412,8,,,1,106,,51424,21,,,1,103,,51413,8,,,1,491,,51414,8,,,1,100,,51415,8,,,1,107,,51425,21,,,1
501,'20260822',813,,51435,21,,,1,100,,51436,21,,,1,103,,51426,8,,,1,100,,51427,8,,,1,101,,51437,21,,,1,99,,51428,8,,,1,100,,51429,8,,,1,101,,51438,21,,,1,99,,51430,8,,,1,100,,51431,8,,,1,101,,51439,21,,,1,99,,51432,8,,,1,100,,51433,8,,,1,104,,51440,21,,,1,104,,51434,8,,,1
501,'20260823',813,,51450,21,,,1,100,,51451,21,,,1,103,,51441,8,,,1,100,,51442,8,,,1,101,,51452,21,,,1,99,,51443,8,,,1,100,,51444,8,,,1,101,,51453,21,,,1,99,,51445,8,,,1,100,,51446,8,,,1,101,,51454,21,,,1,99,,51447,8,,,1,100,,51448,8,,,1,104,,51455,21,,,1,104,,51449,8,,,1
501,'20260824',600,,65195,14,,,1,30,,65196,21,,,1,70,,65198,21,,,1,30,,65197,21,,,1,20,,65191,8,,,1,60,,51467,21,,,1,15,,65199,21,,,1,94,,51469,21,,,1,98,,65200,21,,,1,101,,51457,8,,,1,98,,65192,8,,,1,100,,51459,8,,,1,106,,65201,21,,,1,103,,65193,8,,,1,491,,51461,8,,,1,100,,65194,8,,,1,107,,65202,21,,,1
501,'20260825',600,,51480,14,,,1,30,,51481,21,,,1,70,,51483,21,,,1,30,,51482,21,,,1,20,,51473,8,,,1,60,,51484,21,,,1,15,,51485,21,,,1,94,,51486,21,,,1,98,,51487,21,,,1,101,,51474,8,,,1,98,,51475,8,,,1,100,,51476,8,,,1,106,,51488,21,,,1,103,,51477,8,,,1,491,,51478,8,,,1,100,,51479,8,,,1,107,,51489,21,,,1
501,'20260826',600,,51497,14,,,1,30,,51498,21,,,1,70,,51500,21,,,1,30,,51499,21,,,1,20,,51490,8,,,1,60,,51501,21,,,1,15,,51502,21,,,1,94,,51503,21,,,1,98,,51504,21,,,1,101,,51491,8,,,1,98,,51492,8,,,1,100,,51493,8,,,1,106,,51505,21,,,1,103,,51494,8,,,1,491,,51495,8,,,1,100,,51496,8,,,1,107,,51506,21,,,1
501,'20260827',600,,51514,14,,,1,30,,51515,21,,,1,70,,51517,21,,,1,30,,51516,21,,,1,20,,51507,8,,,1,60,,51518,21,,,1,15,,51519,21,,,1,94,,51520,21,,,1,98,,51521,21,,,1,101,,51508,8,,,1,98,,51509,8,,,1,100,,51510,8,,,1,106,,51522,21,,,1,103,,51511,8,,,1,491,,51512,8,,,1,100,,51513,8,,,1,107,,51523,21,,,1
501,'20260828',600,,51531,14,,,1,30,,51532,21,,,1,70,,51534,21,,,1,30,,51533,21,,,1,20,,51524,8,,,1,60,,51535,21,,,1,15,,51536,21,,,1,94,,51537,21,,,1,98,,51538,21,,,1,101,,51525,8,,,1,98,,51526,8,,,1,100,,51527,8,,,1,106,,51539,21,,,1,103,,51528,8,,,1,491,,51529,8,,,1,100,,51530,8,,,1,107,,51540,21,,,1
501,'20260829',813,,51550,21,,,1,100,,51551,21,,,1,103,,51541,8,,,1,100,,51542,8,,,1,101,,51552,21,,,1,99,,51543,8,,,1,100,,51544,8,,,1,101,,51553,21,,,1,99,,51545,8,,,1,100,,51546,8,,,1,101,,51554,21,,,1,99,,51547,8,,,1,100,,51548,8,,,1,104,,51555,21,,,1,104,,51549,8,,,1
501,'20260830',813,,51565,21,,,1,100,,51566,21,,,1,103,,51556,8,,,1,100,,51557,8,,,1,101,,51567,21,,,1,99,,51558,8,,,1,100,,51559,8,,,1,101,,51568,21,,,1,99,,51560,8,,,1,100,,51561,8,,,1,101,,51569,21,,,1,99,,51562,8,,,1,100,,51563,8,,,1,104,,51570,21,,,1,104,,51564,8,,,1
501,'20260831',600,,65207,14,,,1,30,,65208,21,,,1,70,,65210,21,,,1,30,,65209,21,,,1,20,,65203,8,,,1,60,,51582,21,,,1,15,,65211,21,,,1,94,,51584,21,,,1,98,,65212,21,,,1,101,,51572,8,,,1,98,,65204,8,,,1,100,,51574,8,,,1,106,,65213,21,,,1,103,,65205,8,,,1,491,,51576,8,,,1,100,,65206,8,,,1,107,,65214,21,,,1
501,'20260901',600,,51595,14,,,1,30,,51596,21,,,1,70,,51598,21,,,1,30,,51597,21,,,1,20,,51588,8,,,1,60,,51599,21,,,1,15,,51600,21,,,1,94,,51601,21,,,1,98,,51602,21,,,1,101,,51589,8,,,1,98,,51590,8,,,1,100,,51591,8,,,1,106,,51603,21,,,1,103,,51592,8,,,1,491,,51593,8,,,1,100,,51594,8,,,1,107,,51604,21,,,1
501,'20260902',600,,51612,14,,,1,30,,51613,21,,,1,70,,51615,21,,,1,30,,51614,21,,,1,20,,51605,8,,,1,60,,51616,21,,,1,15,,51617,21,,,1,94,,51618,21,,,1,98,,51619,21,,,1,101,,51606,8,,,1,98,,51607,8,,,1,100,,51608,8,,,1,106,,51620,21,,,1,103,,51609,8,,,1,491,,51610,8,,,1,100,,51611,8,,,1,107,,51621,21,,,1
501,'20260903',600,,51629,14,,,1,30,,51630,21,,,1,70,,51632,21,,,1,30,,51631,21,,,1,20,,51622,8,,,1,60,,51633,21,,,1,15,,51634,21,,,1,94,,51635,21,,,1,98,,51636,21,,,1,101,,51623,8,,,1,98,,51624,8,,,1,100,,51625,8,,,1,106,,51637,21,,,1,103,,51626,8,,,1,491,,51627,8,,,1,100,,51628,8,,,1,107,,51638,21,,,1
501,'20260904',600,,51646,14,,,1,30,,51647,21,,,1,70,,51649,21,,,1,30,,51648,21,,,1,20,,51639,8,,,1,60,,51650,21,,,1,15,,51651,21,,,1,94,,51652,21,,,1,98,,51653,21,,,1,101,,51640,8,,,1,98,,51641,8,,,1,100,,51642,8,,,1,106,,51654,21,,,1,103,,51643,8,,,1,491,,51644,8,,,1,100,,51645,8,,,1,107,,51655,21,,,1
