500,'20260528',1056,,24509,26,,,1,447,,24510,26,,,1,104,,24505,26,0,9,1,52,,24511,26,,,1,85,,24508,26,,,1,70,,24506,26,,,1,15,,24507,26,,,1,30,,24512,26,,,1,445,,24513,26,,,1,53,,32083,26,,,1
500,'20260529',1056,,24526,26,,,1,447,,24527,26,,,1,104,,24522,26,0,9,1,52,,24528,26,,,1,85,,24525,26,,,1,70,,24523,26,,,1,15,,24524,26,,,1,30,,24529,26,,,1,445,,24530,26,,,1,53,,24531,26,,,1
500,'20260601',1057,,24573,26,,,1,447,,24574,26,,,1,104,,24569,26,0,9,1,92,,24575,26,,,1,45,,24572,26,,,1,70,,24570,26,,,1,15,,24571,26,,,1,70,,24576,26,,,1,405,,24577,26,,,1,53,,24578,26,,,1
500,'20260602',1056,,24590,26,,,1,447,,24591,26,,,1,104,,24586,26,0,9,1,52,,24592,26,,,1,85,,24589,26,,,1,70,,24587,26,,,1,15,,24588,26,,,1,30,,24593,26,,,1,445,,24594,26,,,1,53,,24595,26,,,1
500,'20260603',1056,,24607,26,,,1,447,,24608,26,,,1,104,,24603,26,0,9,1,52,,24609,26,,,1,85,,24606,26,,,1,70,,24604,26,,,1,15,,24605,26,,,1,30,,24610,26,,,1,445,,24611,26,,,1,53,,48831,26,,,1
500,'20260604',1056,,24624,26,,,1,447,,24625,26,,,1,104,,24620,26,0,9,1,52,,24626,26,,,1,85,,24623,26,,,1,70,,24621,26,,,1,15,,24622,26,,,1,30,,24627,26,,,1,445,,24628,26,,,1,53,,48832,26,,,1
500,'20260605',1056,,24641,26,,,1,447,,24642,26,,,1,104,,24637,26,0,9,1,52,,24643,26,,,1,85,,24640,26,,,1,70,,24638,26,,,1,15,,24639,26,,,1,30,,24644,26,,,1,445,,24645,26,,,1,101,,48833,26,,,1
500,'20260606',954,,48843,26,,,1,302,,48844,26,,,1,300,,48845,26,,,1,300,,48846,26,,,1,344,,48847,26,,,1,103,,48842,26,0,9,1,102,,48848,26,,,1
500,'20260607',954,,48858,26,,,1,302,,48859,26,,,1,300,,48860,26,,,1,300,,48861,26,,,1,344,,48862,26,,,1,103,,48857,26,0,9,1,53,,48863,26,,,1
500,'20260608',1056,,24688,26,,,1,447,,24689,26,,,1,104,,24684,26,0,9,1,52,,24690,26,,,1,85,,24687,26,,,1,70,,24685,26,,,1,15,,24686,26,,,1,30,,24691,26,,,1,445,,24692,26,,,1,53,,24693,26,,,1
500,'20260609',1056,,24705,26,,,1,447,,24706,26,,,1,104,,24701,26,0,9,1,52,,24707,26,,,1,85,,24704,26,,,1,70,,24702,26,,,1,15,,24703,26,,,1,30,,24708,26,,,1,445,,24709,26,,,1,53,,24710,26,,,1
500,'20260610',1056,,24722,26,,,1,447,,24723,26,,,1,104,,24718,26,0,9,1,52,,24724,26,,,1,85,,24721,26,,,1,70,,24719,26,,,1,15,,24720,26,,,1,30,,24725,26,,,1,445,,24726,26,,,1,53,,48864,26,,,1
500,'20260611',1056,,24739,26,,,1,447,,24740,26,,,1,104,,24735,26,0,9,1,52,,24741,26,,,1,85,,24738,26,,,1,70,,24736,26,,,1,15,,24737,26,,,1,30,,24742,26,,,1,445,,24743,26,,,1,53,,48865,26,,,1
500,'20260612',1056,,24756,26,,,1,447,,24757,26,,,1,104,,24752,26,0,9,1,52,,24758,26,,,1,85,,24755,26,,,1,70,,24753,26,,,1,15,,24754,26,,,1,30,,24759,26,,,1,445,,24760,26,,,1,53,,24761,26,,,1
500,'20260613',954,,48875,26,,,1,302,,48876,26,,,1,300,,48877,26,,,1,300,,48878,26,,,1,344,,48879,26,,,1,103,,48874,26,0,9,1,53,,48880,26,,,1
500,'20260614',954,,48890,26,,,1,302,,48891,26,,,1,300,,48892,26,,,1,300,,48893,26,,,1,344,,48894,26,,,1,103,,48889,26,0,9,1,53,,48895,26,,,1
500,'20260615',1056,,48907,26,,,1,447,,48908,26,,,1,104,,48903,26,0,9,1,52,,48909,26,,,1,85,,48906,26,,,1,70,,48904,26,,,1,15,,48905,26,,,1,30,,48910,26,,,1,445,,48911,26,,,1,53,,48912,26,,,1
500,'20260616',1056,,48924,26,,,1,447,,48925,26,,,1,104,,48920,26,0,9,1,52,,48926,26,,,1,85,,48923,26,,,1,70,,48921,26,,,1,15,,48922,26,,,1,30,,48927,26,,,1,445,,48928,26,,,1,53,,48929,26,,,1
500,'20260617',1056,,48941,26,,,1,447,,48942,26,,,1,104,,48937,26,0,9,1,52,,48943,26,,,1,85,,48940,26,,,1,70,,48938,26,,,1,15,,48939,26,,,1,30,,48944,26,,,1,445,,48945,26,,,1,53,,48946,26,,,1
500,'20260618',1056,,48958,26,,,1,447,,48959,26,,,1,104,,48954,26,0,9,1,52,,48960,26,,,1,85,,48957,26,,,1,70,,48955,26,,,1,15,,48956,26,,,1,30,,48961,26,,,1,445,,48962,26,,,1,53,,48963,26,,,1
500,'20260619',1056,,48975,26,,,1,447,,48976,26,,,1,104,,48971,26,0,9,1,52,,48977,26,,,1,85,,48974,26,,,1,70,,48972,26,,,1,15,,48973,26,,,1,30,,48978,26,,,1,445,,48979,26,,,1,53,,48980,26,,,1
500,'20260620',954,,48990,26,,,1,302,,48991,26,,,1,300,,48992,26,,,1,300,,48993,26,,,1,344,,48994,26,,,1,103,,48989,26,0,9,1,53,,48995,26,,,1
500,'20260621',954,,49005,26,,,1,302,,49006,26,,,1,300,,49007,26,,,1,300,,49008,26,,,1,344,,49009,26,,,1,103,,49004,26,0,9,1,53,,49010,26,,,1
500,'20260622',1056,,49022,26,,,1,447,,49023,26,,,1,104,,49018,26,0,9,1,52,,49024,26,,,1,85,,49021,26,,,1,70,,49019,26,,,1,15,,49020,26,,,1,30,,49025,26,,,1,445,,49026,26,,,1,53,,49027,26,,,1
500,'20260623',1056,,49039,26,,,1,447,,49040,26,,,1,104,,49035,26,0,9,1,52,,49041,26,,,1,85,,49038,26,,,1,70,,49036,26,,,1,15,,49037,26,,,1,30,,49042,26,,,1,445,,49043,26,,,1,53,,49044,26,,,1
500,'20260624',1056,,49056,26,,,1,447,,49057,26,,,1,104,,49052,26,0,9,1,52,,49058,26,,,1,85,,49055,26,,,1,70,,49053,26,,,1,15,,49054,26,,,1,30,,49059,26,,,1,445,,49060,26,,,1,53,,49061,26,,,1
500,'20260625',1056,,49073,26,,,1,447,,49074,26,,,1,104,,49069,26,0,9,1,52,,49075,26,,,1,85,,49072,26,,,1,70,,49070,26,,,1,15,,49071,26,,,1,30,,49076,26,,,1,445,,49077,26,,,1,53,,49078,26,,,1
500,'20260626',1056,,49090,26,,,1,447,,49091,26,,,1,104,,49086,26,0,9,1,52,,49092,26,,,1,85,,49089,26,,,1,70,,49087,26,,,1,15,,49088,26,,,1,30,,49093,26,,,1,445,,49094,26,,,1,53,,49095,26,,,1
500,'20260627',954,,49105,26,,,1,302,,49106,26,,,1,300,,49107,26,,,1,300,,49108,26,,,1,344,,49109,26,,,1,103,,49104,26,0,9,1,53,,49110,26,,,1
500,'20260628',954,,49120,26,,,1,302,,49121,26,,,1,300,,49122,26,,,1,300,,49123,26,,,1,344,,49124,26,,,1,103,,49119,26,0,9,1,53,,49125,26,,,1
500,'20260629',1056,,49137,26,,,1,447,,49138,26,,,1,104,,49133,26,0,9,1,52,,49139,26,,,1,85,,49136,26,,,1,70,,49134,26,,,1,15,,49135,26,,,1,30,,49140,26,,,1,445,,49141,26,,,1,53,,49142,26,,,1
500,'20260630',1056,,49154,26,,,1,447,,49155,26,,,1,104,,49150,26,0,9,1,52,,49156,26,,,1,85,,49153,26,,,1,70,,49151,26,,,1,15,,49152,26,,,1,30,,49157,26,,,1,445,,49158,26,,,1,53,,49159,26,,,1
500,'20260701',954,,49169,26,,,1,302,,49170,26,,,1,300,,49171,26,,,1,300,,49172,26,,,1,344,,49173,26,,,1,103,,49168,26,0,9,1,53,,49174,26,,,1
500,'20260702',1056,,49186,26,,,1,447,,49187,26,,,1,104,,49182,26,0,9,1,52,,49188,26,,,1,85,,49185,26,,,1,70,,49183,26,,,1,15,,49184,26,,,1,30,,49189,26,,,1,445,,49190,26,,,1,53,,49191,26,,,1
500,'20260703',1056,,49203,26,,,1,447,,49204,26,,,1,104,,49199,26,0,9,1,52,,49205,26,,,1,85,,49202,26,,,1,70,,49200,26,,,1,15,,49201,26,,,1,30,,49206,26,,,1,445,,49207,26,,,1,53,,49208,26,,,1
500,'20260704',954,,49218,26,,,1,302,,49219,26,,,1,300,,49220,26,,,1,300,,49221,26,,,1,344,,49222,26,,,1,103,,49217,26,0,9,1,53,,49223,26,,,1
500,'20260705',954,,49233,26,,,1,302,,49234,26,,,1,300,,49235,26,,,1,300,,49236,26,,,1,344,,49237,26,,,1,103,,49232,26,0,9,1,53,,49238,26,,,1
500,'20260706',1056,,49250,26,,,1,447,,49251,26,,,1,104,,49246,26,0,9,1,52,,49252,26,,,1,85,,49249,26,,,1,70,,49247,26,,,1,15,,49248,26,,,1,30,,49253,26,,,1,445,,49254,26,,,1,53,,49255,26,,,1
500,'20260707',1056,,49267,26,,,1,447,,49268,26,,,1,104,,49263,26,0,9,1,52,,49269,26,,,1,85,,49266,26,,,1,70,,49264,26,,,1,15,,49265,26,,,1,30,,49270,26,,,1,445,,49271,26,,,1,53,,49272,26,,,1
500,'20260708',1056,,49284,26,,,1,447,,49285,26,,,1,104,,49280,26,0,9,1,52,,49286,26,,,1,85,,49283,26,,,1,70,,49281,26,,,1,15,,49282,26,,,1,30,,49287,26,,,1,445,,49288,26,,,1,53,,49289,26,,,1
500,'20260709',1056,,49301,26,,,1,447,,49302,26,,,1,104,,49297,26,0,9,1,52,,49303,26,,,1,85,,49300,26,,,1,70,,49298,26,,,1,15,,49299,26,,,1,30,,49304,26,,,1,445,,49305,26,,,1,53,,49306,26,,,1
500,'20260710',1056,,49318,26,,,1,447,,49319,26,,,1,104,,49314,26,0,9,1,52,,49320,26,,,1,85,,49317,26,,,1,70,,49315,26,,,1,15,,49316,26,,,1,30,,49321,26,,,1,445,,49322,26,,,1,53,,49323,26,,,1
500,'20260711',954,,49333,26,,,1,302,,49334,26,,,1,300,,49335,26,,,1,300,,49336,26,,,1,344,,49337,26,,,1,103,,49332,26,0,9,1,53,,49338,26,,,1
500,'20260712',954,,49348,26,,,1,302,,49349,26,,,1,300,,49350,26,,,1,300,,49351,26,,,1,344,,49352,26,,,1,103,,49347,26,0,9,1,53,,49353,26,,,1
500,'20260713',1056,,49365,26,,,1,447,,49366,26,,,1,104,,49361,26,0,9,1,52,,49367,26,,,1,85,,49364,26,,,1,70,,49362,26,,,1,15,,49363,26,,,1,30,,49368,26,,,1,445,,49369,26,,,1,53,,49370,26,,,1
500,'20260714',1056,,49382,26,,,1,447,,49383,26,,,1,104,,49378,26,0,9,1,52,,49384,26,,,1,85,,49381,26,,,1,70,,49379,26,,,1,15,,49380,26,,,1,30,,49385,26,,,1,445,,49386,26,,,1,53,,49387,26,,,1
500,'20260715',1056,,49399,26,,,1,447,,49400,26,,,1,104,,49395,26,0,9,1,52,,49401,26,,,1,85,,49398,26,,,1,70,,49396,26,,,1,15,,49397,26,,,1,30,,49402,26,,,1,445,,49403,26,,,1,53,,49404,26,,,1
500,'20260716',1056,,49416,26,,,1,447,,49417,26,,,1,104,,49412,26,0,9,1,52,,49418,26,,,1,85,,49415,26,,,1,70,,49413,26,,,1,15,,49414,26,,,1,30,,49419,26,,,1,445,,49420,26,,,1,53,,49421,26,,,1
500,'20260717',1056,,49433,26,,,1,447,,49434,26,,,1,104,,49429,26,0,9,1,52,,49435,26,,,1,85,,49432,26,,,1,70,,49430,26,,,1,15,,49431,26,,,1,30,,49436,26,,,1,445,,49437,26,,,1,53,,49438,26,,,1
500,'20260718',954,,49448,26,,,1,302,,49449,26,,,1,300,,49450,26,,,1,300,,49451,26,,,1,344,,49452,26,,,1,103,,49447,26,0,9,1,53,,49453,26,,,1
500,'20260719',954,,49463,26,,,1,302,,49464,26,,,1,300,,49465,26,,,1,300,,49466,26,,,1,344,,49467,26,,,1,103,,49462,26,0,9,1,53,,49468,26,,,1
500,'20260720',1056,,49480,26,,,1,447,,49481,26,,,1,104,,49476,26,0,9,1,52,,49482,26,,,1,85,,49479,26,,,1,70,,49477,26,,,1,15,,49478,26,,,1,30,,49483,26,,,1,445,,49484,26,,,1,53,,49485,26,,,1
500,'20260721',1056,,49497,26,,,1,447,,49498,26,,,1,104,,49493,26,0,9,1,52,,49499,26,,,1,85,,49496,26,,,1,70,,49494,26,,,1,15,,49495,26,,,1,30,,49500,26,,,1,445,,49501,26,,,1,53,,49502,26,,,1
500,'20260722',1056,,49514,26,,,1,447,,49515,26,,,1,104,,49510,26,0,9,1,52,,49516,26,,,1,85,,49513,26,,,1,70,,49511,26,,,1,15,,49512,26,,,1,30,,49517,26,,,1,445,,49518,26,,,1,53,,49519,26,,,1
500,'20260723',1056,,49531,26,,,1,447,,49532,26,,,1,104,,49527,26,0,9,1,52,,49533,26,,,1,85,,49530,26,,,1,70,,49528,26,,,1,15,,49529,26,,,1,30,,49534,26,,,1,445,,49535,26,,,1,53,,49536,26,,,1
500,'20260724',1056,,49548,26,,,1,447,,49549,26,,,1,104,,49544,26,0,9,1,52,,49550,26,,,1,85,,49547,26,,,1,70,,49545,26,,,1,15,,49546,26,,,1,30,,49551,26,,,1,445,,49552,26,,,1,53,,49553,26,,,1
500,'20260725',954,,49563,26,,,1,302,,49564,26,,,1,300,,49565,26,,,1,300,,49566,26,,,1,344,,49567,26,,,1,103,,49562,26,0,9,1,53,,49568,26,,,1
500,'20260726',954,,49578,26,,,1,302,,49579,26,,,1,300,,49580,26,,,1,300,,49581,26,,,1,344,,49582,26,,,1,103,,49577,26,0,9,1,53,,49583,26,,,1
500,'20260727',1056,,49595,26,,,1,447,,49596,26,,,1,104,,49591,26,0,9,1,52,,49597,26,,,1,85,,49594,26,,,1,70,,49592,26,,,1,15,,49593,26,,,1,30,,49598,26,,,1,445,,49599,26,,,1,53,,49600,26,,,1
500,'20260728',1056,,49612,26,,,1,447,,49613,26,,,1,104,,49608,26,0,9,1,52,,49614,26,,,1,85,,49611,26,,,1,70,,49609,26,,,1,15,,49610,26,,,1,30,,49615,26,,,1,445,,49616,26,,,1,53,,49617,26,,,1
500,'20260729',1056,,49629,26,,,1,447,,49630,26,,,1,104,,49625,26,0,9,1,52,,49631,26,,,1,85,,49628,26,,,1,70,,49626,26,,,1,15,,49627,26,,,1,30,,49632,26,,,1,445,,49633,26,,,1,53,,49634,26,,,1
500,'20260730',1056,,49646,26,,,1,447,,49647,26,,,1,104,,49642,26,0,9,1,52,,49648,26,,,1,85,,49645,26,,,1,70,,49643,26,,,1,15,,49644,26,,,1,30,,49649,26,,,1,445,,49650,26,,,1,53,,49651,26,,,1
500,'20260731',1056,,49663,26,,,1,447,,49664,26,,,1,104,,49659,26,0,9,1,52,,49665,26,,,1,85,,49662,26,,,1,70,,49660,26,,,1,15,,49661,26,,,1,30,,49666,26,,,1,445,,49667,26,,,1,53,,49668,26,,,1
500,'20260801',954,,49678,26,,,1,302,,49679,26,,,1,300,,49680,26,,,1,300,,49681,26,,,1,344,,49682,26,,,1,103,,49677,26,0,9,1,53,,49683,26,,,1
500,'20260802',954,,49693,26,,,1,302,,49694,26,,,1,300,,49695,26,,,1,300,,49696,26,,,1,344,,49697,26,,,1,103,,49692,26,0,9,1,53,,49698,26,,,1
500,'20260803',1056,,49710,26,,,1,447,,49711,26,,,1,104,,49706,26,0,9,1,52,,49712,26,,,1,85,,49709,26,,,1,70,,49707,26,,,1,15,,49708,26,,,1,30,,49713,26,,,1,445,,49714,26,,,1,53,,49715,26,,,1
500,'20260804',1056,,49727,26,,,1,447,,49728,26,,,1,104,,49723,26,0,9,1,52,,49729,26,,,1,85,,49726,26,,,1,70,,49724,26,,,1,15,,49725,26,,,1,30,,49730,26,,,1,445,,49731,26,,,1,53,,49732,26,,,1
500,'20260805',1056,,49744,26,,,1,447,,49745,26,,,1,104,,49740,26,0,9,1,52,,49746,26,,,1,85,,49743,26,,,1,70,,49741,26,,,1,15,,49742,26,,,1,30,,49747,26,,,1,445,,49748,26,,,1,53,,49749,26,,,1
500,'20260806',1056,,49761,26,,,1,447,,49762,26,,,1,104,,49757,26,0,9,1,52,,49763,26,,,1,85,,49760,26,,,1,70,,49758,26,,,1,15,,49759,26,,,1,30,,49764,26,,,1,445,,49765,26,,,1,53,,49766,26,,,1
500,'20260807',1056,,49778,26,,,1,447,,49779,26,,,1,104,,49774,26,0,9,1,52,,49780,26,,,1,85,,49777,26,,,1,70,,49775,26,,,1,15,,49776,26,,,1,30,,49781,26,,,1,445,,49782,26,,,1,53,,49783,26,,,1
500,'20260808',954,,49793,26,,,1,302,,49794,26,,,1,300,,49795,26,,,1,300,,49796,26,,,1,344,,49797,26,,,1,103,,49792,26,0,9,1,53,,49798,26,,,1
500,'20260809',954,,49808,26,,,1,302,,49809,26,,,1,300,,49810,26,,,1,300,,49811,26,,,1,344,,49812,26,,,1,103,,49807,26,0,9,1,53,,49813,26,,,1
500,'20260810',1056,,49825,26,,,1,447,,49826,26,,,1,104,,49821,26,0,9,1,52,,49827,26,,,1,85,,49824,26,,,1,70,,49822,26,,,1,15,,49823,26,,,1,30,,49828,26,,,1,445,,49829,26,,,1,53,,49830,26,,,1
500,'20260811',1056,,49842,26,,,1,447,,49843,26,,,1,104,,49838,26,0,9,1,52,,49844,26,,,1,85,,49841,26,,,1,70,,49839,26,,,1,15,,49840,26,,,1,30,,49845,26,,,1,445,,49846,26,,,1,53,,49847,26,,,1
500,'20260812',1056,,49859,26,,,1,447,,49860,26,,,1,104,,49855,26,0,9,1,52,,49861,26,,,1,85,,49858,26,,,1,70,,49856,26,,,1,15,,49857,26,,,1,30,,49862,26,,,1,445,,49863,26,,,1,53,,49864,26,,,1
500,'20260813',1056,,49876,26,,,1,447,,49877,26,,,1,104,,49872,26,0,9,1,52,,49878,26,,,1,85,,49875,26,,,1,70,,49873,26,,,1,15,,49874,26,,,1,30,,49879,26,,,1,445,,49880,26,,,1,53,,49881,26,,,1
500,'20260814',1056,,49893,26,,,1,447,,49894,26,,,1,104,,49889,26,0,9,1,52,,49895,26,,,1,85,,49892,26,,,1,70,,49890,26,,,1,15,,49891,26,,,1,30,,49896,26,,,1,445,,49897,26,,,1,53,,49898,26,,,1
500,'20260815',954,,49908,26,,,1,302,,49909,26,,,1,300,,49910,26,,,1,300,,49911,26,,,1,344,,49912,26,,,1,103,,49907,26,0,9,1,53,,49913,26,,,1
500,'20260816',954,,49923,26,,,1,302,,49924,26,,,1,300,,49925,26,,,1,300,,49926,26,,,1,344,,49927,26,,,1,103,,49922,26,0,9,1,53,,49928,26,,,1
500,'20260817',1056,,49940,26,,,1,447,,49941,26,,,1,104,,49936,26,0,9,1,52,,49942,26,,,1,85,,49939,26,,,1,70,,49937,26,,,1,15,,49938,26,,,1,30,,49943,26,,,1,445,,49944,26,,,1,53,,49945,26,,,1
500,'20260818',1056,,49957,26,,,1,447,,49958,26,,,1,104,,49953,26,0,9,1,52,,49959,26,,,1,85,,49956,26,,,1,70,,49954,26,,,1,15,,49955,26,,,1,30,,49960,26,,,1,445,,49961,26,,,1,53,,49962,26,,,1
500,'20260819',1056,,49974,26,,,1,447,,49975,26,,,1,104,,49970,26,0,9,1,52,,49976,26,,,1,85,,49973,26,,,1,70,,49971,26,,,1,15,,49972,26,,,1,30,,49977,26,,,1,445,,49978,26,,,1,53,,49979,26,,,1
500,'20260820',1056,,49991,26,,,1,447,,49992,26,,,1,104,,49987,26,0,9,1,52,,49993,26,,,1,85,,49990,26,,,1,70,,49988,26,,,1,15,,49989,26,,,1,30,,49994,26,,,1,445,,49995,26,,,1,53,,49996,26,,,1
500,'20260821',1056,,50008,26,,,1,447,,50009,26,,,1,104,,50004,26,0,9,1,52,,50010,26,,,1,85,,50007,26,,,1,70,,50005,26,,,1,15,,50006,26,,,1,30,,50011,26,,,1,445,,50012,26,,,1,53,,50013,26,,,1
500,'20260822',954,,50023,26,,,1,302,,50024,26,,,1,300,,50025,26,,,1,300,,50026,26,,,1,344,,50027,26,,,1,103,,50022,26,0,9,1,53,,50028,26,,,1
500,'20260823',954,,50038,26,,,1,302,,50039,26,,,1,300,,50040,26,,,1,300,,50041,26,,,1,344,,50042,26,,,1,103,,50037,26,0,9,1,53,,50043,26,,,1
500,'20260824',1056,,50055,26,,,1,447,,50056,26,,,1,104,,50051,26,0,9,1,52,,50057,26,,,1,85,,50054,26,,,1,70,,50052,26,,,1,15,,50053,26,,,1,30,,50058,26,,,1,445,,50059,26,,,1,53,,50060,26,,,1
500,'20260825',1056,,50072,26,,,1,447,,50073,26,,,1,104,,50068,26,0,9,1,52,,50074,26,,,1,85,,50071,26,,,1,70,,50069,26,,,1,15,,50070,26,,,1,30,,50075,26,,,1,445,,50076,26,,,1,53,,50077,26,,,1
500,'20260826',1056,,50089,26,,,1,447,,50090,26,,,1,104,,50085,26,0,9,1,52,,50091,26,,,1,85,,50088,26,,,1,70,,50086,26,,,1,15,,50087,26,,,1,30,,50092,26,,,1,445,,50093,26,,,1,53,,50094,26,,,1
500,'20260827',1056,,50106,26,,,1,447,,50107,26,,,1,104,,50102,26,0,9,1,52,,50108,26,,,1,85,,50105,26,,,1,70,,50103,26,,,1,15,,50104,26,,,1,30,,50109,26,,,1,445,,50110,26,,,1,53,,50111,26,,,1
500,'20260828',1056,,50123,26,,,1,447,,50124,26,,,1,104,,50119,26,0,9,1,52,,50125,26,,,1,85,,50122,26,,,1,70,,50120,26,,,1,15,,50121,26,,,1,30,,50126,26,,,1,445,,50127,26,,,1,53,,50128,26,,,1
500,'20260829',954,,50138,26,,,1,302,,50139,26,,,1,300,,50140,26,,,1,300,,50141,26,,,1,344,,50142,26,,,1,103,,50137,26,0,9,1,53,,50143,26,,,1
500,'20260830',954,,50153,26,,,1,302,,50154,26,,,1,300,,50155,26,,,1,300,,50156,26,,,1,344,,50157,26,,,1,103,,50152,26,0,9,1,53,,50158,26,,,1
500,'20260831',1056,,50170,26,,,1,447,,50171,26,,,1,104,,50166,26,0,9,1,52,,50172,26,,,1,85,,50169,26,,,1,70,,50167,26,,,1,15,,50168,26,,,1,30,,50173,26,,,1,445,,50174,26,,,1,53,,50175,26,,,1
500,'20260901',1056,,50187,26,,,1,447,,50188,26,,,1,104,,50183,26,0,9,1,52,,50189,26,,,1,85,,50186,26,,,1,70,,50184,26,,,1,15,,50185,26,,,1,30,,50190,26,,,1,445,,50191,26,,,1,53,,50192,26,,,1
500,'20260902',1056,,50204,26,,,1,447,,50205,26,,,1,104,,50200,26,0,9,1,52,,50206,26,,,1,85,,50203,26,,,1,70,,50201,26,,,1,15,,50202,26,,,1,30,,50207,26,,,1,445,,50208,26,,,1,53,,50209,26,,,1
500,'20260903',1056,,50221,26,,,1,447,,50222,26,,,1,104,,50217,26,0,9,1,52,,50223,26,,,1,85,,50220,26,,,1,70,,50218,26,,,1,15,,50219,26,,,1,30,,50224,26,,,1,445,,50225,26,,,1,53,,50226,26,,,1
500,'20260904',1056,,50238,26,,,1,447,,50239,26,,,1,104,,50234,26,0,9,1,52,,50240,26,,,1,85,,50237,26,,,1,70,,50235,26,,,1,15,,50236,26,,,1,30,,50241,26,,,1,445,,50242,26,,,1,53,,50243,26,,,1
501,'20260528',525,,25278,3,,,1,28,,25279,10,,,1,70,,25281,10,,,1,30,,25280,10,,,1,80,,25282,10,,,1,15,,25283,10,,,1,94,,25284,10,,,1,100,,25285,10,,,1,407,,25286,10,,,1,801,,25287,10,,,1
501,'20260529',525,,25295,3,,,1,28,,25296,10,,,1,70,,25298,10,,,1,30,,25297,10,,,1,80,,25299,10,,,1,15,,25300,10,,,1,94,,25301,10,,,1,100,,25302,10,,,1,407,,25303,10,,,1,801,,25304,10,,,1
501,'20260601',523,,25342,3,,,1,28,,25343,10,,,1,70,,25345,10,,,1,30,,25344,10,,,1,80,,25346,10,,,1,15,,25347,10,,,1,94,,25348,10,,,1,100,,25349,10,,,1,407,,25350,10,,,1,801,,25351,10,,,1
501,'20260602',525,,25359,3,,,1,28,,25360,10,,,1,70,,25362,10,,,1,30,,25361,10,,,1,80,,25363,10,,,1,15,,25364,10,,,1,94,,25365,10,,,1,100,,25366,10,,,1,407,,25367,10,,,1,801,,25368,10,,,1
501,'20260603',525,,25376,3,,,1,28,,25377,10,,,1,70,,25379,10,,,1,30,,25378,10,,,1,80,,25380,10,,,1,15,,25381,10,,,1,94,,25382,10,,,1,100,,25383,10,,,1,407,,25384,10,,,1,801,,25385,10,,,1
501,'20260604',525,,25393,3,,,1,28,,25394,10,,,1,70,,25396,10,,,1,30,,25395,10,,,1,80,,25397,10,,,1,15,,25398,10,,,1,94,,25399,10,,,1,100,,25400,10,,,1,407,,25401,10,,,1,801,,25402,10,,,1
501,'20260605',525,,25410,3,,,1,28,,25411,10,,,1,70,,25413,10,,,1,30,,25412,10,,,1,80,,25414,10,,,1,15,,25415,10,,,1,94,,25416,10,,,1,100,,25417,10,,,1,407,,25418,10,,,1,801,,25419,10,,,1
501,'20260606',740,,50255,10,,,1,100,,50256,10,,,1,304,,50257,10,,,1,300,,50258,10,,,1,300,,50259,10,,,1,303,,50260,10,,,1
501,'20260607',740,,50272,10,,,1,100,,50273,10,,,1,304,,50274,10,,,1,300,,50275,10,,,1,300,,50276,10,,,1,303,,50277,10,,,1
501,'20260608',525,,25457,3,,,1,28,,25458,10,,,1,70,,25460,10,,,1,30,,25459,10,,,1,80,,25461,10,,,1,15,,25462,10,,,1,94,,25463,10,,,1,100,,25464,10,,,1,407,,25465,10,,,1,801,,25466,10,,,1
501,'20260609',525,,25474,3,,,1,28,,25475,10,,,1,70,,25477,10,,,1,30,,25476,10,,,1,80,,25478,10,,,1,15,,25479,10,,,1,94,,25480,10,,,1,100,,25481,10,,,1,407,,25482,10,,,1,801,,25483,10,,,1
501,'20260610',525,,25491,3,,,1,28,,25492,10,,,1,70,,25494,10,,,1,30,,25493,10,,,1,80,,25495,10,,,1,15,,25496,10,,,1,94,,25497,10,,,1,100,,25498,10,,,1,407,,25499,10,,,1,801,,25500,10,,,1
501,'20260611',525,,25508,3,,,1,28,,25509,10,,,1,70,,25511,10,,,1,30,,25510,10,,,1,80,,25512,10,,,1,15,,25513,10,,,1,94,,25514,10,,,1,100,,25515,10,,,1,407,,25516,10,,,1,801,,25517,10,,,1
501,'20260612',525,,25525,3,,,1,28,,25526,10,,,1,70,,25528,10,,,1,30,,25527,10,,,1,80,,25529,10,,,1,15,,25530,10,,,1,94,,25531,10,,,1,100,,25532,10,,,1,407,,25533,10,,,1,801,,25534,10,,,1
501,'20260613',740,,50287,10,,,1,100,,50288,10,,,1,304,,50289,10,,,1,300,,50290,10,,,1,300,,50291,10,,,1,303,,50292,10,,,1
501,'20260614',740,,50302,10,,,1,100,,50303,10,,,1,304,,50304,10,,,1,300,,50305,10,,,1,300,,50306,10,,,1,303,,50307,10,,,1
501,'20260615',525,,50315,3,,,1,28,,50316,10,,,1,70,,50318,10,,,1,30,,50317,10,,,1,80,,50319,10,,,1,15,,50320,10,,,1,94,,50321,10,,,1,100,,50322,10,,,1,407,,50323,10,,,1,801,,50324,10,,,1
501,'20260616',525,,50332,3,,,1,28,,50333,10,,,1,70,,50335,10,,,1,30,,50334,10,,,1,80,,50336,10,,,1,15,,50337,10,,,1,94,,50338,10,,,1,100,,50339,10,,,1,407,,50340,10,,,1,801,,50341,10,,,1
501,'20260617',525,,50349,3,,,1,28,,50350,10,,,1,70,,50352,10,,,1,30,,50351,10,,,1,80,,50353,10,,,1,15,,50354,10,,,1,94,,50355,10,,,1,100,,50356,10,,,1,407,,50357,10,,,1,801,,50358,10,,,1
501,'20260618',525,,50366,3,,,1,28,,50367,10,,,1,70,,50369,10,,,1,30,,50368,10,,,1,80,,50370,10,,,1,15,,50371,10,,,1,94,,50372,10,,,1,100,,50373,10,,,1,407,,50374,10,,,1,801,,50375,10,,,1
501,'20260619',525,,50383,3,,,1,28,,50384,10,,,1,70,,50386,10,,,1,30,,50385,10,,,1,80,,50387,10,,,1,15,,50388,10,,,1,94,,50389,10,,,1,100,,50390,10,,,1,407,,50391,10,,,1,801,,50392,10,,,1
501,'20260620',740,,50402,10,,,1,100,,50403,10,,,1,304,,50404,10,,,1,300,,50405,10,,,1,300,,50406,10,,,1,303,,50407,10,,,1
501,'20260621',740,,50417,10,,,1,100,,50418,10,,,1,304,,50419,10,,,1,300,,50420,10,,,1,300,,50421,10,,,1,303,,50422,10,,,1
501,'20260622',525,,50430,3,,,1,28,,50431,10,,,1,70,,50433,10,,,1,30,,50432,10,,,1,80,,50434,10,,,1,15,,50435,10,,,1,94,,50436,10,,,1,100,,50437,10,,,1,407,,50438,10,,,1,801,,50439,10,,,1
501,'20260623',525,,50447,3,,,1,28,,50448,10,,,1,70,,50450,10,,,1,30,,50449,10,,,1,80,,50451,10,,,1,15,,50452,10,,,1,94,,50453,10,,,1,100,,50454,10,,,1,407,,50455,10,,,1,801,,50456,10,,,1
501,'20260624',525,,50464,3,,,1,28,,50465,10,,,1,70,,50467,10,,,1,30,,50466,10,,,1,80,,50468,10,,,1,15,,50469,10,,,1,94,,50470,10,,,1,100,,50471,10,,,1,407,,50472,10,,,1,801,,50473,10,,,1
501,'20260625',525,,50481,3,,,1,28,,50482,10,,,1,70,,50484,10,,,1,30,,50483,10,,,1,80,,50485,10,,,1,15,,50486,10,,,1,94,,50487,10,,,1,100,,50488,10,,,1,407,,50489,10,,,1,801,,50490,10,,,1
501,'20260626',525,,50498,3,,,1,28,,50499,10,,,1,70,,50501,10,,,1,30,,50500,10,,,1,80,,50502,10,,,1,15,,50503,10,,,1,94,,50504,10,,,1,100,,50505,10,,,1,407,,50506,10,,,1,801,,50507,10,,,1
501,'20260627',740,,50517,10,,,1,100,,50518,10,,,1,304,,50519,10,,,1,300,,50520,10,,,1,300,,50521,10,,,1,303,,50522,10,,,1
501,'20260628',740,,50532,10,,,1,100,,50533,10,,,1,304,,50534,10,,,1,300,,50535,10,,,1,300,,50536,10,,,1,303,,50537,10,,,1
501,'20260629',525,,50545,3,,,1,28,,50546,10,,,1,70,,50548,10,,,1,30,,50547,10,,,1,80,,50549,10,,,1,15,,50550,10,,,1,94,,50551,10,,,1,100,,50552,10,,,1,407,,50553,10,,,1,801,,50554,10,,,1
501,'20260630',525,,50562,3,,,1,28,,50563,10,,,1,70,,50565,10,,,1,30,,50564,10,,,1,80,,50566,10,,,1,15,,50567,10,,,1,94,,50568,10,,,1,100,,50569,10,,,1,407,,50570,10,,,1,801,,50571,10,,,1
501,'20260701',740,,50581,10,,,1,100,,50582,10,,,1,304,,50583,10,,,1,300,,50584,10,,,1,300,,50585,10,,,1,303,,50586,10,,,1
501,'20260702',525,,50594,3,,,1,28,,50595,10,,,1,70,,50597,10,,,1,30,,50596,10,,,1,80,,50598,10,,,1,15,,50599,10,,,1,94,,50600,10,,,1,100,,50601,10,,,1,407,,50602,10,,,1,801,,50603,10,,,1
501,'20260703',525,,50611,3,,,1,28,,50612,10,,,1,70,,50614,10,,,1,30,,50613,10,,,1,80,,50615,10,,,1,15,,50616,10,,,1,94,,50617,10,,,1,100,,50618,10,,,1,407,,50619,10,,,1,801,,50620,10,,,1
501,'20260704',740,,50630,10,,,1,100,,50631,10,,,1,304,,50632,10,,,1,300,,50633,10,,,1,300,,50634,10,,,1,303,,50635,10,,,1
501,'20260705',740,,50645,10,,,1,100,,50646,10,,,1,304,,50647,10,,,1,300,,50648,10,,,1,300,,50649,10,,,1,303,,50650,10,,,1
501,'20260706',525,,50658,3,,,1,28,,50659,10,,,1,70,,50661,10,,,1,30,,50660,10,,,1,80,,50662,10,,,1,15,,50663,10,,,1,94,,50664,10,,,1,100,,50665,10,,,1,407,,50666,10,,,1,801,,50667,10,,,1
501,'20260707',525,,50675,3,,,1,28,,50676,10,,,1,70,,50678,10,,,1,30,,50677,10,,,1,80,,50679,10,,,1,15,,50680,10,,,1,94,,50681,10,,,1,100,,50682,10,,,1,407,,50683,10,,,1,801,,50684,10,,,1
501,'20260708',525,,50692,3,,,1,28,,50693,10,,,1,70,,50695,10,,,1,30,,50694,10,,,1,80,,50696,10,,,1,15,,50697,10,,,1,94,,50698,10,,,1,100,,50699,10,,,1,407,,50700,10,,,1,801,,50701,10,,,1
501,'20260709',525,,50709,3,,,1,28,,50710,10,,,1,70,,50712,10,,,1,30,,50711,10,,,1,80,,50713,10,,,1,15,,50714,10,,,1,94,,50715,10,,,1,100,,50716,10,,,1,407,,50717,10,,,1,801,,50718,10,,,1
501,'20260710',525,,50726,3,,,1,28,,50727,10,,,1,70,,50729,10,,,1,30,,50728,10,,,1,80,,50730,10,,,1,15,,50731,10,,,1,94,,50732,10,,,1,100,,50733,10,,,1,407,,50734,10,,,1,801,,50735,10,,,1
501,'20260711',740,,50745,10,,,1,100,,50746,10,,,1,304,,50747,10,,,1,300,,50748,10,,,1,300,,50749,10,,,1,303,,50750,10,,,1
501,'20260712',740,,50760,10,,,1,100,,50761,10,,,1,304,,50762,10,,,1,300,,50763,10,,,1,300,,50764,10,,,1,303,,50765,10,,,1
501,'20260713',525,,50773,3,,,1,28,,50774,10,,,1,70,,50776,10,,,1,30,,50775,10,,,1,80,,50777,10,,,1,15,,50778,10,,,1,94,,50779,10,,,1,100,,50780,10,,,1,407,,50781,10,,,1,801,,50782,10,,,1
501,'20260714',525,,50790,3,,,1,28,,50791,10,,,1,70,,50793,10,,,1,30,,50792,10,,,1,80,,50794,10,,,1,15,,50795,10,,,1,94,,50796,10,,,1,100,,50797,10,,,1,407,,50798,10,,,1,801,,50799,10,,,1
501,'20260715',525,,50807,3,,,1,28,,50808,10,,,1,70,,50810,10,,,1,30,,50809,10,,,1,80,,50811,10,,,1,15,,50812,10,,,1,94,,50813,10,,,1,100,,50814,10,,,1,407,,50815,10,,,1,801,,50816,10,,,1
501,'20260716',525,,50824,3,,,1,28,,50825,10,,,1,70,,50827,10,,,1,30,,50826,10,,,1,80,,50828,10,,,1,15,,50829,10,,,1,94,,50830,10,,,1,100,,50831,10,,,1,407,,50832,10,,,1,801,,50833,10,,,1
501,'20260717',525,,50841,3,,,1,28,,50842,10,,,1,70,,50844,10,,,1,30,,50843,10,,,1,80,,50845,10,,,1,15,,50846,10,,,1,94,,50847,10,,,1,100,,50848,10,,,1,407,,50849,10,,,1,801,,50850,10,,,1
501,'20260718',740,,50860,10,,,1,100,,50861,10,,,1,304,,50862,10,,,1,300,,50863,10,,,1,300,,50864,10,,,1,303,,50865,10,,,1
501,'20260719',740,,50875,10,,,1,100,,50876,10,,,1,304,,50877,10,,,1,300,,50878,10,,,1,300,,50879,10,,,1,303,,50880,10,,,1
501,'20260720',525,,50888,3,,,1,28,,50889,10,,,1,70,,50891,10,,,1,30,,50890,10,,,1,80,,50892,10,,,1,15,,50893,10,,,1,94,,50894,10,,,1,100,,50895,10,,,1,407,,50896,10,,,1,801,,50897,10,,,1
501,'20260721',525,,50905,3,,,1,28,,50906,10,,,1,70,,50908,10,,,1,30,,50907,10,,,1,80,,50909,10,,,1,15,,50910,10,,,1,94,,50911,10,,,1,100,,50912,10,,,1,407,,50913,10,,,1,801,,50914,10,,,1
501,'20260722',525,,50922,3,,,1,28,,50923,10,,,1,70,,50925,10,,,1,30,,50924,10,,,1,80,,50926,10,,,1,15,,50927,10,,,1,94,,50928,10,,,1,100,,50929,10,,,1,407,,50930,10,,,1,801,,50931,10,,,1
501,'20260723',525,,50939,3,,,1,28,,50940,10,,,1,70,,50942,10,,,1,30,,50941,10,,,1,80,,50943,10,,,1,15,,50944,10,,,1,94,,50945,10,,,1,100,,50946,10,,,1,407,,50947,10,,,1,801,,50948,10,,,1
501,'20260724',525,,50956,3,,,1,28,,50957,10,,,1,70,,50959,10,,,1,30,,50958,10,,,1,80,,50960,10,,,1,15,,50961,10,,,1,94,,50962,10,,,1,100,,50963,10,,,1,407,,50964,10,,,1,801,,50965,10,,,1
501,'20260725',740,,50975,10,,,1,100,,50976,10,,,1,304,,50977,10,,,1,300,,50978,10,,,1,300,,50979,10,,,1,303,,50980,10,,,1
501,'20260726',740,,50990,10,,,1,100,,50991,10,,,1,304,,50992,10,,,1,300,,50993,10,,,1,300,,50994,10,,,1,303,,50995,10,,,1
501,'20260727',525,,51003,3,,,1,28,,51004,10,,,1,70,,51006,10,,,1,30,,51005,10,,,1,80,,51007,10,,,1,15,,51008,10,,,1,94,,51009,10,,,1,100,,51010,10,,,1,407,,51011,10,,,1,801,,51012,10,,,1
501,'20260728',525,,51020,3,,,1,28,,51021,10,,,1,70,,51023,10,,,1,30,,51022,10,,,1,80,,51024,10,,,1,15,,51025,10,,,1,94,,51026,10,,,1,100,,51027,10,,,1,407,,51028,10,,,1,801,,51029,10,,,1
501,'20260729',525,,51037,3,,,1,28,,51038,10,,,1,70,,51040,10,,,1,30,,51039,10,,,1,80,,51041,10,,,1,15,,51042,10,,,1,94,,51043,10,,,1,100,,51044,10,,,1,407,,51045,10,,,1,801,,51046,10,,,1
501,'20260730',525,,51054,3,,,1,28,,51055,10,,,1,70,,51057,10,,,1,30,,51056,10,,,1,80,,51058,10,,,1,15,,51059,10,,,1,94,,51060,10,,,1,100,,51061,10,,,1,407,,51062,10,,,1,801,,51063,10,,,1
501,'20260731',525,,51071,3,,,1,28,,51072,10,,,1,70,,51074,10,,,1,30,,51073,10,,,1,80,,51075,10,,,1,15,,51076,10,,,1,94,,51077,10,,,1,100,,51078,10,,,1,407,,51079,10,,,1,801,,51080,10,,,1
501,'20260801',740,,51090,10,,,1,100,,51091,10,,,1,304,,51092,10,,,1,300,,51093,10,,,1,300,,51094,10,,,1,303,,51095,10,,,1
501,'20260802',740,,51105,10,,,1,100,,51106,10,,,1,304,,51107,10,,,1,300,,51108,10,,,1,300,,51109,10,,,1,303,,51110,10,,,1
501,'20260803',525,,51118,3,,,1,28,,51119,10,,,1,70,,51121,10,,,1,30,,51120,10,,,1,80,,51122,10,,,1,15,,51123,10,,,1,94,,51124,10,,,1,100,,51125,10,,,1,407,,51126,10,,,1,801,,51127,10,,,1
501,'20260804',525,,51135,3,,,1,28,,51136,10,,,1,70,,51138,10,,,1,30,,51137,10,,,1,80,,51139,10,,,1,15,,51140,10,,,1,94,,51141,10,,,1,100,,51142,10,,,1,407,,51143,10,,,1,801,,51144,10,,,1
501,'20260805',525,,51152,3,,,1,28,,51153,10,,,1,70,,51155,10,,,1,30,,51154,10,,,1,80,,51156,10,,,1,15,,51157,10,,,1,94,,51158,10,,,1,100,,51159,10,,,1,407,,51160,10,,,1,801,,51161,10,,,1
501,'20260806',525,,51169,3,,,1,28,,51170,10,,,1,70,,51172,10,,,1,30,,51171,10,,,1,80,,51173,10,,,1,15,,51174,10,,,1,94,,51175,10,,,1,100,,51176,10,,,1,407,,51177,10,,,1,801,,51178,10,,,1
501,'20260807',525,,51186,3,,,1,28,,51187,10,,,1,70,,51189,10,,,1,30,,51188,10,,,1,80,,51190,10,,,1,15,,51191,10,,,1,94,,51192,10,,,1,100,,51193,10,,,1,407,,51194,10,,,1,801,,51195,10,,,1
501,'20260808',740,,51205,10,,,1,100,,51206,10,,,1,304,,51207,10,,,1,300,,51208,10,,,1,300,,51209,10,,,1,303,,51210,10,,,1
501,'20260809',740,,51220,10,,,1,100,,51221,10,,,1,304,,51222,10,,,1,300,,51223,10,,,1,300,,51224,10,,,1,303,,51225,10,,,1
501,'20260810',525,,51233,3,,,1,28,,51234,10,,,1,70,,51236,10,,,1,30,,51235,10,,,1,80,,51237,10,,,1,15,,51238,10,,,1,94,,51239,10,,,1,100,,51240,10,,,1,407,,51241,10,,,1,801,,51242,10,,,1
501,'20260811',525,,51250,3,,,1,28,,51251,10,,,1,70,,51253,10,,,1,30,,51252,10,,,1,80,,51254,10,,,1,15,,51255,10,,,1,94,,51256,10,,,1,100,,51257,10,,,1,407,,51258,10,,,1,801,,51259,10,,,1
501,'20260812',525,,51267,3,,,1,28,,51268,10,,,1,70,,51270,10,,,1,30,,51269,10,,,1,80,,51271,10,,,1,15,,51272,10,,,1,94,,51273,10,,,1,100,,51274,10,,,1,407,,51275,10,,,1,801,,51276,10,,,1
501,'20260813',525,,51284,3,,,1,28,,51285,10,,,1,70,,51287,10,,,1,30,,51286,10,,,1,80,,51288,10,,,1,15,,51289,10,,,1,94,,51290,10,,,1,100,,51291,10,,,1,407,,51292,10,,,1,801,,51293,10,,,1
501,'20260814',525,,51301,3,,,1,28,,51302,10,,,1,70,,51304,10,,,1,30,,51303,10,,,1,80,,51305,10,,,1,15,,51306,10,,,1,94,,51307,10,,,1,100,,51308,10,,,1,407,,51309,10,,,1,801,,51310,10,,,1
501,'20260815',740,,51320,10,,,1,100,,51321,10,,,1,304,,51322,10,,,1,300,,51323,10,,,1,300,,51324,10,,,1,303,,51325,10,,,1
501,'20260816',740,,51335,10,,,1,100,,51336,10,,,1,304,,51337,10,,,1,300,,51338,10,,,1,300,,51339,10,,,1,303,,51340,10,,,1
501,'20260817',525,,51348,3,,,1,28,,51349,10,,,1,70,,51351,10,,,1,30,,51350,10,,,1,80,,51352,10,,,1,15,,51353,10,,,1,94,,51354,10,,,1,100,,51355,10,,,1,407,,51356,10,,,1,801,,51357,10,,,1
501,'20260818',525,,51365,3,,,1,28,,51366,10,,,1,70,,51368,10,,,1,30,,51367,10,,,1,80,,51369,10,,,1,15,,51370,10,,,1,94,,51371,10,,,1,100,,51372,10,,,1,407,,51373,10,,,1,801,,51374,10,,,1
501,'20260819',525,,51382,3,,,1,28,,51383,10,,,1,70,,51385,10,,,1,30,,51384,10,,,1,80,,51386,10,,,1,15,,51387,10,,,1,94,,51388,10,,,1,100,,51389,10,,,1,407,,51390,10,,,1,801,,51391,10,,,1
501,'20260820',525,,51399,3,,,1,28,,51400,10,,,1,70,,51402,10,,,1,30,,51401,10,,,1,80,,51403,10,,,1,15,,51404,10,,,1,94,,51405,10,,,1,100,,51406,10,,,1,407,,51407,10,,,1,801,,51408,10,,,1
501,'20260821',525,,51416,3,,,1,28,,51417,10,,,1,70,,51419,10,,,1,30,,51418,10,,,1,80,,51420,10,,,1,15,,51421,10,,,1,94,,51422,10,,,1,100,,51423,10,,,1,407,,51424,10,,,1,801,,51425,10,,,1
501,'20260822',740,,51435,10,,,1,100,,51436,10,,,1,304,,51437,10,,,1,300,,51438,10,,,1,300,,51439,10,,,1,303,,51440,10,,,1
501,'20260823',740,,51450,10,,,1,100,,51451,10,,,1,304,,51452,10,,,1,300,,51453,10,,,1,300,,51454,10,,,1,303,,51455,10,,,1
501,'20260824',525,,51463,3,,,1,28,,51464,10,,,1,70,,51466,10,,,1,30,,51465,10,,,1,80,,51467,10,,,1,15,,51468,10,,,1,94,,51469,10,,,1,100,,51470,10,,,1,407,,51471,10,,,1,801,,51472,10,,,1
501,'20260825',525,,51480,3,,,1,28,,51481,10,,,1,70,,51483,10,,,1,30,,51482,10,,,1,80,,51484,10,,,1,15,,51485,10,,,1,94,,51486,10,,,1,100,,51487,10,,,1,407,,51488,10,,,1,801,,51489,10,,,1
501,'20260826',525,,51497,3,,,1,28,,51498,10,,,1,70,,51500,10,,,1,30,,51499,10,,,1,80,,51501,10,,,1,15,,51502,10,,,1,94,,51503,10,,,1,100,,51504,10,,,1,407,,51505,10,,,1,801,,51506,10,,,1
501,'20260827',525,,51514,3,,,1,28,,51515,10,,,1,70,,51517,10,,,1,30,,51516,10,,,1,80,,51518,10,,,1,15,,51519,10,,,1,94,,51520,10,,,1,100,,51521,10,,,1,407,,51522,10,,,1,801,,51523,10,,,1
501,'20260828',525,,51531,3,,,1,28,,51532,10,,,1,70,,51534,10,,,1,30,,51533,10,,,1,80,,51535,10,,,1,15,,51536,10,,,1,94,,51537,10,,,1,100,,51538,10,,,1,407,,51539,10,,,1,801,,51540,10,,,1
501,'20260829',740,,51550,10,,,1,100,,51551,10,,,1,304,,51552,10,,,1,300,,51553,10,,,1,300,,51554,10,,,1,303,,51555,10,,,1
501,'20260830',740,,51565,10,,,1,100,,51566,10,,,1,304,,51567,10,,,1,300,,51568,10,,,1,300,,51569,10,,,1,303,,51570,10,,,1
501,'20260831',525,,51578,3,,,1,28,,51579,10,,,1,70,,51581,10,,,1,30,,51580,10,,,1,80,,51582,10,,,1,15,,51583,10,,,1,94,,51584,10,,,1,100,,51585,10,,,1,407,,51586,10,,,1,801,,51587,10,,,1
501,'20260901',525,,51595,3,,,1,28,,51596,10,,,1,70,,51598,10,,,1,30,,51597,10,,,1,80,,51599,10,,,1,15,,51600,10,,,1,94,,51601,10,,,1,100,,51602,10,,,1,407,,51603,10,,,1,801,,51604,10,,,1
501,'20260902',525,,51612,3,,,1,28,,51613,10,,,1,70,,51615,10,,,1,30,,51614,10,,,1,80,,51616,10,,,1,15,,51617,10,,,1,94,,51618,10,,,1,100,,51619,10,,,1,407,,51620,10,,,1,801,,51621,10,,,1
501,'20260903',525,,51629,3,,,1,28,,51630,10,,,1,70,,51632,10,,,1,30,,51631,10,,,1,80,,51633,10,,,1,15,,51634,10,,,1,94,,51635,10,,,1,100,,51636,10,,,1,407,,51637,10,,,1,801,,51638,10,,,1
501,'20260904',525,,51646,3,,,1,28,,51647,10,,,1,70,,51649,10,,,1,30,,51648,10,,,1,80,,51650,10,,,1,15,,51651,10,,,1,94,,51652,10,,,1,100,,51653,10,,,1,407,,51654,10,,,1,801,,51655,10,,,1
