700,'20260528',934,,26448,17,0,23 24,1,100,,26449,17,0,23 24,1,100,,26450,17,0,23 24,1,100,,26451,17,0,23 24,1,100,,26452,17,0,23 24,1,100,,26453,17,0,23 24,1,100,,26459,17,,,1,72,,26446,17,0,25,1,28,,26460,17,,,1,70,,26464,17,,,1,20,,26447,17,0,25,1,10,,26461,17,,,1,72,,26465,17,,,1,43,,26454,17,0,23 24,1,85,,26455,17,0,23 24,1,100,,26456,17,0,23 24,1,100,,26457,17,0,23 24,1,100,,26458,17,0,23 24,1,100,,26462,17,,,1,100,,26463,17,,,1
700,'20260529',934,,26468,17,0,23 24,1,100,,26469,17,0,23 24,1,100,,26470,17,0,23 24,1,100,,26471,17,0,23 24,1,100,,26472,17,0,23 24,1,100,,26473,17,0,23 24,1,100,,26479,17,,,1,72,,26466,17,0,25,1,28,,26480,17,,,1,70,,26484,17,,,1,20,,26467,17,0,25,1,10,,26481,17,,,1,72,,26485,17,,,1,43,,26474,17,0,23 24,1,85,,26475,17,0,23 24,1,100,,26476,17,0,23 24,1,100,,26477,17,0,23 24,1,100,,26478,17,0,23 24,1,100,,26482,17,,,1,100,,26483,17,,,1
700,'20260530',934,,26486,17,0,23 24,1,100,,26487,17,0,23 24,1,100,,26488,17,0,23 24,1,100,,26489,17,0,23 24,1,100,,26490,17,0,23 24,1,100,,26491,17,0,23 24,1,100,,26492,17,0,23 24,1,100,,26493,17,0,23 24,1,100,,26494,17,0,23 24,1,100,,26495,17,0,23 24,1,100,,26496,17,0,23 24,1,100,,26497,17,0,23 24,1,100,,26498,17,,,1,100,,26499,17,,,1,100,,26500,17,,,1
700,'20260531',934,,26501,17,0,23 24,1,100,,26502,17,0,23 24,1,100,,26503,17,0,23 24,1,100,,26504,17,0,23 24,1,100,,26505,17,0,23 24,1,100,,26506,17,0,23 24,1,100,,26507,17,0,23 24,1,100,,26508,17,0,23 24,1,100,,26509,17,0,23 24,1,100,,26510,17,0,23 24,1,100,,26511,17,0,23 24,1,100,,26512,17,0,23 24,1,100,,26513,17,,,1,100,,26514,17,,,1,100,,26515,17,,,1
700,'20260601',934,,26518,17,0,23 24,1,100,,26519,17,0,23 24,1,100,,26520,17,0,23 24,1,100,,26521,17,0,23 24,1,100,,26522,17,0,23 24,1,100,,26523,17,0,23 24,1,100,,26529,17,,,1,72,,26516,17,0,25,1,28,,26530,17,,,1,70,,26534,17,,,1,20,,26517,17,0,25,1,10,,26531,17,,,1,72,,26535,17,,,1,43,,26524,17,0,23 24,1,85,,26525,17,0,23 24,1,100,,26526,17,0,23 24,1,100,,26527,17,0,23 24,1,100,,26528,17,0,23 24,1,100,,26532,17,,,1,100,,26533,17,,,1
700,'20260602',934,,26538,17,0,23 24,1,100,,26539,17,0,23 24,1,100,,26540,17,0,23 24,1,100,,26541,17,0,23 24,1,100,,26542,17,0,23 24,1,100,,26543,17,0,23 24,1,100,,26549,17,,,1,72,,26536,17,0,25,1,28,,26550,17,,,1,70,,26554,17,,,1,20,,26537,17,0,25,1,10,,26551,17,,,1,72,,26555,17,,,1,43,,26544,17,0,23 24,1,85,,26545,17,0,23 24,1,100,,26546,17,0,23 24,1,100,,26547,17,0,23 24,1,100,,26548,17,0,23 24,1,100,,26552,17,,,1,100,,26553,17,,,1
700,'20260603',934,,26558,17,0,23 24,1,100,,26559,17,0,23 24,1,100,,26560,17,0,23 24,1,100,,26561,17,0,23 24,1,100,,26562,17,0,23 24,1,100,,26563,17,0,23 24,1,100,,26569,17,,,1,72,,26556,17,0,25,1,28,,26570,17,,,1,70,,26574,17,,,1,20,,26557,17,0,25,1,10,,26571,17,,,1,72,,26575,17,,,1,43,,26564,17,0,23 24,1,85,,26565,17,0,23 24,1,100,,26566,17,0,23 24,1,100,,26567,17,0,23 24,1,100,,26568,17,0,23 24,1,100,,26572,17,,,1,100,,26573,17,,,1
700,'20260604',934,,26578,17,0,23 24,1,100,,26579,17,0,23 24,1,100,,26580,17,0,23 24,1,100,,26581,17,0,23 24,1,100,,26582,17,0,23 24,1,100,,26583,17,0,23 24,1,100,,26589,17,,,1,72,,26576,17,0,25,1,28,,26590,17,,,1,70,,26594,17,,,1,20,,26577,17,0,25,1,10,,26591,17,,,1,72,,26595,17,,,1,43,,26584,17,0,23 24,1,85,,26585,17,0,23 24,1,100,,26586,17,0,23 24,1,100,,26587,17,0,23 24,1,100,,26588,17,0,23 24,1,100,,26592,17,,,1,100,,26593,17,,,1
700,'20260605',934,,26598,17,0,23 24,1,100,,26599,17,0,23 24,1,100,,26600,17,0,23 24,1,100,,26601,17,0,23 24,1,100,,26602,17,0,23 24,1,100,,26603,17,0,23 24,1,100,,26609,17,,,1,72,,26596,17,0,25,1,28,,26610,17,,,1,70,,26614,17,,,1,20,,26597,17,0,25,1,10,,26611,17,,,1,72,,26615,17,,,1,43,,26604,17,0,23 24,1,85,,26605,17,0,23 24,1,100,,26606,17,0,23 24,1,100,,26607,17,0,23 24,1,100,,52187,17,,,1,100,,26612,17,,,1
700,'20260608',934,,26648,17,0,23 24,1,100,,26649,17,0,23 24,1,100,,26650,17,0,23 24,1,100,,26651,17,0,23 24,1,100,,26652,17,0,23 24,1,100,,26653,17,0,23 24,1,100,,26659,17,,,1,72,,26646,17,0,25,1,28,,26660,17,,,1,70,,26664,17,,,1,20,,26647,17,0,25,1,10,,26661,17,,,1,72,,26665,17,,,1,43,,26654,17,0,23 24,1,85,,26655,17,0,23 24,1,100,,26656,17,0,23 24,1,100,,26657,17,0,23 24,1,100,,26658,17,0,23 24,1,100,,26662,17,,,1,100,,26663,17,,,1
700,'20260609',934,,26668,17,0,23 24,1,100,,26669,17,0,23 24,1,100,,26670,17,0,23 24,1,100,,26671,17,0,23 24,1,100,,26672,17,0,23 24,1,100,,26673,17,0,23 24,1,100,,26679,17,,,1,72,,26666,17,0,25,1,28,,26680,17,,,1,70,,26684,17,,,1,20,,26667,17,0,25,1,10,,26681,17,,,1,72,,26685,17,,,1,43,,26674,17,0,23 24,1,85,,26675,17,0,23 24,1,100,,26676,17,0,23 24,1,100,,26677,17,0,23 24,1,100,,26678,17,0,23 24,1,100,,26682,17,,,1,100,,26683,17,,,1
700,'20260610',934,,26688,17,0,23 24,1,100,,26689,17,0,23 24,1,100,,26690,17,0,23 24,1,100,,26691,17,0,23 24,1,100,,26692,17,0,23 24,1,100,,26693,17,0,23 24,1,100,,26699,17,,,1,72,,26686,17,0,25,1,28,,26700,17,,,1,70,,26704,17,,,1,20,,26687,17,0,25,1,10,,26701,17,,,1,72,,26705,17,,,1,43,,26694,17,0,23 24,1,85,,26695,17,0,23 24,1,100,,26696,17,0,23 24,1,100,,26697,17,0,23 24,1,100,,26698,17,0,23 24,1,100,,26702,17,,,1,100,,26703,17,,,1
700,'20260611',934,,26708,17,0,23 24,1,100,,26709,17,0,23 24,1,100,,26710,17,0,23 24,1,100,,26711,17,0,23 24,1,100,,26712,17,0,23 24,1,100,,26713,17,0,23 24,1,100,,26719,17,,,1,72,,26706,17,0,25,1,28,,26720,17,,,1,70,,26724,17,,,1,20,,26707,17,0,25,1,10,,26721,17,,,1,72,,26725,17,,,1,43,,26714,17,0,23 24,1,85,,26715,17,0,23 24,1,100,,26716,17,0,23 24,1,100,,26717,17,0,23 24,1,100,,26718,17,0,23 24,1,100,,26722,17,,,1,100,,26723,17,,,1
700,'20260612',934,,26728,17,0,23 24,1,100,,26729,17,0,23 24,1,100,,26730,17,0,23 24,1,100,,26731,17,0,23 24,1,100,,26732,17,0,23 24,1,100,,26733,17,0,23 24,1,100,,26739,17,,,1,72,,26726,17,0,25,1,28,,26740,17,,,1,70,,26744,17,,,1,20,,26727,17,0,25,1,10,,26741,17,,,1,72,,26745,17,,,1,43,,26734,17,0,23 24,1,85,,26735,17,0,23 24,1,100,,26736,17,0,23 24,1,100,,26737,17,0,23 24,1,100,,26738,17,0,23 24,1,100,,26742,17,,,1,100,,26743,17,,,1
700,'20260613',934,,52188,17,0,23 24,1,100,,52189,17,0,23 24,1,100,,52190,17,0,23 24,1,100,,52191,17,0,23 24,1,100,,52192,17,0,23 24,1,100,,52193,17,0,23 24,1,100,,52194,17,0,23 24,1,100,,52195,17,0,23 24,1,100,,52196,17,0,23 24,1,100,,52197,17,0,23 24,1,100,,52198,17,0,23 24,1,100,,52199,17,0,23 24,1,100,,52200,17,,,1,100,,52201,17,,,1,100,,52202,17,,,1
700,'20260614',934,,52203,17,0,23 24,1,100,,52204,17,0,23 24,1,100,,52205,17,0,23 24,1,100,,52206,17,0,23 24,1,100,,52207,17,0,23 24,1,100,,52208,17,0,23 24,1,100,,52209,17,0,23 24,1,100,,52210,17,0,23 24,1,100,,52211,17,0,23 24,1,100,,52212,17,0,23 24,1,100,,52213,17,0,23 24,1,100,,52214,17,0,23 24,1,100,,52215,17,,,1,100,,52216,17,,,1,100,,52217,17,,,1
700,'20260615',934,,52220,17,0,23 24,1,100,,52221,17,0,23 24,1,100,,52222,17,0,23 24,1,100,,52223,17,0,23 24,1,100,,52224,17,0,23 24,1,100,,52225,17,0,23 24,1,100,,52231,17,,,1,72,,52218,17,0,25,1,28,,52232,17,,,1,70,,52236,17,,,1,20,,52219,17,0,25,1,10,,52233,17,,,1,72,,52237,17,,,1,43,,52226,17,0,23 24,1,85,,52227,17,0,23 24,1,100,,52228,17,0,23 24,1,100,,52229,17,0,23 24,1,100,,52230,17,0,23 24,1,100,,52234,17,,,1,100,,52235,17,,,1
700,'20260616',934,,52240,17,0,23 24,1,100,,52241,17,0,23 24,1,100,,52242,17,0,23 24,1,100,,52243,17,0,23 24,1,100,,52244,17,0,23 24,1,100,,52245,17,0,23 24,1,100,,52251,17,,,1,72,,52238,17,0,25,1,28,,52252,17,,,1,70,,52256,17,,,1,20,,52239,17,0,25,1,10,,52253,17,,,1,72,,52257,17,,,1,43,,52246,17,0,23 24,1,85,,52247,17,0,23 24,1,100,,52248,17,0,23 24,1,100,,52249,17,0,23 24,1,100,,52250,17,0,23 24,1,100,,52254,17,,,1,100,,52255,17,,,1
700,'20260617',934,,52260,17,0,23 24,1,100,,52261,17,0,23 24,1,100,,52262,17,0,23 24,1,100,,52263,17,0,23 24,1,100,,52264,17,0,23 24,1,100,,52265,17,0,23 24,1,100,,52271,17,,,1,72,,52258,17,0,25,1,28,,52272,17,,,1,70,,52276,17,,,1,20,,52259,17,0,25,1,10,,52273,17,,,1,72,,52277,17,,,1,43,,52266,17,0,23 24,1,85,,52267,17,0,23 24,1,100,,52268,17,0,23 24,1,100,,52269,17,0,23 24,1,100,,52270,17,0,23 24,1,100,,52274,17,,,1,100,,52275,17,,,1
700,'20260618',934,,52280,17,0,23 24,1,100,,52281,17,0,23 24,1,100,,52282,17,0,23 24,1,100,,52283,17,0,23 24,1,100,,52284,17,0,23 24,1,100,,52285,17,0,23 24,1,100,,52291,17,,,1,72,,52278,17,0,25,1,28,,52292,17,,,1,70,,52296,17,,,1,20,,52279,17,0,25,1,10,,52293,17,,,1,72,,52297,17,,,1,43,,52286,17,0,23 24,1,85,,52287,17,0,23 24,1,100,,52288,17,0,23 24,1,100,,52289,17,0,23 24,1,100,,52290,17,0,23 24,1,100,,52294,17,,,1,100,,52295,17,,,1
700,'20260619',934,,52300,17,0,23 24,1,100,,52301,17,0,23 24,1,100,,52302,17,0,23 24,1,100,,52303,17,0,23 24,1,100,,52304,17,0,23 24,1,100,,52305,17,0,23 24,1,100,,52311,17,,,1,72,,52298,17,0,25,1,28,,52312,17,,,1,70,,52316,17,,,1,20,,52299,17,0,25,1,10,,52313,17,,,1,72,,52317,17,,,1,43,,52306,17,0,23 24,1,85,,52307,17,0,23 24,1,100,,52308,17,0,23 24,1,100,,52309,17,0,23 24,1,100,,52310,17,0,23 24,1,100,,52314,17,,,1,100,,52315,17,,,1
700,'20260620',934,,52318,17,0,23 24,1,100,,52319,17,0,23 24,1,100,,52320,17,0,23 24,1,100,,52321,17,0,23 24,1,100,,52322,17,0,23 24,1,100,,52323,17,0,23 24,1,100,,52324,17,0,23 24,1,100,,52325,17,0,23 24,1,100,,52326,17,0,23 24,1,100,,52327,17,0,23 24,1,100,,52328,17,0,23 24,1,100,,52329,17,0,23 24,1,100,,52330,17,,,1,100,,52331,17,,,1,100,,52332,17,,,1
700,'20260621',934,,52333,17,0,23 24,1,100,,52334,17,0,23 24,1,100,,52335,17,0,23 24,1,100,,52336,17,0,23 24,1,100,,52337,17,0,23 24,1,100,,52338,17,0,23 24,1,100,,52339,17,0,23 24,1,100,,52340,17,0,23 24,1,100,,52341,17,0,23 24,1,100,,52342,17,0,23 24,1,100,,52343,17,0,23 24,1,100,,52344,17,0,23 24,1,100,,52345,17,,,1,100,,52346,17,,,1,100,,52347,17,,,1
700,'20260622',934,,52350,17,0,23 24,1,100,,52351,17,0,23 24,1,100,,52352,17,0,23 24,1,100,,52353,17,0,23 24,1,100,,52354,17,0,23 24,1,100,,52355,17,0,23 24,1,100,,52361,17,,,1,72,,52348,17,0,25,1,28,,52362,17,,,1,70,,52366,17,,,1,20,,52349,17,0,25,1,10,,52363,17,,,1,72,,52367,17,,,1,43,,52356,17,0,23 24,1,85,,52357,17,0,23 24,1,100,,52358,17,0,23 24,1,100,,52359,17,0,23 24,1,100,,52360,17,0,23 24,1,100,,52364,17,,,1,100,,52365,17,,,1
700,'20260623',934,,52370,17,0,23 24,1,100,,52371,17,0,23 24,1,100,,52372,17,0,23 24,1,100,,52373,17,0,23 24,1,100,,52374,17,0,23 24,1,100,,52375,17,0,23 24,1,100,,52381,17,,,1,72,,52368,17,0,25,1,28,,52382,17,,,1,70,,52386,17,,,1,20,,52369,17,0,25,1,10,,52383,17,,,1,72,,52387,17,,,1,43,,52376,17,0,23 24,1,85,,52377,17,0,23 24,1,100,,52378,17,0,23 24,1,100,,52379,17,0,23 24,1,100,,52380,17,0,23 24,1,100,,52384,17,,,1,100,,52385,17,,,1
700,'20260624',934,,52390,17,0,23 24,1,100,,52391,17,0,23 24,1,100,,52392,17,0,23 24,1,100,,52393,17,0,23 24,1,100,,52394,17,0,23 24,1,100,,52395,17,0,23 24,1,100,,52401,17,,,1,72,,52388,17,0,25,1,28,,52402,17,,,1,70,,52406,17,,,1,20,,52389,17,0,25,1,10,,52403,17,,,1,72,,52407,17,,,1,43,,52396,17,0,23 24,1,85,,52397,17,0,23 24,1,100,,52398,17,0,23 24,1,100,,52399,17,0,23 24,1,100,,52400,17,0,23 24,1,100,,52404,17,,,1,100,,52405,17,,,1
700,'20260625',934,,52410,17,0,23 24,1,100,,52411,17,0,23 24,1,100,,52412,17,0,23 24,1,100,,52413,17,0,23 24,1,100,,52414,17,0,23 24,1,100,,52415,17,0,23 24,1,100,,52421,17,,,1,72,,52408,17,0,25,1,28,,52422,17,,,1,70,,52426,17,,,1,20,,52409,17,0,25,1,10,,52423,17,,,1,72,,52427,17,,,1,43,,52416,17,0,23 24,1,85,,52417,17,0,23 24,1,100,,52418,17,0,23 24,1,100,,52419,17,0,23 24,1,100,,52420,17,0,23 24,1,100,,52424,17,,,1,100,,52425,17,,,1
700,'20260626',934,,52430,17,0,23 24,1,100,,52431,17,0,23 24,1,100,,52432,17,0,23 24,1,100,,52433,17,0,23 24,1,100,,52434,17,0,23 24,1,100,,52435,17,0,23 24,1,100,,52441,17,,,1,72,,52428,17,0,25,1,28,,52442,17,,,1,70,,52446,17,,,1,20,,52429,17,0,25,1,10,,52443,17,,,1,72,,52447,17,,,1,43,,52436,17,0,23 24,1,85,,52437,17,0,23 24,1,100,,52438,17,0,23 24,1,100,,52439,17,0,23 24,1,100,,52440,17,0,23 24,1,100,,52444,17,,,1,100,,52445,17,,,1
700,'20260627',934,,52448,17,0,23 24,1,100,,52449,17,0,23 24,1,100,,52450,17,0,23 24,1,100,,52451,17,0,23 24,1,100,,52452,17,0,23 24,1,100,,52453,17,0,23 24,1,100,,52454,17,0,23 24,1,100,,52455,17,0,23 24,1,100,,52456,17,0,23 24,1,100,,52457,17,0,23 24,1,100,,52458,17,0,23 24,1,100,,52459,17,0,23 24,1,100,,52460,17,,,1,100,,52461,17,,,1,100,,52462,17,,,1
700,'20260628',934,,52463,17,0,23 24,1,100,,52464,17,0,23 24,1,100,,52465,17,0,23 24,1,100,,52466,17,0,23 24,1,100,,52467,17,0,23 24,1,100,,52468,17,0,23 24,1,100,,52469,17,0,23 24,1,100,,52470,17,0,23 24,1,100,,52471,17,0,23 24,1,100,,52472,17,0,23 24,1,100,,52473,17,0,23 24,1,100,,52474,17,0,23 24,1,100,,52475,17,,,1,100,,52476,17,,,1,100,,52477,17,,,1
700,'20260629',934,,52480,17,0,23 24,1,100,,52481,17,0,23 24,1,100,,52482,17,0,23 24,1,100,,52483,17,0,23 24,1,100,,52484,17,0,23 24,1,100,,52485,17,0,23 24,1,100,,52491,17,,,1,72,,52478,17,0,25,1,28,,52492,17,,,1,70,,52496,17,,,1,20,,52479,17,0,25,1,10,,52493,17,,,1,72,,52497,17,,,1,43,,52486,17,0,23 24,1,85,,52487,17,0,23 24,1,100,,52488,17,0,23 24,1,100,,52489,17,0,23 24,1,100,,52490,17,0,23 24,1,100,,52494,17,,,1,100,,52495,17,,,1
700,'20260630',934,,52500,17,0,23 24,1,100,,52501,17,0,23 24,1,100,,52502,17,0,23 24,1,100,,52503,17,0,23 24,1,100,,52504,17,0,23 24,1,100,,52505,17,0,23 24,1,100,,52511,17,,,1,72,,52498,17,0,25,1,28,,52512,17,,,1,70,,52516,17,,,1,20,,52499,17,0,25,1,10,,52513,17,,,1,72,,52517,17,,,1,43,,52506,17,0,23 24,1,85,,52507,17,0,23 24,1,100,,52508,17,0,23 24,1,100,,52509,17,0,23 24,1,100,,52510,17,0,23 24,1,100,,52514,17,,,1,100,,52515,17,,,1
700,'20260701',934,,52518,17,0,23 24,1,100,,52519,17,0,23 24,1,100,,52520,17,0,23 24,1,100,,52521,17,0,23 24,1,100,,52522,17,0,23 24,1,100,,52523,17,0,23 24,1,100,,52524,17,0,23 24,1,100,,52525,17,0,23 24,1,100,,52526,17,0,23 24,1,100,,52527,17,0,23 24,1,100,,52528,17,0,23 24,1,100,,52529,17,0,23 24,1,100,,52530,17,,,1,100,,52531,17,,,1,100,,52532,17,,,1
700,'20260702',934,,52535,17,0,23 24,1,100,,52536,17,0,23 24,1,100,,52537,17,0,23 24,1,100,,52538,17,0,23 24,1,100,,52539,17,0,23 24,1,100,,52540,17,0,23 24,1,100,,52546,17,,,1,72,,52533,17,0,25,1,28,,52547,17,,,1,70,,52551,17,,,1,20,,52534,17,0,25,1,10,,52548,17,,,1,72,,52552,17,,,1,43,,52541,17,0,23 24,1,85,,52542,17,0,23 24,1,100,,52543,17,0,23 24,1,100,,52544,17,0,23 24,1,100,,52545,17,0,23 24,1,100,,52549,17,,,1,100,,52550,17,,,1
700,'20260703',934,,52555,17,0,23 24,1,100,,52556,17,0,23 24,1,100,,52557,17,0,23 24,1,100,,52558,17,0,23 24,1,100,,52559,17,0,23 24,1,100,,52560,17,0,23 24,1,100,,52566,17,,,1,72,,52553,17,0,25,1,28,,52567,17,,,1,70,,52571,17,,,1,20,,52554,17,0,25,1,10,,52568,17,,,1,72,,52572,17,,,1,43,,52561,17,0,23 24,1,85,,52562,17,0,23 24,1,100,,52563,17,0,23 24,1,100,,52564,17,0,23 24,1,100,,52565,17,0,23 24,1,100,,52569,17,,,1,100,,52570,17,,,1
700,'20260704',934,,52573,17,0,23 24,1,100,,52574,17,0,23 24,1,100,,52575,17,0,23 24,1,100,,52576,17,0,23 24,1,100,,52577,17,0,23 24,1,100,,52578,17,0,23 24,1,100,,52579,17,0,23 24,1,100,,52580,17,0,23 24,1,100,,52581,17,0,23 24,1,100,,52582,17,0,23 24,1,100,,52583,17,0,23 24,1,100,,52584,17,0,23 24,1,100,,52585,17,,,1,100,,52586,17,,,1,100,,52587,17,,,1
700,'20260705',934,,52588,17,0,23 24,1,100,,52589,17,0,23 24,1,100,,52590,17,0,23 24,1,100,,52591,17,0,23 24,1,100,,52592,17,0,23 24,1,100,,52593,17,0,23 24,1,100,,52594,17,0,23 24,1,100,,52595,17,0,23 24,1,100,,52596,17,0,23 24,1,100,,52597,17,0,23 24,1,100,,52598,17,0,23 24,1,100,,52599,17,0,23 24,1,100,,52600,17,,,1,100,,52601,17,,,1,100,,52602,17,,,1
700,'20260706',934,,52605,17,0,23 24,1,100,,52606,17,0,23 24,1,100,,52607,17,0,23 24,1,100,,52608,17,0,23 24,1,100,,52609,17,0,23 24,1,100,,52610,17,0,23 24,1,100,,52616,17,,,1,72,,52603,17,0,25,1,28,,52617,17,,,1,70,,52621,17,,,1,20,,52604,17,0,25,1,10,,52618,17,,,1,72,,52622,17,,,1,43,,52611,17,0,23 24,1,85,,52612,17,0,23 24,1,100,,52613,17,0,23 24,1,100,,52614,17,0,23 24,1,100,,52615,17,0,23 24,1,100,,52619,17,,,1,100,,52620,17,,,1
700,'20260707',934,,52625,17,0,23 24,1,100,,52626,17,0,23 24,1,100,,52627,17,0,23 24,1,100,,52628,17,0,23 24,1,100,,52629,17,0,23 24,1,100,,52630,17,0,23 24,1,100,,52636,17,,,1,72,,52623,17,0,25,1,28,,52637,17,,,1,70,,52641,17,,,1,20,,52624,17,0,25,1,10,,52638,17,,,1,72,,52642,17,,,1,43,,52631,17,0,23 24,1,85,,52632,17,0,23 24,1,100,,52633,17,0,23 24,1,100,,52634,17,0,23 24,1,100,,52635,17,0,23 24,1,100,,52639,17,,,1,100,,52640,17,,,1
700,'20260708',934,,52645,17,0,23 24,1,100,,52646,17,0,23 24,1,100,,52647,17,0,23 24,1,100,,52648,17,0,23 24,1,100,,52649,17,0,23 24,1,100,,52650,17,0,23 24,1,100,,52656,17,,,1,72,,52643,17,0,25,1,28,,52657,17,,,1,70,,52661,17,,,1,20,,52644,17,0,25,1,10,,52658,17,,,1,72,,52662,17,,,1,43,,52651,17,0,23 24,1,85,,52652,17,0,23 24,1,100,,52653,17,0,23 24,1,100,,52654,17,0,23 24,1,100,,52655,17,0,23 24,1,100,,52659,17,,,1,100,,52660,17,,,1
700,'20260709',934,,52665,17,0,23 24,1,100,,52666,17,0,23 24,1,100,,52667,17,0,23 24,1,100,,52668,17,0,23 24,1,100,,52669,17,0,23 24,1,100,,52670,17,0,23 24,1,100,,52676,17,,,1,72,,52663,17,0,25,1,28,,52677,17,,,1,70,,52681,17,,,1,20,,52664,17,0,25,1,10,,52678,17,,,1,72,,52682,17,,,1,43,,52671,17,0,23 24,1,85,,52672,17,0,23 24,1,100,,52673,17,0,23 24,1,100,,52674,17,0,23 24,1,100,,52675,17,0,23 24,1,100,,52679,17,,,1,100,,52680,17,,,1
700,'20260710',934,,52685,17,0,23 24,1,100,,52686,17,0,23 24,1,100,,52687,17,0,23 24,1,100,,52688,17,0,23 24,1,100,,52689,17,0,23 24,1,100,,52690,17,0,23 24,1,100,,52696,17,,,1,72,,52683,17,0,25,1,28,,52697,17,,,1,70,,52701,17,,,1,20,,52684,17,0,25,1,10,,52698,17,,,1,72,,52702,17,,,1,43,,52691,17,0,23 24,1,85,,52692,17,0,23 24,1,100,,52693,17,0,23 24,1,100,,52694,17,0,23 24,1,100,,52695,17,0,23 24,1,100,,52699,17,,,1,100,,52700,17,,,1
700,'20260711',934,,52703,17,0,23 24,1,100,,52704,17,0,23 24,1,100,,52705,17,0,23 24,1,100,,52706,17,0,23 24,1,100,,52707,17,0,23 24,1,100,,52708,17,0,23 24,1,100,,52709,17,0,23 24,1,100,,52710,17,0,23 24,1,100,,52711,17,0,23 24,1,100,,52712,17,0,23 24,1,100,,52713,17,0,23 24,1,100,,52714,17,0,23 24,1,100,,52715,17,,,1,100,,52716,17,,,1,100,,52717,17,,,1
700,'20260712',934,,52718,17,0,23 24,1,100,,52719,17,0,23 24,1,100,,52720,17,0,23 24,1,100,,52721,17,0,23 24,1,100,,52722,17,0,23 24,1,100,,52723,17,0,23 24,1,100,,52724,17,0,23 24,1,100,,52725,17,0,23 24,1,100,,52726,17,0,23 24,1,100,,52727,17,0,23 24,1,100,,52728,17,0,23 24,1,100,,52729,17,0,23 24,1,100,,52730,17,,,1,100,,52731,17,,,1,100,,52732,17,,,1
700,'20260713',934,,52735,17,0,23 24,1,100,,52736,17,0,23 24,1,100,,52737,17,0,23 24,1,100,,52738,17,0,23 24,1,100,,52739,17,0,23 24,1,100,,52740,17,0,23 24,1,100,,52746,17,,,1,72,,52733,17,0,25,1,28,,52747,17,,,1,70,,52751,17,,,1,20,,52734,17,0,25,1,10,,52748,17,,,1,72,,52752,17,,,1,43,,52741,17,0,23 24,1,85,,52742,17,0,23 24,1,100,,52743,17,0,23 24,1,100,,52744,17,0,23 24,1,100,,52745,17,0,23 24,1,100,,52749,17,,,1,100,,52750,17,,,1
700,'20260714',934,,52755,17,0,23 24,1,100,,52756,17,0,23 24,1,100,,52757,17,0,23 24,1,100,,52758,17,0,23 24,1,100,,52759,17,0,23 24,1,100,,52760,17,0,23 24,1,100,,52766,17,,,1,72,,52753,17,0,25,1,28,,52767,17,,,1,70,,52771,17,,,1,20,,52754,17,0,25,1,10,,52768,17,,,1,72,,52772,17,,,1,43,,52761,17,0,23 24,1,85,,52762,17,0,23 24,1,100,,52763,17,0,23 24,1,100,,52764,17,0,23 24,1,100,,52765,17,0,23 24,1,100,,52769,17,,,1,100,,52770,17,,,1
700,'20260715',934,,52775,17,0,23 24,1,100,,52776,17,0,23 24,1,100,,52777,17,0,23 24,1,100,,52778,17,0,23 24,1,100,,52779,17,0,23 24,1,100,,52780,17,0,23 24,1,100,,52786,17,,,1,72,,52773,17,0,25,1,28,,52787,17,,,1,70,,52791,17,,,1,20,,52774,17,0,25,1,10,,52788,17,,,1,72,,52792,17,,,1,43,,52781,17,0,23 24,1,85,,52782,17,0,23 24,1,100,,52783,17,0,23 24,1,100,,52784,17,0,23 24,1,100,,52785,17,0,23 24,1,100,,52789,17,,,1,100,,52790,17,,,1
700,'20260716',934,,52795,17,0,23 24,1,100,,52796,17,0,23 24,1,100,,52797,17,0,23 24,1,100,,52798,17,0,23 24,1,100,,52799,17,0,23 24,1,100,,52800,17,0,23 24,1,100,,52806,17,,,1,72,,52793,17,0,25,1,28,,52807,17,,,1,70,,52811,17,,,1,20,,52794,17,0,25,1,10,,52808,17,,,1,72,,52812,17,,,1,43,,52801,17,0,23 24,1,85,,52802,17,0,23 24,1,100,,52803,17,0,23 24,1,100,,52804,17,0,23 24,1,100,,52805,17,0,23 24,1,100,,52809,17,,,1,100,,52810,17,,,1
700,'20260717',934,,52815,17,0,23 24,1,100,,52816,17,0,23 24,1,100,,52817,17,0,23 24,1,100,,52818,17,0,23 24,1,100,,52819,17,0,23 24,1,100,,52820,17,0,23 24,1,100,,52826,17,,,1,72,,52813,17,0,25,1,28,,52827,17,,,1,70,,52831,17,,,1,20,,52814,17,0,25,1,10,,52828,17,,,1,72,,52832,17,,,1,43,,52821,17,0,23 24,1,85,,52822,17,0,23 24,1,100,,52823,17,0,23 24,1,100,,52824,17,0,23 24,1,100,,52825,17,0,23 24,1,100,,52829,17,,,1,100,,52830,17,,,1
700,'20260718',934,,52833,17,0,23 24,1,100,,52834,17,0,23 24,1,100,,52835,17,0,23 24,1,100,,52836,17,0,23 24,1,100,,52837,17,0,23 24,1,100,,52838,17,0,23 24,1,100,,52839,17,0,23 24,1,100,,52840,17,0,23 24,1,100,,52841,17,0,23 24,1,100,,52842,17,0,23 24,1,100,,52843,17,0,23 24,1,100,,52844,17,0,23 24,1,100,,52845,17,,,1,100,,52846,17,,,1,100,,52847,17,,,1
700,'20260719',934,,52848,17,0,23 24,1,100,,52849,17,0,23 24,1,100,,52850,17,0,23 24,1,100,,52851,17,0,23 24,1,100,,52852,17,0,23 24,1,100,,52853,17,0,23 24,1,100,,52854,17,0,23 24,1,100,,52855,17,0,23 24,1,100,,52856,17,0,23 24,1,100,,52857,17,0,23 24,1,100,,52858,17,0,23 24,1,100,,52859,17,0,23 24,1,100,,52860,17,,,1,100,,52861,17,,,1,100,,52862,17,,,1
700,'20260720',934,,52865,17,0,23 24,1,100,,52866,17,0,23 24,1,100,,52867,17,0,23 24,1,100,,52868,17,0,23 24,1,100,,52869,17,0,23 24,1,100,,52870,17,0,23 24,1,100,,52876,17,,,1,72,,52863,17,0,25,1,28,,52877,17,,,1,70,,52881,17,,,1,20,,52864,17,0,25,1,10,,52878,17,,,1,72,,52882,17,,,1,43,,52871,17,0,23 24,1,85,,52872,17,0,23 24,1,100,,52873,17,0,23 24,1,100,,52874,17,0,23 24,1,100,,52875,17,0,23 24,1,100,,52879,17,,,1,100,,52880,17,,,1
700,'20260721',934,,52885,17,0,23 24,1,100,,52886,17,0,23 24,1,100,,52887,17,0,23 24,1,100,,52888,17,0,23 24,1,100,,52889,17,0,23 24,1,100,,52890,17,0,23 24,1,100,,52896,17,,,1,72,,52883,17,0,25,1,28,,52897,17,,,1,70,,52901,17,,,1,20,,52884,17,0,25,1,10,,52898,17,,,1,72,,52902,17,,,1,43,,52891,17,0,23 24,1,85,,52892,17,0,23 24,1,100,,52893,17,0,23 24,1,100,,52894,17,0,23 24,1,100,,52895,17,0,23 24,1,100,,52899,17,,,1,100,,52900,17,,,1
700,'20260722',934,,52905,17,0,23 24,1,100,,52906,17,0,23 24,1,100,,52907,17,0,23 24,1,100,,52908,17,0,23 24,1,100,,52909,17,0,23 24,1,100,,52910,17,0,23 24,1,100,,52916,17,,,1,72,,52903,17,0,25,1,28,,52917,17,,,1,70,,52921,17,,,1,20,,52904,17,0,25,1,10,,52918,17,,,1,72,,52922,17,,,1,43,,52911,17,0,23 24,1,85,,52912,17,0,23 24,1,100,,52913,17,0,23 24,1,100,,52914,17,0,23 24,1,100,,52915,17,0,23 24,1,100,,52919,17,,,1,100,,52920,17,,,1
700,'20260723',934,,52925,17,0,23 24,1,100,,52926,17,0,23 24,1,100,,52927,17,0,23 24,1,100,,52928,17,0,23 24,1,100,,52929,17,0,23 24,1,100,,52930,17,0,23 24,1,100,,52936,17,,,1,72,,52923,17,0,25,1,28,,52937,17,,,1,70,,52941,17,,,1,20,,52924,17,0,25,1,10,,52938,17,,,1,72,,52942,17,,,1,43,,52931,17,0,23 24,1,85,,52932,17,0,23 24,1,100,,52933,17,0,23 24,1,100,,52934,17,0,23 24,1,100,,52935,17,0,23 24,1,100,,52939,17,,,1,100,,52940,17,,,1
700,'20260724',934,,52945,17,0,23 24,1,100,,52946,17,0,23 24,1,100,,52947,17,0,23 24,1,100,,52948,17,0,23 24,1,100,,52949,17,0,23 24,1,100,,52950,17,0,23 24,1,100,,52956,17,,,1,72,,52943,17,0,25,1,28,,52957,17,,,1,70,,52961,17,,,1,20,,52944,17,0,25,1,10,,52958,17,,,1,72,,52962,17,,,1,43,,52951,17,0,23 24,1,85,,52952,17,0,23 24,1,100,,52953,17,0,23 24,1,100,,52954,17,0,23 24,1,100,,52955,17,0,23 24,1,100,,52959,17,,,1,100,,52960,17,,,1
700,'20260725',934,,52963,17,0,23 24,1,100,,52964,17,0,23 24,1,100,,52965,17,0,23 24,1,100,,52966,17,0,23 24,1,100,,52967,17,0,23 24,1,100,,52968,17,0,23 24,1,100,,52969,17,0,23 24,1,100,,52970,17,0,23 24,1,100,,52971,17,0,23 24,1,100,,52972,17,0,23 24,1,100,,52973,17,0,23 24,1,100,,52974,17,0,23 24,1,100,,52975,17,,,1,100,,52976,17,,,1,100,,52977,17,,,1
700,'20260726',934,,52978,17,0,23 24,1,100,,52979,17,0,23 24,1,100,,52980,17,0,23 24,1,100,,52981,17,0,23 24,1,100,,52982,17,0,23 24,1,100,,52983,17,0,23 24,1,100,,52984,17,0,23 24,1,100,,52985,17,0,23 24,1,100,,52986,17,0,23 24,1,100,,52987,17,0,23 24,1,100,,52988,17,0,23 24,1,100,,52989,17,0,23 24,1,100,,52990,17,,,1,100,,52991,17,,,1,100,,52992,17,,,1
700,'20260727',934,,52995,17,0,23 24,1,100,,52996,17,0,23 24,1,100,,52997,17,0,23 24,1,100,,52998,17,0,23 24,1,100,,52999,17,0,23 24,1,100,,53000,17,0,23 24,1,100,,53006,17,,,1,72,,52993,17,0,25,1,28,,53007,17,,,1,70,,53011,17,,,1,20,,52994,17,0,25,1,10,,53008,17,,,1,72,,53012,17,,,1,43,,53001,17,0,23 24,1,85,,53002,17,0,23 24,1,100,,53003,17,0,23 24,1,100,,53004,17,0,23 24,1,100,,53005,17,0,23 24,1,100,,53009,17,,,1,100,,53010,17,,,1
700,'20260728',934,,53015,17,0,23 24,1,100,,53016,17,0,23 24,1,100,,53017,17,0,23 24,1,100,,53018,17,0,23 24,1,100,,53019,17,0,23 24,1,100,,53020,17,0,23 24,1,100,,53026,17,,,1,72,,53013,17,0,25,1,28,,53027,17,,,1,70,,53031,17,,,1,20,,53014,17,0,25,1,10,,53028,17,,,1,72,,53032,17,,,1,43,,53021,17,0,23 24,1,85,,53022,17,0,23 24,1,100,,53023,17,0,23 24,1,100,,53024,17,0,23 24,1,100,,53025,17,0,23 24,1,100,,53029,17,,,1,100,,53030,17,,,1
700,'20260729',934,,53035,17,0,23 24,1,100,,53036,17,0,23 24,1,100,,53037,17,0,23 24,1,100,,53038,17,0,23 24,1,100,,53039,17,0,23 24,1,100,,53040,17,0,23 24,1,100,,53046,17,,,1,72,,53033,17,0,25,1,28,,53047,17,,,1,70,,53051,17,,,1,20,,53034,17,0,25,1,10,,53048,17,,,1,72,,53052,17,,,1,43,,53041,17,0,23 24,1,85,,53042,17,0,23 24,1,100,,53043,17,0,23 24,1,100,,53044,17,0,23 24,1,100,,53045,17,0,23 24,1,100,,53049,17,,,1,100,,53050,17,,,1
700,'20260730',934,,53055,17,0,23 24,1,100,,53056,17,0,23 24,1,100,,53057,17,0,23 24,1,100,,53058,17,0,23 24,1,100,,53059,17,0,23 24,1,100,,53060,17,0,23 24,1,100,,53066,17,,,1,72,,53053,17,0,25,1,28,,53067,17,,,1,70,,53071,17,,,1,20,,53054,17,0,25,1,10,,53068,17,,,1,72,,53072,17,,,1,43,,53061,17,0,23 24,1,85,,53062,17,0,23 24,1,100,,53063,17,0,23 24,1,100,,53064,17,0,23 24,1,100,,53065,17,0,23 24,1,100,,53069,17,,,1,100,,53070,17,,,1
700,'20260731',934,,53075,17,0,23 24,1,100,,53076,17,0,23 24,1,100,,53077,17,0,23 24,1,100,,53078,17,0,23 24,1,100,,53079,17,0,23 24,1,100,,53080,17,0,23 24,1,100,,53086,17,,,1,72,,53073,17,0,25,1,28,,53087,17,,,1,70,,53091,17,,,1,20,,53074,17,0,25,1,10,,53088,17,,,1,72,,53092,17,,,1,43,,53081,17,0,23 24,1,85,,53082,17,0,23 24,1,100,,53083,17,0,23 24,1,100,,53084,17,0,23 24,1,100,,53085,17,0,23 24,1,100,,53089,17,,,1,100,,53090,17,,,1
700,'20260801',934,,53093,17,0,23 24,1,100,,53094,17,0,23 24,1,100,,53095,17,0,23 24,1,100,,53096,17,0,23 24,1,100,,53097,17,0,23 24,1,100,,53098,17,0,23 24,1,100,,53099,17,0,23 24,1,100,,53100,17,0,23 24,1,100,,53101,17,0,23 24,1,100,,53102,17,0,23 24,1,100,,53103,17,0,23 24,1,100,,53104,17,0,23 24,1,100,,53105,17,,,1,100,,53106,17,,,1,100,,53107,17,,,1
700,'20260802',934,,53108,17,0,23 24,1,100,,53109,17,0,23 24,1,100,,53110,17,0,23 24,1,100,,53111,17,0,23 24,1,100,,53112,17,0,23 24,1,100,,53113,17,0,23 24,1,100,,53114,17,0,23 24,1,100,,53115,17,0,23 24,1,100,,53116,17,0,23 24,1,100,,53117,17,0,23 24,1,100,,53118,17,0,23 24,1,100,,53119,17,0,23 24,1,100,,53120,17,,,1,100,,53121,17,,,1,100,,53122,17,,,1
700,'20260803',934,,53125,17,0,23 24,1,100,,53126,17,0,23 24,1,100,,53127,17,0,23 24,1,100,,53128,17,0,23 24,1,100,,53129,17,0,23 24,1,100,,53130,17,0,23 24,1,100,,53136,17,,,1,72,,53123,17,0,25,1,28,,53137,17,,,1,70,,53141,17,,,1,20,,53124,17,0,25,1,10,,53138,17,,,1,72,,53142,17,,,1,43,,53131,17,0,23 24,1,85,,53132,17,0,23 24,1,100,,53133,17,0,23 24,1,100,,53134,17,0,23 24,1,100,,53135,17,0,23 24,1,100,,53139,17,,,1,100,,53140,17,,,1
700,'20260804',934,,53145,17,0,23 24,1,100,,53146,17,0,23 24,1,100,,53147,17,0,23 24,1,100,,53148,17,0,23 24,1,100,,53149,17,0,23 24,1,100,,53150,17,0,23 24,1,100,,53156,17,,,1,72,,53143,17,0,25,1,28,,53157,17,,,1,70,,53161,17,,,1,20,,53144,17,0,25,1,10,,53158,17,,,1,72,,53162,17,,,1,43,,53151,17,0,23 24,1,85,,53152,17,0,23 24,1,100,,53153,17,0,23 24,1,100,,53154,17,0,23 24,1,100,,53155,17,0,23 24,1,100,,53159,17,,,1,100,,53160,17,,,1
700,'20260805',934,,53165,17,0,23 24,1,100,,53166,17,0,23 24,1,100,,53167,17,0,23 24,1,100,,53168,17,0,23 24,1,100,,53169,17,0,23 24,1,100,,53170,17,0,23 24,1,100,,53176,17,,,1,72,,53163,17,0,25,1,28,,53177,17,,,1,70,,53181,17,,,1,20,,53164,17,0,25,1,10,,53178,17,,,1,72,,53182,17,,,1,43,,53171,17,0,23 24,1,85,,53172,17,0,23 24,1,100,,53173,17,0,23 24,1,100,,53174,17,0,23 24,1,100,,53175,17,0,23 24,1,100,,53179,17,,,1,100,,53180,17,,,1
700,'20260806',934,,53185,17,0,23 24,1,100,,53186,17,0,23 24,1,100,,53187,17,0,23 24,1,100,,53188,17,0,23 24,1,100,,53189,17,0,23 24,1,100,,53190,17,0,23 24,1,100,,53196,17,,,1,72,,53183,17,0,25,1,28,,53197,17,,,1,70,,53201,17,,,1,20,,53184,17,0,25,1,10,,53198,17,,,1,72,,53202,17,,,1,43,,53191,17,0,23 24,1,85,,53192,17,0,23 24,1,100,,53193,17,0,23 24,1,100,,53194,17,0,23 24,1,100,,53195,17,0,23 24,1,100,,53199,17,,,1,100,,53200,17,,,1
700,'20260807',934,,53205,17,0,23 24,1,100,,53206,17,0,23 24,1,100,,53207,17,0,23 24,1,100,,53208,17,0,23 24,1,100,,53209,17,0,23 24,1,100,,53210,17,0,23 24,1,100,,53216,17,,,1,72,,53203,17,0,25,1,28,,53217,17,,,1,70,,53221,17,,,1,20,,53204,17,0,25,1,10,,53218,17,,,1,72,,53222,17,,,1,43,,53211,17,0,23 24,1,85,,53212,17,0,23 24,1,100,,53213,17,0,23 24,1,100,,53214,17,0,23 24,1,100,,53215,17,0,23 24,1,100,,53219,17,,,1,100,,53220,17,,,1
700,'20260808',934,,53223,17,0,23 24,1,100,,53224,17,0,23 24,1,100,,53225,17,0,23 24,1,100,,53226,17,0,23 24,1,100,,53227,17,0,23 24,1,100,,53228,17,0,23 24,1,100,,53229,17,0,23 24,1,100,,53230,17,0,23 24,1,100,,53231,17,0,23 24,1,100,,53232,17,0,23 24,1,100,,53233,17,0,23 24,1,100,,53234,17,0,23 24,1,100,,53235,17,,,1,100,,53236,17,,,1,100,,53237,17,,,1
700,'20260809',934,,53238,17,0,23 24,1,100,,53239,17,0,23 24,1,100,,53240,17,0,23 24,1,100,,53241,17,0,23 24,1,100,,53242,17,0,23 24,1,100,,53243,17,0,23 24,1,100,,53244,17,0,23 24,1,100,,53245,17,0,23 24,1,100,,53246,17,0,23 24,1,100,,53247,17,0,23 24,1,100,,53248,17,0,23 24,1,100,,53249,17,0,23 24,1,100,,53250,17,,,1,100,,53251,17,,,1,100,,53252,17,,,1
700,'20260810',934,,53255,17,0,23 24,1,100,,53256,17,0,23 24,1,100,,53257,17,0,23 24,1,100,,53258,17,0,23 24,1,100,,53259,17,0,23 24,1,100,,53260,17,0,23 24,1,100,,53266,17,,,1,72,,53253,17,0,25,1,28,,53267,17,,,1,70,,53271,17,,,1,20,,53254,17,0,25,1,10,,53268,17,,,1,72,,53272,17,,,1,43,,53261,17,0,23 24,1,85,,53262,17,0,23 24,1,100,,53263,17,0,23 24,1,100,,53264,17,0,23 24,1,100,,53265,17,0,23 24,1,100,,53269,17,,,1,100,,53270,17,,,1
700,'20260811',934,,53275,17,0,23 24,1,100,,53276,17,0,23 24,1,100,,53277,17,0,23 24,1,100,,53278,17,0,23 24,1,100,,53279,17,0,23 24,1,100,,53280,17,0,23 24,1,100,,53286,17,,,1,72,,53273,17,0,25,1,28,,53287,17,,,1,70,,53291,17,,,1,20,,53274,17,0,25,1,10,,53288,17,,,1,72,,53292,17,,,1,43,,53281,17,0,23 24,1,85,,53282,17,0,23 24,1,100,,53283,17,0,23 24,1,100,,53284,17,0,23 24,1,100,,53285,17,0,23 24,1,100,,53289,17,,,1,100,,53290,17,,,1
700,'20260812',934,,53295,17,0,23 24,1,100,,53296,17,0,23 24,1,100,,53297,17,0,23 24,1,100,,53298,17,0,23 24,1,100,,53299,17,0,23 24,1,100,,53300,17,0,23 24,1,100,,53306,17,,,1,72,,53293,17,0,25,1,28,,53307,17,,,1,70,,53311,17,,,1,20,,53294,17,0,25,1,10,,53308,17,,,1,72,,53312,17,,,1,43,,53301,17,0,23 24,1,85,,53302,17,0,23 24,1,100,,53303,17,0,23 24,1,100,,53304,17,0,23 24,1,100,,53305,17,0,23 24,1,100,,53309,17,,,1,100,,53310,17,,,1
700,'20260813',934,,53315,17,0,23 24,1,100,,53316,17,0,23 24,1,100,,53317,17,0,23 24,1,100,,53318,17,0,23 24,1,100,,53319,17,0,23 24,1,100,,53320,17,0,23 24,1,100,,53326,17,,,1,72,,53313,17,0,25,1,28,,53327,17,,,1,70,,53331,17,,,1,20,,53314,17,0,25,1,10,,53328,17,,,1,72,,53332,17,,,1,43,,53321,17,0,23 24,1,85,,53322,17,0,23 24,1,100,,53323,17,0,23 24,1,100,,53324,17,0,23 24,1,100,,53325,17,0,23 24,1,100,,53329,17,,,1,100,,53330,17,,,1
700,'20260814',934,,53335,17,0,23 24,1,100,,53336,17,0,23 24,1,100,,53337,17,0,23 24,1,100,,53338,17,0,23 24,1,100,,53339,17,0,23 24,1,100,,53340,17,0,23 24,1,100,,53346,17,,,1,72,,53333,17,0,25,1,28,,53347,17,,,1,70,,53351,17,,,1,20,,53334,17,0,25,1,10,,53348,17,,,1,72,,53352,17,,,1,43,,53341,17,0,23 24,1,85,,53342,17,0,23 24,1,100,,53343,17,0,23 24,1,100,,53344,17,0,23 24,1,100,,53345,17,0,23 24,1,100,,53349,17,,,1,100,,53350,17,,,1
700,'20260815',934,,53353,17,0,23 24,1,100,,53354,17,0,23 24,1,100,,53355,17,0,23 24,1,100,,53356,17,0,23 24,1,100,,53357,17,0,23 24,1,100,,53358,17,0,23 24,1,100,,53359,17,0,23 24,1,100,,53360,17,0,23 24,1,100,,53361,17,0,23 24,1,100,,53362,17,0,23 24,1,100,,53363,17,0,23 24,1,100,,53364,17,0,23 24,1,100,,53365,17,,,1,100,,53366,17,,,1,100,,53367,17,,,1
700,'20260816',934,,53368,17,0,23 24,1,100,,53369,17,0,23 24,1,100,,53370,17,0,23 24,1,100,,53371,17,0,23 24,1,100,,53372,17,0,23 24,1,100,,53373,17,0,23 24,1,100,,53374,17,0,23 24,1,100,,53375,17,0,23 24,1,100,,53376,17,0,23 24,1,100,,53377,17,0,23 24,1,100,,53378,17,0,23 24,1,100,,53379,17,0,23 24,1,100,,53380,17,,,1,100,,53381,17,,,1,100,,53382,17,,,1
700,'20260817',934,,53385,17,0,23 24,1,100,,53386,17,0,23 24,1,100,,53387,17,0,23 24,1,100,,53388,17,0,23 24,1,100,,53389,17,0,23 24,1,100,,53390,17,0,23 24,1,100,,53396,17,,,1,72,,53383,17,0,25,1,28,,53397,17,,,1,70,,53401,17,,,1,20,,53384,17,0,25,1,10,,53398,17,,,1,72,,53402,17,,,1,43,,53391,17,0,23 24,1,85,,53392,17,0,23 24,1,100,,53393,17,0,23 24,1,100,,53394,17,0,23 24,1,100,,53395,17,0,23 24,1,100,,53399,17,,,1,100,,53400,17,,,1
700,'20260818',934,,53405,17,0,23 24,1,100,,53406,17,0,23 24,1,100,,53407,17,0,23 24,1,100,,53408,17,0,23 24,1,100,,53409,17,0,23 24,1,100,,53410,17,0,23 24,1,100,,53416,17,,,1,72,,53403,17,0,25,1,28,,53417,17,,,1,70,,53421,17,,,1,20,,53404,17,0,25,1,10,,53418,17,,,1,72,,53422,17,,,1,43,,53411,17,0,23 24,1,85,,53412,17,0,23 24,1,100,,53413,17,0,23 24,1,100,,53414,17,0,23 24,1,100,,53415,17,0,23 24,1,100,,53419,17,,,1,100,,53420,17,,,1
700,'20260819',934,,53425,17,0,23 24,1,100,,53426,17,0,23 24,1,100,,53427,17,0,23 24,1,100,,53428,17,0,23 24,1,100,,53429,17,0,23 24,1,100,,53430,17,0,23 24,1,100,,53436,17,,,1,72,,53423,17,0,25,1,28,,53437,17,,,1,70,,53441,17,,,1,20,,53424,17,0,25,1,10,,53438,17,,,1,72,,53442,17,,,1,43,,53431,17,0,23 24,1,85,,53432,17,0,23 24,1,100,,53433,17,0,23 24,1,100,,53434,17,0,23 24,1,100,,53435,17,0,23 24,1,100,,53439,17,,,1,100,,53440,17,,,1
700,'20260820',934,,53445,17,0,23 24,1,100,,53446,17,0,23 24,1,100,,53447,17,0,23 24,1,100,,53448,17,0,23 24,1,100,,53449,17,0,23 24,1,100,,53450,17,0,23 24,1,100,,53456,17,,,1,72,,53443,17,0,25,1,28,,53457,17,,,1,70,,53461,17,,,1,20,,53444,17,0,25,1,10,,53458,17,,,1,72,,53462,17,,,1,43,,53451,17,0,23 24,1,85,,53452,17,0,23 24,1,100,,53453,17,0,23 24,1,100,,53454,17,0,23 24,1,100,,53455,17,0,23 24,1,100,,53459,17,,,1,100,,53460,17,,,1
700,'20260821',934,,53465,17,0,23 24,1,100,,53466,17,0,23 24,1,100,,53467,17,0,23 24,1,100,,53468,17,0,23 24,1,100,,53469,17,0,23 24,1,100,,53470,17,0,23 24,1,100,,53476,17,,,1,72,,53463,17,0,25,1,28,,53477,17,,,1,70,,53481,17,,,1,20,,53464,17,0,25,1,10,,53478,17,,,1,72,,53482,17,,,1,43,,53471,17,0,23 24,1,85,,53472,17,0,23 24,1,100,,53473,17,0,23 24,1,100,,53474,17,0,23 24,1,100,,53475,17,0,23 24,1,100,,53479,17,,,1,100,,53480,17,,,1
700,'20260822',934,,53483,17,0,23 24,1,100,,53484,17,0,23 24,1,100,,53485,17,0,23 24,1,100,,53486,17,0,23 24,1,100,,53487,17,0,23 24,1,100,,53488,17,0,23 24,1,100,,53489,17,0,23 24,1,100,,53490,17,0,23 24,1,100,,53491,17,0,23 24,1,100,,53492,17,0,23 24,1,100,,53493,17,0,23 24,1,100,,53494,17,0,23 24,1,100,,53495,17,,,1,100,,53496,17,,,1,100,,53497,17,,,1
700,'20260823',934,,53498,17,0,23 24,1,100,,53499,17,0,23 24,1,100,,53500,17,0,23 24,1,100,,53501,17,0,23 24,1,100,,53502,17,0,23 24,1,100,,53503,17,0,23 24,1,100,,53504,17,0,23 24,1,100,,53505,17,0,23 24,1,100,,53506,17,0,23 24,1,100,,53507,17,0,23 24,1,100,,53508,17,0,23 24,1,100,,53509,17,0,23 24,1,100,,53510,17,,,1,100,,53511,17,,,1,100,,53512,17,,,1
700,'20260824',934,,53515,17,0,23 24,1,100,,53516,17,0,23 24,1,100,,53517,17,0,23 24,1,100,,53518,17,0,23 24,1,100,,53519,17,0,23 24,1,100,,53520,17,0,23 24,1,100,,53526,17,,,1,72,,53513,17,0,25,1,28,,53527,17,,,1,70,,53531,17,,,1,20,,53514,17,0,25,1,10,,53528,17,,,1,72,,53532,17,,,1,43,,53521,17,0,23 24,1,85,,53522,17,0,23 24,1,100,,53523,17,0,23 24,1,100,,53524,17,0,23 24,1,100,,53525,17,0,23 24,1,100,,53529,17,,,1,100,,53530,17,,,1
700,'20260825',934,,53535,17,0,23 24,1,100,,53536,17,0,23 24,1,100,,53537,17,0,23 24,1,100,,53538,17,0,23 24,1,100,,53539,17,0,23 24,1,100,,53540,17,0,23 24,1,100,,53546,17,,,1,72,,53533,17,0,25,1,28,,53547,17,,,1,70,,53551,17,,,1,20,,53534,17,0,25,1,10,,53548,17,,,1,72,,53552,17,,,1,43,,53541,17,0,23 24,1,85,,53542,17,0,23 24,1,100,,53543,17,0,23 24,1,100,,53544,17,0,23 24,1,100,,53545,17,0,23 24,1,100,,53549,17,,,1,100,,53550,17,,,1
700,'20260826',934,,53555,17,0,23 24,1,100,,53556,17,0,23 24,1,100,,53557,17,0,23 24,1,100,,53558,17,0,23 24,1,100,,53559,17,0,23 24,1,100,,53560,17,0,23 24,1,100,,53566,17,,,1,72,,53553,17,0,25,1,28,,53567,17,,,1,70,,53571,17,,,1,20,,53554,17,0,25,1,10,,53568,17,,,1,72,,53572,17,,,1,43,,53561,17,0,23 24,1,85,,53562,17,0,23 24,1,100,,53563,17,0,23 24,1,100,,53564,17,0,23 24,1,100,,53565,17,0,23 24,1,100,,53569,17,,,1,100,,53570,17,,,1
700,'20260827',934,,53575,17,0,23 24,1,100,,53576,17,0,23 24,1,100,,53577,17,0,23 24,1,100,,53578,17,0,23 24,1,100,,53579,17,0,23 24,1,100,,53580,17,0,23 24,1,100,,53586,17,,,1,72,,53573,17,0,25,1,28,,53587,17,,,1,70,,53591,17,,,1,20,,53574,17,0,25,1,10,,53588,17,,,1,72,,53592,17,,,1,43,,53581,17,0,23 24,1,85,,53582,17,0,23 24,1,100,,53583,17,0,23 24,1,100,,53584,17,0,23 24,1,100,,53585,17,0,23 24,1,100,,53589,17,,,1,100,,53590,17,,,1
700,'20260828',934,,53595,17,0,23 24,1,100,,53596,17,0,23 24,1,100,,53597,17,0,23 24,1,100,,53598,17,0,23 24,1,100,,53599,17,0,23 24,1,100,,53600,17,0,23 24,1,100,,53606,17,,,1,72,,53593,17,0,25,1,28,,53607,17,,,1,70,,53611,17,,,1,20,,53594,17,0,25,1,10,,53608,17,,,1,72,,53612,17,,,1,43,,53601,17,0,23 24,1,85,,53602,17,0,23 24,1,100,,53603,17,0,23 24,1,100,,53604,17,0,23 24,1,100,,53605,17,0,23 24,1,100,,53609,17,,,1,100,,53610,17,,,1
700,'20260829',934,,53613,17,0,23 24,1,100,,53614,17,0,23 24,1,100,,53615,17,0,23 24,1,100,,53616,17,0,23 24,1,100,,53617,17,0,23 24,1,100,,53618,17,0,23 24,1,100,,53619,17,0,23 24,1,100,,53620,17,0,23 24,1,100,,53621,17,0,23 24,1,100,,53622,17,0,23 24,1,100,,53623,17,0,23 24,1,100,,53624,17,0,23 24,1,100,,53625,17,,,1,100,,53626,17,,,1,100,,53627,17,,,1
700,'20260830',934,,53628,17,0,23 24,1,100,,53629,17,0,23 24,1,100,,53630,17,0,23 24,1,100,,53631,17,0,23 24,1,100,,53632,17,0,23 24,1,100,,53633,17,0,23 24,1,100,,53634,17,0,23 24,1,100,,53635,17,0,23 24,1,100,,53636,17,0,23 24,1,100,,53637,17,0,23 24,1,100,,53638,17,0,23 24,1,100,,53639,17,0,23 24,1,100,,53640,17,,,1,100,,53641,17,,,1,100,,53642,17,,,1
700,'20260831',934,,53645,17,0,23 24,1,100,,53646,17,0,23 24,1,100,,53647,17,0,23 24,1,100,,53648,17,0,23 24,1,100,,53649,17,0,23 24,1,100,,53650,17,0,23 24,1,100,,53656,17,,,1,72,,53643,17,0,25,1,28,,53657,17,,,1,70,,53661,17,,,1,20,,53644,17,0,25,1,10,,53658,17,,,1,72,,53662,17,,,1,43,,53651,17,0,23 24,1,85,,53652,17,0,23 24,1,100,,53653,17,0,23 24,1,100,,53654,17,0,23 24,1,100,,53655,17,0,23 24,1,100,,53659,17,,,1,100,,53660,17,,,1
700,'20260901',934,,53665,17,0,23 24,1,100,,53666,17,0,23 24,1,100,,53667,17,0,23 24,1,100,,53668,17,0,23 24,1,100,,53669,17,0,23 24,1,100,,53670,17,0,23 24,1,100,,53676,17,,,1,72,,53663,17,0,25,1,28,,53677,17,,,1,70,,53681,17,,,1,20,,53664,17,0,25,1,10,,53678,17,,,1,72,,53682,17,,,1,43,,53671,17,0,23 24,1,85,,53672,17,0,23 24,1,100,,53673,17,0,23 24,1,100,,53674,17,0,23 24,1,100,,53675,17,0,23 24,1,100,,53679,17,,,1,100,,53680,17,,,1
700,'20260902',934,,53685,17,0,23 24,1,100,,53686,17,0,23 24,1,100,,53687,17,0,23 24,1,100,,53688,17,0,23 24,1,100,,53689,17,0,23 24,1,100,,53690,17,0,23 24,1,100,,53696,17,,,1,72,,53683,17,0,25,1,28,,53697,17,,,1,70,,53701,17,,,1,20,,53684,17,0,25,1,10,,53698,17,,,1,72,,53702,17,,,1,43,,53691,17,0,23 24,1,85,,53692,17,0,23 24,1,100,,53693,17,0,23 24,1,100,,53694,17,0,23 24,1,100,,53695,17,0,23 24,1,100,,53699,17,,,1,100,,53700,17,,,1
700,'20260903',934,,53705,17,0,23 24,1,100,,53706,17,0,23 24,1,100,,53707,17,0,23 24,1,100,,53708,17,0,23 24,1,100,,53709,17,0,23 24,1,100,,53710,17,0,23 24,1,100,,53716,17,,,1,72,,53703,17,0,25,1,28,,53717,17,,,1,70,,53721,17,,,1,20,,53704,17,0,25,1,10,,53718,17,,,1,72,,53722,17,,,1,43,,53711,17,0,23 24,1,85,,53712,17,0,23 24,1,100,,53713,17,0,23 24,1,100,,53714,17,0,23 24,1,100,,53715,17,0,23 24,1,100,,53719,17,,,1,100,,53720,17,,,1
700,'20260904',934,,53725,17,0,23 24,1,100,,53726,17,0,23 24,1,100,,53727,17,0,23 24,1,100,,53728,17,0,23 24,1,100,,53729,17,0,23 24,1,100,,53730,17,0,23 24,1,100,,53736,17,,,1,72,,53723,17,0,25,1,28,,53737,17,,,1,70,,53741,17,,,1,20,,53724,17,0,25,1,10,,53738,17,,,1,72,,53742,17,,,1,43,,53731,17,0,23 24,1,85,,53732,17,0,23 24,1,100,,53733,17,0,23 24,1,100,,53734,17,0,23 24,1,100,,53735,17,0,23 24,1,100,,53739,17,,,1,100,,53740,17,,,1
701,'20260528',545,,27341,12,,,1,100,,27342,12,,,1,70,,27346,12,,,1,30,,27343,12,,,1,60,,27330,4,,,1,10,,27347,12,,,1,30,,27344,12,,,1,100,,27345,12,,,1,100,,27331,9,,,1,100,,27332,9,,,1,100,,27333,9,,,1,100,,27334,9,,,1,100,,27335,9,,,1,100,,27336,9,,,1,200,,27329,4,,,1,200,,27337,9,,,1,100,,27338,9,,,1,100,,27339,9,,,1,100,,27340,9,,,1
701,'20260529',545,,27360,12,,,1,100,,27361,12,,,1,70,,27365,12,,,1,30,,27362,12,,,1,60,,27349,4,,,1,10,,27366,12,,,1,30,,27363,12,,,1,100,,27364,12,,,1,100,,27350,9,,,1,100,,27351,9,,,1,100,,27352,9,,,1,100,,27353,9,,,1,100,,27354,9,,,1,100,,27355,9,,,1,200,,27348,4,,,1,200,,27356,9,,,1,100,,27357,9,,,1,100,,27358,9,,,1,100,,27359,9,,,1
701,'20260530',745,,27379,12,,,1,100,,27380,12,,,1,100,,27381,12,,,1,100,,27367,9,,,1,100,,27368,9,,,1,100,,27369,9,,,1,100,,27370,9,,,1,100,,27371,9,,,1,100,,27372,9,,,1,100,,27373,9,,,1,100,,27374,9,,,1,100,,27375,9,,,1,100,,27376,9,,,1,100,,27377,9,,,1,100,,27378,9,,,1
701,'20260531',745,,27394,12,,,1,100,,27395,12,,,1,100,,27396,12,,,1,100,,27382,9,,,1,100,,27383,9,,,1,100,,27384,9,,,1,100,,27385,9,,,1,100,,27386,9,,,1,100,,27387,9,,,1,100,,27388,9,,,1,100,,27389,9,,,1,100,,27390,9,,,1,100,,27391,9,,,1,100,,27392,9,,,1,100,,27393,9,,,1
701,'20260601',545,,27409,12,,,1,100,,27410,12,,,1,70,,27414,12,,,1,30,,27411,12,,,1,60,,27398,4,,,1,10,,27415,12,,,1,30,,27412,12,,,1,100,,27413,12,,,1,100,,27399,9,,,1,100,,27400,9,,,1,100,,27401,9,,,1,100,,27402,9,,,1,100,,27403,9,,,1,100,,27404,9,,,1,200,,27397,4,,,1,200,,27405,9,,,1,100,,27406,9,,,1,100,,27407,9,,,1,100,,27408,9,,,1
701,'20260602',545,,27428,12,,,1,100,,27429,12,,,1,70,,27433,12,,,1,30,,27430,12,,,1,60,,27417,4,,,1,10,,27434,12,,,1,30,,27431,12,,,1,100,,27432,12,,,1,100,,27418,9,,,1,100,,27419,9,,,1,100,,27420,9,,,1,100,,27421,9,,,1,100,,27422,9,,,1,100,,27423,9,,,1,200,,27416,4,,,1,200,,27424,9,,,1,100,,27425,9,,,1,100,,27426,9,,,1,100,,27427,9,,,1
701,'20260603',545,,27447,12,,,1,100,,27448,12,,,1,70,,27452,12,,,1,30,,27449,12,,,1,60,,27436,4,,,1,10,,27453,12,,,1,30,,27450,12,,,1,100,,27451,12,,,1,100,,27437,9,,,1,100,,27438,9,,,1,100,,27439,9,,,1,100,,27440,9,,,1,100,,27441,9,,,1,100,,27442,9,,,1,200,,27435,4,,,1,200,,27443,9,,,1,100,,27444,9,,,1,100,,27445,9,,,1,100,,27446,9,,,1
701,'20260604',545,,27466,12,,,1,100,,27467,12,,,1,70,,27471,12,,,1,30,,27468,12,,,1,60,,27455,4,,,1,10,,27472,12,,,1,30,,27469,12,,,1,100,,27470,12,,,1,100,,27456,9,,,1,100,,27457,9,,,1,100,,27458,9,,,1,100,,27459,9,,,1,100,,27460,9,,,1,100,,27461,9,,,1,200,,27454,4,,,1,200,,27462,9,,,1,100,,27463,9,,,1,100,,27464,9,,,1,100,,27465,9,,,1
701,'20260605',545,,27485,12,,,1,100,,27486,12,,,1,70,,27490,12,,,1,30,,27487,12,,,1,60,,27474,4,,,1,10,,27491,12,,,1,30,,27488,12,,,1,100,,27489,12,,,1,100,,27475,9,,,1,100,,27476,9,,,1,100,,27477,9,,,1,100,,27478,9,,,1,100,,27479,9,,,1,100,,27480,9,,,1,200,,27473,4,,,1,200,,27481,9,,,1,100,,27482,9,,,1,100,,27483,9,,,1,100,,27484,9,,,1
701,'20260608',545,,27534,12,,,1,100,,27535,12,,,1,70,,27539,12,,,1,30,,27536,12,,,1,60,,27523,4,,,1,10,,27540,12,,,1,30,,27537,12,,,1,100,,27538,12,,,1,100,,27524,9,,,1,100,,27525,9,,,1,100,,27526,9,,,1,100,,27527,9,,,1,100,,27528,9,,,1,100,,27529,9,,,1,200,,27522,4,,,1,200,,27530,9,,,1,100,,27531,9,,,1,100,,27532,9,,,1,100,,27533,9,,,1
701,'20260609',545,,27553,12,,,1,100,,27554,12,,,1,70,,27558,12,,,1,30,,27555,12,,,1,60,,27542,4,,,1,10,,27559,12,,,1,30,,27556,12,,,1,100,,27557,12,,,1,100,,27543,9,,,1,100,,27544,9,,,1,100,,27545,9,,,1,100,,27546,9,,,1,100,,27547,9,,,1,100,,27548,9,,,1,200,,27541,4,,,1,200,,27549,9,,,1,100,,27550,9,,,1,100,,27551,9,,,1,100,,27552,9,,,1
701,'20260610',545,,27572,12,,,1,100,,27573,12,,,1,70,,27577,12,,,1,30,,27574,12,,,1,60,,27561,4,,,1,10,,27578,12,,,1,30,,27575,12,,,1,100,,27576,12,,,1,100,,27562,9,,,1,100,,27563,9,,,1,100,,27564,9,,,1,100,,27565,9,,,1,100,,27566,9,,,1,100,,27567,9,,,1,97,,53743,4,,,1,103,,27560,4,,,1,200,,27568,9,,,1,100,,27569,9,,,1,100,,27570,9,,,1,100,,27571,9,,,1
701,'20260611',545,,27591,12,,,1,100,,27592,12,,,1,70,,27596,12,,,1,30,,27593,12,,,1,60,,27580,4,,,1,10,,27597,12,,,1,30,,27594,12,,,1,100,,27595,12,,,1,100,,27581,9,,,1,100,,27582,9,,,1,100,,27583,9,,,1,100,,27584,9,,,1,100,,27585,9,,,1,100,,27586,9,,,1,97,,53744,4,,,1,103,,27579,4,,,1,200,,27587,9,,,1,100,,27588,9,,,1,100,,27589,9,,,1,100,,27590,9,,,1
701,'20260612',545,,27610,12,,,1,100,,27611,12,,,1,70,,27615,12,,,1,30,,27612,12,,,1,60,,27599,4,,,1,10,,27616,12,,,1,30,,27613,12,,,1,100,,27614,12,,,1,100,,27600,9,,,1,100,,27601,9,,,1,100,,27602,9,,,1,100,,27603,9,,,1,100,,27604,9,,,1,100,,27605,9,,,1,97,,53745,4,,,1,103,,27598,4,,,1,200,,27606,9,,,1,100,,27607,9,,,1,100,,27608,9,,,1,100,,27609,9,,,1
701,'20260613',745,,53758,12,,,1,100,,53759,12,,,1,100,,53760,12,,,1,100,,53746,9,,,1,100,,53747,9,,,1,100,,53748,9,,,1,100,,53749,9,,,1,100,,53750,9,,,1,100,,53751,9,,,1,100,,53752,9,,,1,100,,53753,9,,,1,100,,53754,9,,,1,100,,53755,9,,,1,100,,53756,9,,,1,100,,53757,9,,,1
701,'20260614',745,,53773,12,,,1,100,,53774,12,,,1,100,,53775,12,,,1,100,,53761,9,,,1,100,,53762,9,,,1,100,,53763,9,,,1,100,,53764,9,,,1,100,,53765,9,,,1,100,,53766,9,,,1,100,,53767,9,,,1,100,,53768,9,,,1,100,,53769,9,,,1,100,,53770,9,,,1,100,,53771,9,,,1,100,,53772,9,,,1
701,'20260615',545,,53789,12,,,1,100,,53790,12,,,1,70,,53794,12,,,1,30,,53791,12,,,1,60,,53778,4,,,1,10,,53795,12,,,1,30,,53792,12,,,1,100,,53793,12,,,1,100,,53779,9,,,1,100,,53780,9,,,1,100,,53781,9,,,1,100,,53782,9,,,1,100,,53783,9,,,1,100,,53784,9,,,1,97,,53776,4,,,1,103,,53777,4,,,1,200,,53785,9,,,1,100,,53786,9,,,1,100,,53787,9,,,1,100,,53788,9,,,1
701,'20260616',545,,53809,12,,,1,100,,53810,12,,,1,70,,53814,12,,,1,30,,53811,12,,,1,60,,53798,4,,,1,10,,53815,12,,,1,30,,53812,12,,,1,100,,53813,12,,,1,100,,53799,9,,,1,100,,53800,9,,,1,100,,53801,9,,,1,100,,53802,9,,,1,100,,53803,9,,,1,100,,53804,9,,,1,97,,53796,4,,,1,103,,53797,4,,,1,200,,53805,9,,,1,100,,53806,9,,,1,100,,53807,9,,,1,100,,53808,9,,,1
701,'20260617',545,,53829,12,,,1,100,,53830,12,,,1,70,,53834,12,,,1,30,,53831,12,,,1,60,,53818,4,,,1,10,,53835,12,,,1,30,,53832,12,,,1,100,,53833,12,,,1,100,,53819,9,,,1,100,,53820,9,,,1,100,,53821,9,,,1,100,,53822,9,,,1,100,,53823,9,,,1,100,,53824,9,,,1,97,,53816,4,,,1,103,,53817,4,,,1,200,,53825,9,,,1,100,,53826,9,,,1,100,,53827,9,,,1,100,,53828,9,,,1
701,'20260618',545,,53849,12,,,1,100,,53850,12,,,1,70,,53854,12,,,1,30,,53851,12,,,1,60,,53838,4,,,1,10,,53855,12,,,1,30,,53852,12,,,1,100,,53853,12,,,1,100,,53839,9,,,1,100,,53840,9,,,1,100,,53841,9,,,1,100,,53842,9,,,1,100,,53843,9,,,1,100,,53844,9,,,1,97,,53836,4,,,1,103,,53837,4,,,1,200,,53845,9,,,1,100,,53846,9,,,1,100,,53847,9,,,1,100,,53848,9,,,1
701,'20260619',545,,53869,12,,,1,100,,53870,12,,,1,70,,53874,12,,,1,30,,53871,12,,,1,60,,53858,4,,,1,10,,53875,12,,,1,30,,53872,12,,,1,100,,53873,12,,,1,100,,53859,9,,,1,100,,53860,9,,,1,100,,53861,9,,,1,100,,53862,9,,,1,100,,53863,9,,,1,100,,53864,9,,,1,97,,53856,4,,,1,103,,53857,4,,,1,200,,53865,9,,,1,100,,53866,9,,,1,100,,53867,9,,,1,100,,53868,9,,,1
701,'20260620',745,,53888,12,,,1,100,,53889,12,,,1,100,,53890,12,,,1,100,,53876,9,,,1,100,,53877,9,,,1,100,,53878,9,,,1,100,,53879,9,,,1,100,,53880,9,,,1,100,,53881,9,,,1,100,,53882,9,,,1,100,,53883,9,,,1,100,,53884,9,,,1,100,,53885,9,,,1,100,,53886,9,,,1,100,,53887,9,,,1
701,'20260621',745,,53903,12,,,1,100,,53904,12,,,1,100,,53905,12,,,1,100,,53891,9,,,1,100,,53892,9,,,1,100,,53893,9,,,1,100,,53894,9,,,1,100,,53895,9,,,1,100,,53896,9,,,1,100,,53897,9,,,1,100,,53898,9,,,1,100,,53899,9,,,1,100,,53900,9,,,1,100,,53901,9,,,1,100,,53902,9,,,1
701,'20260622',545,,53919,12,,,1,100,,53920,12,,,1,70,,53924,12,,,1,30,,53921,12,,,1,60,,53908,4,,,1,10,,53925,12,,,1,30,,53922,12,,,1,100,,53923,12,,,1,100,,53909,9,,,1,100,,53910,9,,,1,100,,53911,9,,,1,100,,53912,9,,,1,100,,53913,9,,,1,100,,53914,9,,,1,97,,53906,4,,,1,103,,53907,4,,,1,200,,53915,9,,,1,100,,53916,9,,,1,100,,53917,9,,,1,100,,53918,9,,,1
701,'20260623',545,,53939,12,,,1,100,,53940,12,,,1,70,,53944,12,,,1,30,,53941,12,,,1,60,,53928,4,,,1,10,,53945,12,,,1,30,,53942,12,,,1,100,,53943,12,,,1,100,,53929,9,,,1,100,,53930,9,,,1,100,,53931,9,,,1,100,,53932,9,,,1,100,,53933,9,,,1,100,,53934,9,,,1,97,,53926,4,,,1,103,,53927,4,,,1,200,,53935,9,,,1,100,,53936,9,,,1,100,,53937,9,,,1,100,,53938,9,,,1
701,'20260624',545,,53959,12,,,1,100,,53960,12,,,1,70,,53964,12,,,1,30,,53961,12,,,1,60,,53948,4,,,1,10,,53965,12,,,1,30,,53962,12,,,1,100,,53963,12,,,1,100,,53949,9,,,1,100,,53950,9,,,1,100,,53951,9,,,1,100,,53952,9,,,1,100,,53953,9,,,1,100,,53954,9,,,1,97,,53946,4,,,1,103,,53947,4,,,1,200,,53955,9,,,1,100,,53956,9,,,1,100,,53957,9,,,1,100,,53958,9,,,1
701,'20260625',545,,53979,12,,,1,100,,53980,12,,,1,70,,53984,12,,,1,30,,53981,12,,,1,60,,53968,4,,,1,10,,53985,12,,,1,30,,53982,12,,,1,100,,53983,12,,,1,100,,53969,9,,,1,100,,53970,9,,,1,100,,53971,9,,,1,100,,53972,9,,,1,100,,53973,9,,,1,100,,53974,9,,,1,97,,53966,4,,,1,103,,53967,4,,,1,200,,53975,9,,,1,100,,53976,9,,,1,100,,53977,9,,,1,100,,53978,9,,,1
701,'20260626',545,,53999,12,,,1,100,,54000,12,,,1,70,,54004,12,,,1,30,,54001,12,,,1,60,,53988,4,,,1,10,,54005,12,,,1,30,,54002,12,,,1,100,,54003,12,,,1,100,,53989,9,,,1,100,,53990,9,,,1,100,,53991,9,,,1,100,,53992,9,,,1,100,,53993,9,,,1,100,,53994,9,,,1,97,,53986,4,,,1,103,,53987,4,,,1,200,,53995,9,,,1,100,,53996,9,,,1,100,,53997,9,,,1,100,,53998,9,,,1
701,'20260627',745,,54018,12,,,1,100,,54019,12,,,1,100,,54020,12,,,1,100,,54006,9,,,1,100,,54007,9,,,1,100,,54008,9,,,1,100,,54009,9,,,1,100,,54010,9,,,1,100,,54011,9,,,1,100,,54012,9,,,1,100,,54013,9,,,1,100,,54014,9,,,1,100,,54015,9,,,1,100,,54016,9,,,1,100,,54017,9,,,1
701,'20260628',745,,54033,12,,,1,100,,54034,12,,,1,100,,54035,12,,,1,100,,54021,9,,,1,100,,54022,9,,,1,100,,54023,9,,,1,100,,54024,9,,,1,100,,54025,9,,,1,100,,54026,9,,,1,100,,54027,9,,,1,100,,54028,9,,,1,100,,54029,9,,,1,100,,54030,9,,,1,100,,54031,9,,,1,100,,54032,9,,,1
701,'20260629',545,,54049,12,,,1,100,,54050,12,,,1,70,,54054,12,,,1,30,,54051,12,,,1,60,,54038,4,,,1,10,,54055,12,,,1,30,,54052,12,,,1,100,,54053,12,,,1,100,,54039,9,,,1,100,,54040,9,,,1,100,,54041,9,,,1,100,,54042,9,,,1,100,,54043,9,,,1,100,,54044,9,,,1,97,,54036,4,,,1,103,,54037,4,,,1,200,,54045,9,,,1,100,,54046,9,,,1,100,,54047,9,,,1,100,,54048,9,,,1
701,'20260630',545,,54069,12,,,1,100,,54070,12,,,1,70,,54074,12,,,1,30,,54071,12,,,1,60,,54058,4,,,1,10,,54075,12,,,1,30,,54072,12,,,1,100,,54073,12,,,1,100,,54059,9,,,1,100,,54060,9,,,1,100,,54061,9,,,1,100,,54062,9,,,1,100,,54063,9,,,1,100,,54064,9,,,1,97,,54056,4,,,1,103,,54057,4,,,1,200,,54065,9,,,1,100,,54066,9,,,1,100,,54067,9,,,1,100,,54068,9,,,1
701,'20260701',745,,54088,12,,,1,100,,54089,12,,,1,100,,54090,12,,,1,100,,54076,9,,,1,100,,54077,9,,,1,100,,54078,9,,,1,100,,54079,9,,,1,100,,54080,9,,,1,100,,54081,9,,,1,100,,54082,9,,,1,100,,54083,9,,,1,100,,54084,9,,,1,100,,54085,9,,,1,100,,54086,9,,,1,100,,54087,9,,,1
701,'20260702',545,,54104,12,,,1,100,,54105,12,,,1,70,,54109,12,,,1,30,,54106,12,,,1,60,,54093,4,,,1,10,,54110,12,,,1,30,,54107,12,,,1,100,,54108,12,,,1,100,,54094,9,,,1,100,,54095,9,,,1,100,,54096,9,,,1,100,,54097,9,,,1,100,,54098,9,,,1,100,,54099,9,,,1,97,,54091,4,,,1,103,,54092,4,,,1,200,,54100,9,,,1,100,,54101,9,,,1,100,,54102,9,,,1,100,,54103,9,,,1
701,'20260703',545,,54124,12,,,1,100,,54125,12,,,1,70,,54129,12,,,1,30,,54126,12,,,1,60,,54113,4,,,1,10,,54130,12,,,1,30,,54127,12,,,1,100,,54128,12,,,1,100,,54114,9,,,1,100,,54115,9,,,1,100,,54116,9,,,1,100,,54117,9,,,1,100,,54118,9,,,1,100,,54119,9,,,1,97,,54111,4,,,1,103,,54112,4,,,1,200,,54120,9,,,1,100,,54121,9,,,1,100,,54122,9,,,1,100,,54123,9,,,1
701,'20260704',745,,54143,12,,,1,100,,54144,12,,,1,100,,54145,12,,,1,100,,54131,9,,,1,100,,54132,9,,,1,100,,54133,9,,,1,100,,54134,9,,,1,100,,54135,9,,,1,100,,54136,9,,,1,100,,54137,9,,,1,100,,54138,9,,,1,100,,54139,9,,,1,100,,54140,9,,,1,100,,54141,9,,,1,100,,54142,9,,,1
701,'20260705',745,,54158,12,,,1,100,,54159,12,,,1,100,,54160,12,,,1,100,,54146,9,,,1,100,,54147,9,,,1,100,,54148,9,,,1,100,,54149,9,,,1,100,,54150,9,,,1,100,,54151,9,,,1,100,,54152,9,,,1,100,,54153,9,,,1,100,,54154,9,,,1,100,,54155,9,,,1,100,,54156,9,,,1,100,,54157,9,,,1
701,'20260706',545,,54173,12,,,1,100,,54174,12,,,1,70,,54178,12,,,1,30,,54175,12,,,1,60,,54162,4,,,1,10,,54179,12,,,1,30,,54176,12,,,1,100,,54177,12,,,1,100,,54163,9,,,1,100,,54164,9,,,1,100,,54165,9,,,1,100,,54166,9,,,1,100,,54167,9,,,1,100,,54168,9,,,1,200,,54161,4,,,1,200,,54169,9,,,1,100,,54170,9,,,1,100,,54171,9,,,1,100,,54172,9,,,1
701,'20260707',545,,54192,12,,,1,100,,54193,12,,,1,70,,54197,12,,,1,30,,54194,12,,,1,60,,54181,4,,,1,10,,54198,12,,,1,30,,54195,12,,,1,100,,54196,12,,,1,100,,54182,9,,,1,100,,54183,9,,,1,100,,54184,9,,,1,100,,54185,9,,,1,100,,54186,9,,,1,100,,54187,9,,,1,200,,54180,4,,,1,200,,54188,9,,,1,100,,54189,9,,,1,100,,54190,9,,,1,100,,54191,9,,,1
701,'20260708',545,,54211,12,,,1,100,,54212,12,,,1,70,,54216,12,,,1,30,,54213,12,,,1,60,,54200,4,,,1,10,,54217,12,,,1,30,,54214,12,,,1,100,,54215,12,,,1,100,,54201,9,,,1,100,,54202,9,,,1,100,,54203,9,,,1,100,,54204,9,,,1,100,,54205,9,,,1,100,,54206,9,,,1,200,,54199,4,,,1,200,,54207,9,,,1,100,,54208,9,,,1,100,,54209,9,,,1,100,,54210,9,,,1
701,'20260709',545,,54230,12,,,1,100,,54231,12,,,1,70,,54235,12,,,1,30,,54232,12,,,1,60,,54219,4,,,1,10,,54236,12,,,1,30,,54233,12,,,1,100,,54234,12,,,1,100,,54220,9,,,1,100,,54221,9,,,1,100,,54222,9,,,1,100,,54223,9,,,1,100,,54224,9,,,1,100,,54225,9,,,1,200,,54218,4,,,1,200,,54226,9,,,1,100,,54227,9,,,1,100,,54228,9,,,1,100,,54229,9,,,1
701,'20260710',545,,54249,12,,,1,100,,54250,12,,,1,70,,54254,12,,,1,30,,54251,12,,,1,60,,54238,4,,,1,10,,54255,12,,,1,30,,54252,12,,,1,100,,54253,12,,,1,100,,54239,9,,,1,100,,54240,9,,,1,100,,54241,9,,,1,100,,54242,9,,,1,100,,54243,9,,,1,100,,54244,9,,,1,200,,54237,4,,,1,200,,54245,9,,,1,100,,54246,9,,,1,100,,54247,9,,,1,100,,54248,9,,,1
701,'20260711',745,,54268,12,,,1,100,,54269,12,,,1,100,,54270,12,,,1,100,,54256,9,,,1,100,,54257,9,,,1,100,,54258,9,,,1,100,,54259,9,,,1,100,,54260,9,,,1,100,,54261,9,,,1,100,,54262,9,,,1,100,,54263,9,,,1,100,,54264,9,,,1,100,,54265,9,,,1,100,,54266,9,,,1,100,,54267,9,,,1
701,'20260712',745,,54283,12,,,1,100,,54284,12,,,1,100,,54285,12,,,1,100,,54271,9,,,1,100,,54272,9,,,1,100,,54273,9,,,1,100,,54274,9,,,1,100,,54275,9,,,1,100,,54276,9,,,1,100,,54277,9,,,1,100,,54278,9,,,1,100,,54279,9,,,1,100,,54280,9,,,1,100,,54281,9,,,1,100,,54282,9,,,1
701,'20260713',545,,54298,12,,,1,100,,54299,12,,,1,70,,54303,12,,,1,30,,54300,12,,,1,60,,54287,4,,,1,10,,54304,12,,,1,30,,54301,12,,,1,100,,54302,12,,,1,100,,54288,9,,,1,100,,54289,9,,,1,100,,54290,9,,,1,100,,54291,9,,,1,100,,54292,9,,,1,100,,54293,9,,,1,200,,54286,4,,,1,200,,54294,9,,,1,100,,54295,9,,,1,100,,54296,9,,,1,100,,54297,9,,,1
701,'20260714',545,,54317,12,,,1,100,,54318,12,,,1,70,,54322,12,,,1,30,,54319,12,,,1,60,,54306,4,,,1,10,,54323,12,,,1,30,,54320,12,,,1,100,,54321,12,,,1,100,,54307,9,,,1,100,,54308,9,,,1,100,,54309,9,,,1,100,,54310,9,,,1,100,,54311,9,,,1,100,,54312,9,,,1,200,,54305,4,,,1,200,,54313,9,,,1,100,,54314,9,,,1,100,,54315,9,,,1,100,,54316,9,,,1
701,'20260715',545,,54336,12,,,1,100,,54337,12,,,1,70,,54341,12,,,1,30,,54338,12,,,1,60,,54325,4,,,1,10,,54342,12,,,1,30,,54339,12,,,1,100,,54340,12,,,1,100,,54326,9,,,1,100,,54327,9,,,1,100,,54328,9,,,1,100,,54329,9,,,1,100,,54330,9,,,1,100,,54331,9,,,1,200,,54324,4,,,1,200,,54332,9,,,1,100,,54333,9,,,1,100,,54334,9,,,1,100,,54335,9,,,1
701,'20260716',545,,54355,12,,,1,100,,54356,12,,,1,70,,54360,12,,,1,30,,54357,12,,,1,60,,54344,4,,,1,10,,54361,12,,,1,30,,54358,12,,,1,100,,54359,12,,,1,100,,54345,9,,,1,100,,54346,9,,,1,100,,54347,9,,,1,100,,54348,9,,,1,100,,54349,9,,,1,100,,54350,9,,,1,200,,54343,4,,,1,200,,54351,9,,,1,100,,54352,9,,,1,100,,54353,9,,,1,100,,54354,9,,,1
701,'20260717',545,,54374,12,,,1,100,,54375,12,,,1,70,,54379,12,,,1,30,,54376,12,,,1,60,,54363,4,,,1,10,,54380,12,,,1,30,,54377,12,,,1,100,,54378,12,,,1,100,,54364,9,,,1,100,,54365,9,,,1,100,,54366,9,,,1,100,,54367,9,,,1,100,,54368,9,,,1,100,,54369,9,,,1,200,,54362,4,,,1,200,,54370,9,,,1,100,,54371,9,,,1,100,,54372,9,,,1,100,,54373,9,,,1
701,'20260718',745,,54393,12,,,1,100,,54394,12,,,1,100,,54395,12,,,1,100,,54381,9,,,1,100,,54382,9,,,1,100,,54383,9,,,1,100,,54384,9,,,1,100,,54385,9,,,1,100,,54386,9,,,1,100,,54387,9,,,1,100,,54388,9,,,1,100,,54389,9,,,1,100,,54390,9,,,1,100,,54391,9,,,1,100,,54392,9,,,1
701,'20260719',745,,54408,12,,,1,100,,54409,12,,,1,100,,54410,12,,,1,100,,54396,9,,,1,100,,54397,9,,,1,100,,54398,9,,,1,100,,54399,9,,,1,100,,54400,9,,,1,100,,54401,9,,,1,100,,54402,9,,,1,100,,54403,9,,,1,100,,54404,9,,,1,100,,54405,9,,,1,100,,54406,9,,,1,100,,54407,9,,,1
701,'20260720',545,,54423,12,,,1,100,,54424,12,,,1,70,,54428,12,,,1,30,,54425,12,,,1,60,,54412,4,,,1,10,,54429,12,,,1,30,,54426,12,,,1,100,,54427,12,,,1,100,,54413,9,,,1,100,,54414,9,,,1,100,,54415,9,,,1,100,,54416,9,,,1,100,,54417,9,,,1,100,,54418,9,,,1,200,,54411,4,,,1,200,,54419,9,,,1,100,,54420,9,,,1,100,,54421,9,,,1,100,,54422,9,,,1
701,'20260721',545,,54442,12,,,1,100,,54443,12,,,1,70,,54447,12,,,1,30,,54444,12,,,1,60,,54431,4,,,1,10,,54448,12,,,1,30,,54445,12,,,1,100,,54446,12,,,1,100,,54432,9,,,1,100,,54433,9,,,1,100,,54434,9,,,1,100,,54435,9,,,1,100,,54436,9,,,1,100,,54437,9,,,1,200,,54430,4,,,1,200,,54438,9,,,1,100,,54439,9,,,1,100,,54440,9,,,1,100,,54441,9,,,1
701,'20260722',545,,54461,12,,,1,100,,54462,12,,,1,70,,54466,12,,,1,30,,54463,12,,,1,60,,54450,4,,,1,10,,54467,12,,,1,30,,54464,12,,,1,100,,54465,12,,,1,100,,54451,9,,,1,100,,54452,9,,,1,100,,54453,9,,,1,100,,54454,9,,,1,100,,54455,9,,,1,100,,54456,9,,,1,200,,54449,4,,,1,200,,54457,9,,,1,100,,54458,9,,,1,100,,54459,9,,,1,100,,54460,9,,,1
701,'20260723',545,,54480,12,,,1,100,,54481,12,,,1,70,,54485,12,,,1,30,,54482,12,,,1,60,,54469,4,,,1,10,,54486,12,,,1,30,,54483,12,,,1,100,,54484,12,,,1,100,,54470,9,,,1,100,,54471,9,,,1,100,,54472,9,,,1,100,,54473,9,,,1,100,,54474,9,,,1,100,,54475,9,,,1,200,,54468,4,,,1,200,,54476,9,,,1,100,,54477,9,,,1,100,,54478,9,,,1,100,,54479,9,,,1
701,'20260724',545,,54499,12,,,1,100,,54500,12,,,1,70,,54504,12,,,1,30,,54501,12,,,1,60,,54488,4,,,1,10,,54505,12,,,1,30,,54502,12,,,1,100,,54503,12,,,1,100,,54489,9,,,1,100,,54490,9,,,1,100,,54491,9,,,1,100,,54492,9,,,1,100,,54493,9,,,1,100,,54494,9,,,1,200,,54487,4,,,1,200,,54495,9,,,1,100,,54496,9,,,1,100,,54497,9,,,1,100,,54498,9,,,1
701,'20260725',745,,54518,12,,,1,100,,54519,12,,,1,100,,54520,12,,,1,100,,54506,9,,,1,100,,54507,9,,,1,100,,54508,9,,,1,100,,54509,9,,,1,100,,54510,9,,,1,100,,54511,9,,,1,100,,54512,9,,,1,100,,54513,9,,,1,100,,54514,9,,,1,100,,54515,9,,,1,100,,54516,9,,,1,100,,54517,9,,,1
701,'20260726',745,,54533,12,,,1,100,,54534,12,,,1,100,,54535,12,,,1,100,,54521,9,,,1,100,,54522,9,,,1,100,,54523,9,,,1,100,,54524,9,,,1,100,,54525,9,,,1,100,,54526,9,,,1,100,,54527,9,,,1,100,,54528,9,,,1,100,,54529,9,,,1,100,,54530,9,,,1,100,,54531,9,,,1,100,,54532,9,,,1
701,'20260727',545,,54548,12,,,1,100,,54549,12,,,1,70,,54553,12,,,1,30,,54550,12,,,1,60,,54537,4,,,1,10,,54554,12,,,1,30,,54551,12,,,1,100,,54552,12,,,1,100,,54538,9,,,1,100,,54539,9,,,1,100,,54540,9,,,1,100,,54541,9,,,1,100,,54542,9,,,1,100,,54543,9,,,1,200,,54536,4,,,1,200,,54544,9,,,1,100,,54545,9,,,1,100,,54546,9,,,1,100,,54547,9,,,1
701,'20260728',545,,54567,12,,,1,100,,54568,12,,,1,70,,54572,12,,,1,30,,54569,12,,,1,60,,54556,4,,,1,10,,54573,12,,,1,30,,54570,12,,,1,100,,54571,12,,,1,100,,54557,9,,,1,100,,54558,9,,,1,100,,54559,9,,,1,100,,54560,9,,,1,100,,54561,9,,,1,100,,54562,9,,,1,200,,54555,4,,,1,200,,54563,9,,,1,100,,54564,9,,,1,100,,54565,9,,,1,100,,54566,9,,,1
701,'20260729',545,,54586,12,,,1,100,,54587,12,,,1,70,,54591,12,,,1,30,,54588,12,,,1,60,,54575,4,,,1,10,,54592,12,,,1,30,,54589,12,,,1,100,,54590,12,,,1,100,,54576,9,,,1,100,,54577,9,,,1,100,,54578,9,,,1,100,,54579,9,,,1,100,,54580,9,,,1,100,,54581,9,,,1,200,,54574,4,,,1,200,,54582,9,,,1,100,,54583,9,,,1,100,,54584,9,,,1,100,,54585,9,,,1
701,'20260730',545,,54605,12,,,1,100,,54606,12,,,1,70,,54610,12,,,1,30,,54607,12,,,1,60,,54594,4,,,1,10,,54611,12,,,1,30,,54608,12,,,1,100,,54609,12,,,1,100,,54595,9,,,1,100,,54596,9,,,1,100,,54597,9,,,1,100,,54598,9,,,1,100,,54599,9,,,1,100,,54600,9,,,1,200,,54593,4,,,1,200,,54601,9,,,1,100,,54602,9,,,1,100,,54603,9,,,1,100,,54604,9,,,1
701,'20260731',545,,54624,12,,,1,100,,54625,12,,,1,70,,54629,12,,,1,30,,54626,12,,,1,60,,54613,4,,,1,10,,54630,12,,,1,30,,54627,12,,,1,100,,54628,12,,,1,100,,54614,9,,,1,100,,54615,9,,,1,100,,54616,9,,,1,100,,54617,9,,,1,100,,54618,9,,,1,100,,54619,9,,,1,200,,54612,4,,,1,200,,54620,9,,,1,100,,54621,9,,,1,100,,54622,9,,,1,100,,54623,9,,,1
701,'20260801',745,,54643,12,,,1,100,,54644,12,,,1,100,,54645,12,,,1,100,,54631,9,,,1,100,,54632,9,,,1,100,,54633,9,,,1,100,,54634,9,,,1,100,,54635,9,,,1,100,,54636,9,,,1,100,,54637,9,,,1,100,,54638,9,,,1,100,,54639,9,,,1,100,,54640,9,,,1,100,,54641,9,,,1,100,,54642,9,,,1
701,'20260802',745,,54658,12,,,1,100,,54659,12,,,1,100,,54660,12,,,1,100,,54646,9,,,1,100,,54647,9,,,1,100,,54648,9,,,1,100,,54649,9,,,1,100,,54650,9,,,1,100,,54651,9,,,1,100,,54652,9,,,1,100,,54653,9,,,1,100,,54654,9,,,1,100,,54655,9,,,1,100,,54656,9,,,1,100,,54657,9,,,1
701,'20260803',545,,54673,12,,,1,100,,54674,12,,,1,70,,54678,12,,,1,30,,54675,12,,,1,60,,54662,4,,,1,10,,54679,12,,,1,30,,54676,12,,,1,100,,54677,12,,,1,100,,54663,9,,,1,100,,54664,9,,,1,100,,54665,9,,,1,100,,54666,9,,,1,100,,54667,9,,,1,100,,54668,9,,,1,200,,54661,4,,,1,200,,54669,9,,,1,100,,54670,9,,,1,100,,54671,9,,,1,100,,54672,9,,,1
701,'20260804',545,,54692,12,,,1,100,,54693,12,,,1,70,,54697,12,,,1,30,,54694,12,,,1,60,,54681,4,,,1,10,,54698,12,,,1,30,,54695,12,,,1,100,,54696,12,,,1,100,,54682,9,,,1,100,,54683,9,,,1,100,,54684,9,,,1,100,,54685,9,,,1,100,,54686,9,,,1,100,,54687,9,,,1,200,,54680,4,,,1,200,,54688,9,,,1,100,,54689,9,,,1,100,,54690,9,,,1,100,,54691,9,,,1
701,'20260805',545,,54711,12,,,1,100,,54712,12,,,1,70,,54716,12,,,1,30,,54713,12,,,1,60,,54700,4,,,1,10,,54717,12,,,1,30,,54714,12,,,1,100,,54715,12,,,1,100,,54701,9,,,1,100,,54702,9,,,1,100,,54703,9,,,1,100,,54704,9,,,1,100,,54705,9,,,1,100,,54706,9,,,1,200,,54699,4,,,1,200,,54707,9,,,1,100,,54708,9,,,1,100,,54709,9,,,1,100,,54710,9,,,1
701,'20260806',545,,54730,12,,,1,100,,54731,12,,,1,70,,54735,12,,,1,30,,54732,12,,,1,60,,54719,4,,,1,10,,54736,12,,,1,30,,54733,12,,,1,100,,54734,12,,,1,100,,54720,9,,,1,100,,54721,9,,,1,100,,54722,9,,,1,100,,54723,9,,,1,100,,54724,9,,,1,100,,54725,9,,,1,200,,54718,4,,,1,200,,54726,9,,,1,100,,54727,9,,,1,100,,54728,9,,,1,100,,54729,9,,,1
701,'20260807',545,,54749,12,,,1,100,,54750,12,,,1,70,,54754,12,,,1,30,,54751,12,,,1,60,,54738,4,,,1,10,,54755,12,,,1,30,,54752,12,,,1,100,,54753,12,,,1,100,,54739,9,,,1,100,,54740,9,,,1,100,,54741,9,,,1,100,,54742,9,,,1,100,,54743,9,,,1,100,,54744,9,,,1,200,,54737,4,,,1,200,,54745,9,,,1,100,,54746,9,,,1,100,,54747,9,,,1,100,,54748,9,,,1
701,'20260808',745,,54768,12,,,1,100,,54769,12,,,1,100,,54770,12,,,1,100,,54756,9,,,1,100,,54757,9,,,1,100,,54758,9,,,1,100,,54759,9,,,1,100,,54760,9,,,1,100,,54761,9,,,1,100,,54762,9,,,1,100,,54763,9,,,1,100,,54764,9,,,1,100,,54765,9,,,1,100,,54766,9,,,1,100,,54767,9,,,1
701,'20260809',745,,54783,12,,,1,100,,54784,12,,,1,100,,54785,12,,,1,100,,54771,9,,,1,100,,54772,9,,,1,100,,54773,9,,,1,100,,54774,9,,,1,100,,54775,9,,,1,100,,54776,9,,,1,100,,54777,9,,,1,100,,54778,9,,,1,100,,54779,9,,,1,100,,54780,9,,,1,100,,54781,9,,,1,100,,54782,9,,,1
701,'20260810',545,,54798,12,,,1,100,,54799,12,,,1,70,,54803,12,,,1,30,,54800,12,,,1,60,,54787,4,,,1,10,,54804,12,,,1,30,,54801,12,,,1,100,,54802,12,,,1,100,,54788,9,,,1,100,,54789,9,,,1,100,,54790,9,,,1,100,,54791,9,,,1,100,,54792,9,,,1,100,,54793,9,,,1,200,,54786,4,,,1,200,,54794,9,,,1,100,,54795,9,,,1,100,,54796,9,,,1,100,,54797,9,,,1
701,'20260811',545,,54817,12,,,1,100,,54818,12,,,1,70,,54822,12,,,1,30,,54819,12,,,1,60,,54806,4,,,1,10,,54823,12,,,1,30,,54820,12,,,1,100,,54821,12,,,1,100,,54807,9,,,1,100,,54808,9,,,1,100,,54809,9,,,1,100,,54810,9,,,1,100,,54811,9,,,1,100,,54812,9,,,1,200,,54805,4,,,1,200,,54813,9,,,1,100,,54814,9,,,1,100,,54815,9,,,1,100,,54816,9,,,1
701,'20260812',545,,54836,12,,,1,100,,54837,12,,,1,70,,54841,12,,,1,30,,54838,12,,,1,60,,54825,4,,,1,10,,54842,12,,,1,30,,54839,12,,,1,100,,54840,12,,,1,100,,54826,9,,,1,100,,54827,9,,,1,100,,54828,9,,,1,100,,54829,9,,,1,100,,54830,9,,,1,100,,54831,9,,,1,200,,54824,4,,,1,200,,54832,9,,,1,100,,54833,9,,,1,100,,54834,9,,,1,100,,54835,9,,,1
701,'20260813',545,,54855,12,,,1,100,,54856,12,,,1,70,,54860,12,,,1,30,,54857,12,,,1,60,,54844,4,,,1,10,,54861,12,,,1,30,,54858,12,,,1,100,,54859,12,,,1,100,,54845,9,,,1,100,,54846,9,,,1,100,,54847,9,,,1,100,,54848,9,,,1,100,,54849,9,,,1,100,,54850,9,,,1,200,,54843,4,,,1,200,,54851,9,,,1,100,,54852,9,,,1,100,,54853,9,,,1,100,,54854,9,,,1
701,'20260814',545,,54874,12,,,1,100,,54875,12,,,1,70,,54879,12,,,1,30,,54876,12,,,1,60,,54863,4,,,1,10,,54880,12,,,1,30,,54877,12,,,1,100,,54878,12,,,1,100,,54864,9,,,1,100,,54865,9,,,1,100,,54866,9,,,1,100,,54867,9,,,1,100,,54868,9,,,1,100,,54869,9,,,1,200,,54862,4,,,1,200,,54870,9,,,1,100,,54871,9,,,1,100,,54872,9,,,1,100,,54873,9,,,1
701,'20260815',745,,54893,12,,,1,100,,54894,12,,,1,100,,54895,12,,,1,100,,54881,9,,,1,100,,54882,9,,,1,100,,54883,9,,,1,100,,54884,9,,,1,100,,54885,9,,,1,100,,54886,9,,,1,100,,54887,9,,,1,100,,54888,9,,,1,100,,54889,9,,,1,100,,54890,9,,,1,100,,54891,9,,,1,100,,54892,9,,,1
701,'20260816',745,,54908,12,,,1,100,,54909,12,,,1,100,,54910,12,,,1,100,,54896,9,,,1,100,,54897,9,,,1,100,,54898,9,,,1,100,,54899,9,,,1,100,,54900,9,,,1,100,,54901,9,,,1,100,,54902,9,,,1,100,,54903,9,,,1,100,,54904,9,,,1,100,,54905,9,,,1,100,,54906,9,,,1,100,,54907,9,,,1
701,'20260817',545,,54923,12,,,1,100,,54924,12,,,1,70,,54928,12,,,1,30,,54925,12,,,1,60,,54912,4,,,1,10,,54929,12,,,1,30,,54926,12,,,1,100,,54927,12,,,1,100,,54913,9,,,1,100,,54914,9,,,1,100,,54915,9,,,1,100,,54916,9,,,1,100,,54917,9,,,1,100,,54918,9,,,1,200,,54911,4,,,1,200,,54919,9,,,1,100,,54920,9,,,1,100,,54921,9,,,1,100,,54922,9,,,1
701,'20260818',545,,54942,12,,,1,100,,54943,12,,,1,70,,54947,12,,,1,30,,54944,12,,,1,60,,54931,4,,,1,10,,54948,12,,,1,30,,54945,12,,,1,100,,54946,12,,,1,100,,54932,9,,,1,100,,54933,9,,,1,100,,54934,9,,,1,100,,54935,9,,,1,100,,54936,9,,,1,100,,54937,9,,,1,200,,54930,4,,,1,200,,54938,9,,,1,100,,54939,9,,,1,100,,54940,9,,,1,100,,54941,9,,,1
701,'20260819',545,,54961,12,,,1,100,,54962,12,,,1,70,,54966,12,,,1,30,,54963,12,,,1,60,,54950,4,,,1,10,,54967,12,,,1,30,,54964,12,,,1,100,,54965,12,,,1,100,,54951,9,,,1,100,,54952,9,,,1,100,,54953,9,,,1,100,,54954,9,,,1,100,,54955,9,,,1,100,,54956,9,,,1,200,,54949,4,,,1,200,,54957,9,,,1,100,,54958,9,,,1,100,,54959,9,,,1,100,,54960,9,,,1
701,'20260820',545,,54980,12,,,1,100,,54981,12,,,1,70,,54985,12,,,1,30,,54982,12,,,1,60,,54969,4,,,1,10,,54986,12,,,1,30,,54983,12,,,1,100,,54984,12,,,1,100,,54970,9,,,1,100,,54971,9,,,1,100,,54972,9,,,1,100,,54973,9,,,1,100,,54974,9,,,1,100,,54975,9,,,1,200,,54968,4,,,1,200,,54976,9,,,1,100,,54977,9,,,1,100,,54978,9,,,1,100,,54979,9,,,1
701,'20260821',545,,54999,12,,,1,100,,55000,12,,,1,70,,55004,12,,,1,30,,55001,12,,,1,60,,54988,4,,,1,10,,55005,12,,,1,30,,55002,12,,,1,100,,55003,12,,,1,100,,54989,9,,,1,100,,54990,9,,,1,100,,54991,9,,,1,100,,54992,9,,,1,100,,54993,9,,,1,100,,54994,9,,,1,200,,54987,4,,,1,200,,54995,9,,,1,100,,54996,9,,,1,100,,54997,9,,,1,100,,54998,9,,,1
701,'20260822',745,,55018,12,,,1,100,,55019,12,,,1,100,,55020,12,,,1,100,,55006,9,,,1,100,,55007,9,,,1,100,,55008,9,,,1,100,,55009,9,,,1,100,,55010,9,,,1,100,,55011,9,,,1,100,,55012,9,,,1,100,,55013,9,,,1,100,,55014,9,,,1,100,,55015,9,,,1,100,,55016,9,,,1,100,,55017,9,,,1
701,'20260823',745,,55033,12,,,1,100,,55034,12,,,1,100,,55035,12,,,1,100,,55021,9,,,1,100,,55022,9,,,1,100,,55023,9,,,1,100,,55024,9,,,1,100,,55025,9,,,1,100,,55026,9,,,1,100,,55027,9,,,1,100,,55028,9,,,1,100,,55029,9,,,1,100,,55030,9,,,1,100,,55031,9,,,1,100,,55032,9,,,1
701,'20260824',545,,55048,12,,,1,100,,55049,12,,,1,70,,55053,12,,,1,30,,55050,12,,,1,60,,55037,4,,,1,10,,55054,12,,,1,30,,55051,12,,,1,100,,55052,12,,,1,100,,55038,9,,,1,100,,55039,9,,,1,100,,55040,9,,,1,100,,55041,9,,,1,100,,55042,9,,,1,100,,55043,9,,,1,200,,55036,4,,,1,200,,55044,9,,,1,100,,55045,9,,,1,100,,55046,9,,,1,100,,55047,9,,,1
701,'20260825',545,,55067,12,,,1,100,,55068,12,,,1,70,,55072,12,,,1,30,,55069,12,,,1,60,,55056,4,,,1,10,,55073,12,,,1,30,,55070,12,,,1,100,,55071,12,,,1,100,,55057,9,,,1,100,,55058,9,,,1,100,,55059,9,,,1,100,,55060,9,,,1,100,,55061,9,,,1,100,,55062,9,,,1,200,,55055,4,,,1,200,,55063,9,,,1,100,,55064,9,,,1,100,,55065,9,,,1,100,,55066,9,,,1
701,'20260826',545,,55086,12,,,1,100,,55087,12,,,1,70,,55091,12,,,1,30,,55088,12,,,1,60,,55075,4,,,1,10,,55092,12,,,1,30,,55089,12,,,1,100,,55090,12,,,1,100,,55076,9,,,1,100,,55077,9,,,1,100,,55078,9,,,1,100,,55079,9,,,1,100,,55080,9,,,1,100,,55081,9,,,1,200,,55074,4,,,1,200,,55082,9,,,1,100,,55083,9,,,1,100,,55084,9,,,1,100,,55085,9,,,1
701,'20260827',545,,55105,12,,,1,100,,55106,12,,,1,70,,55110,12,,,1,30,,55107,12,,,1,60,,55094,4,,,1,10,,55111,12,,,1,30,,55108,12,,,1,100,,55109,12,,,1,100,,55095,9,,,1,100,,55096,9,,,1,100,,55097,9,,,1,100,,55098,9,,,1,100,,55099,9,,,1,100,,55100,9,,,1,200,,55093,4,,,1,200,,55101,9,,,1,100,,55102,9,,,1,100,,55103,9,,,1,100,,55104,9,,,1
701,'20260828',545,,55124,12,,,1,100,,55125,12,,,1,70,,55129,12,,,1,30,,55126,12,,,1,60,,55113,4,,,1,10,,55130,12,,,1,30,,55127,12,,,1,100,,55128,12,,,1,100,,55114,9,,,1,100,,55115,9,,,1,100,,55116,9,,,1,100,,55117,9,,,1,100,,55118,9,,,1,100,,55119,9,,,1,200,,55112,4,,,1,200,,55120,9,,,1,100,,55121,9,,,1,100,,55122,9,,,1,100,,55123,9,,,1
701,'20260829',745,,55143,12,,,1,100,,55144,12,,,1,100,,55145,12,,,1,100,,55131,9,,,1,100,,55132,9,,,1,100,,55133,9,,,1,100,,55134,9,,,1,100,,55135,9,,,1,100,,55136,9,,,1,100,,55137,9,,,1,100,,55138,9,,,1,100,,55139,9,,,1,100,,55140,9,,,1,100,,55141,9,,,1,100,,55142,9,,,1
701,'20260830',745,,55158,12,,,1,100,,55159,12,,,1,100,,55160,12,,,1,100,,55146,9,,,1,100,,55147,9,,,1,100,,55148,9,,,1,100,,55149,9,,,1,100,,55150,9,,,1,100,,55151,9,,,1,100,,55152,9,,,1,100,,55153,9,,,1,100,,55154,9,,,1,100,,55155,9,,,1,100,,55156,9,,,1,100,,55157,9,,,1
701,'20260831',545,,55173,12,,,1,100,,55174,12,,,1,70,,55178,12,,,1,30,,55175,12,,,1,60,,55162,4,,,1,10,,55179,12,,,1,30,,55176,12,,,1,100,,55177,12,,,1,100,,55163,9,,,1,100,,55164,9,,,1,100,,55165,9,,,1,100,,55166,9,,,1,100,,55167,9,,,1,100,,55168,9,,,1,200,,55161,4,,,1,200,,55169,9,,,1,100,,55170,9,,,1,100,,55171,9,,,1,100,,55172,9,,,1
701,'20260901',545,,55192,12,,,1,100,,55193,12,,,1,70,,55197,12,,,1,30,,55194,12,,,1,60,,55181,4,,,1,10,,55198,12,,,1,30,,55195,12,,,1,100,,55196,12,,,1,100,,55182,9,,,1,100,,55183,9,,,1,100,,55184,9,,,1,100,,55185,9,,,1,100,,55186,9,,,1,100,,55187,9,,,1,200,,55180,4,,,1,200,,55188,9,,,1,100,,55189,9,,,1,100,,55190,9,,,1,100,,55191,9,,,1
701,'20260902',545,,55211,12,,,1,100,,55212,12,,,1,70,,55216,12,,,1,30,,55213,12,,,1,60,,55200,4,,,1,10,,55217,12,,,1,30,,55214,12,,,1,100,,55215,12,,,1,100,,55201,9,,,1,100,,55202,9,,,1,100,,55203,9,,,1,100,,55204,9,,,1,100,,55205,9,,,1,100,,55206,9,,,1,200,,55199,4,,,1,200,,55207,9,,,1,100,,55208,9,,,1,100,,55209,9,,,1,100,,55210,9,,,1
701,'20260903',545,,55230,12,,,1,100,,55231,12,,,1,70,,55235,12,,,1,30,,55232,12,,,1,60,,55219,4,,,1,10,,55236,12,,,1,30,,55233,12,,,1,100,,55234,12,,,1,100,,55220,9,,,1,100,,55221,9,,,1,100,,55222,9,,,1,100,,55223,9,,,1,100,,55224,9,,,1,100,,55225,9,,,1,200,,55218,4,,,1,200,,55226,9,,,1,100,,55227,9,,,1,100,,55228,9,,,1,100,,55229,9,,,1
701,'20260904',545,,55249,12,,,1,100,,55250,12,,,1,70,,55254,12,,,1,30,,55251,12,,,1,60,,55238,4,,,1,10,,55255,12,,,1,30,,55252,12,,,1,100,,55253,12,,,1,100,,55239,9,,,1,100,,55240,9,,,1,100,,55241,9,,,1,100,,55242,9,,,1,100,,55243,9,,,1,100,,55244,9,,,1,200,,55237,4,,,1,200,,55245,9,,,1,100,,55246,9,,,1,100,,55247,9,,,1,100,,55248,9,,,1
