500,'20260514',1052,,24281,25,,,1,405,,24282,25,,,1,148,,24277,25,0,9,1,52,,24283,25,,,1,85,,24280,25,,,1,70,,24278,25,,,1,15,,24279,25,,,1,30,,24284,25,,,1,445,,24285,25,,,1,53,,24286,25,,,1
500,'20260515',1052,,24298,25,,,1,407,,24299,25,,,1,144,,24294,25,0,9,1,52,,24300,25,,,1,85,,24297,25,,,1,70,,24295,25,,,1,15,,24296,25,,,1,30,,24301,25,,,1,445,,24302,25,,,1,53,,24303,25,,,1
500,'20260516',950,,24313,16,,,1,302,,24314,16,,,1,300,,24315,16,,,1,300,,24316,16,,,1,304,,24317,16,,,1,103,,24312,16,0,9,1,93,,24318,16,,,1
500,'20260517',950,,24328,16,,,1,302,,24329,16,,,1,300,,24330,16,,,1,300,,24331,16,,,1,304,,24332,16,,,1,103,,24327,16,0,9,1,93,,24333,16,,,1
500,'20260518',950,,24343,16,,,1,302,,24344,16,,,1,300,,24345,16,,,1,300,,24346,16,,,1,304,,24347,16,,,1,103,,24342,16,0,9,1,93,,24348,16,,,1
500,'20260519',1053,,24360,25,,,1,405,,24361,25,,,1,146,,24356,25,0,9,1,52,,24362,25,,,1,85,,24359,25,,,1,70,,24357,25,,,1,15,,24358,25,,,1,30,,24363,25,,,1,444,,24364,25,,,1,54,,24365,25,,,1
500,'20260520',1052,,24377,25,,,1,407,,24378,25,,,1,144,,24373,25,0,9,1,52,,24379,25,,,1,85,,24376,25,,,1,70,,24374,25,,,1,15,,24375,25,,,1,30,,24380,25,,,1,445,,24381,25,,,1,53,,24382,25,,,1
500,'20260521',1052,,24394,25,,,1,407,,24395,25,,,1,144,,24390,25,0,9,1,52,,24396,25,,,1,85,,24393,25,,,1,70,,24391,25,,,1,15,,24392,25,,,1,30,,24397,25,,,1,445,,24398,25,,,1,53,,24399,25,,,1
500,'20260522',1052,,24411,25,,,1,407,,24412,25,,,1,144,,24407,25,0,9,1,52,,24413,25,,,1,85,,24410,25,,,1,70,,24408,25,,,1,15,,24409,25,,,1,30,,24414,25,,,1,445,,24415,25,,,1,53,,24416,25,,,1
500,'20260525',1052,,24458,25,,,1,448,,24459,25,,,1,104,,24454,25,0,9,1,52,,24460,25,,,1,85,,24457,25,,,1,70,,24455,25,,,1,15,,24456,25,,,1,30,,24461,25,,,1,446,,24462,25,,,1,52,,24463,25,,,1
500,'20260526',1052,,24475,25,,,1,407,,24476,25,,,1,144,,24471,25,0,9,1,52,,24477,25,,,1,85,,24474,25,,,1,70,,24472,25,,,1,15,,24473,25,,,1,30,,24478,25,,,1,445,,24479,25,,,1,53,,24480,25,,,1
500,'20260527',1052,,24492,25,,,1,407,,24493,25,,,1,144,,24488,25,0,9,1,52,,24494,25,,,1,85,,24491,25,,,1,70,,24489,25,,,1,15,,24490,25,,,1,30,,24495,25,,,1,445,,24496,25,,,1,101,,32082,25,,,1
500,'20260528',1052,,24509,25,,,1,407,,24510,25,,,1,144,,24505,25,0,9,1,52,,24511,25,,,1,85,,24508,25,,,1,70,,24506,25,,,1,15,,24507,25,,,1,30,,24512,25,,,1,445,,24513,25,,,1,101,,32083,25,,,1
500,'20260529',1052,,24526,25,,,1,407,,24527,25,,,1,144,,24522,25,0,9,1,52,,24528,25,,,1,85,,24525,25,,,1,70,,24523,25,,,1,15,,24524,25,,,1,30,,24529,25,,,1,445,,24530,25,,,1,53,,24531,25,,,1
500,'20260601',1053,,24573,25,,,1,447,,24574,25,,,1,104,,24569,25,0,9,1,52,,24575,25,,,1,85,,24572,25,,,1,70,,24570,25,,,1,15,,24571,25,,,1,30,,24576,25,,,1,445,,24577,25,,,1,53,,24578,25,,,1
500,'20260602',1052,,24590,25,,,1,407,,24591,25,,,1,144,,24586,25,0,9,1,52,,24592,25,,,1,85,,24589,25,,,1,70,,24587,25,,,1,15,,24588,25,,,1,30,,24593,25,,,1,445,,24594,25,,,1,53,,24595,25,,,1
500,'20260603',1052,,24607,25,,,1,407,,24608,25,,,1,144,,24603,25,0,9,1,52,,24609,25,,,1,85,,24606,25,,,1,70,,24604,25,,,1,15,,24605,25,,,1,30,,24610,25,,,1,445,,24611,25,,,1,53,,48831,25,,,1
500,'20260604',1052,,24624,25,,,1,407,,24625,25,,,1,144,,24620,25,0,9,1,52,,24626,25,,,1,85,,24623,25,,,1,70,,24621,25,,,1,15,,24622,25,,,1,30,,24627,25,,,1,445,,24628,25,,,1,53,,48832,25,,,1
500,'20260605',1052,,24641,25,,,1,407,,24642,25,,,1,144,,24637,25,0,9,1,52,,24643,25,,,1,85,,24640,25,,,1,70,,24638,25,,,1,15,,24639,25,,,1,30,,24644,25,,,1,445,,24645,25,,,1,101,,48833,25,,,1
500,'20260606',950,,48843,25,,,1,302,,48844,25,,,1,300,,48845,25,,,1,300,,48846,25,,,1,304,,48847,25,,,1,103,,48842,25,0,9,1,142,,48848,25,,,1
500,'20260607',950,,48858,25,,,1,302,,48859,25,,,1,300,,48860,25,,,1,300,,48861,25,,,1,304,,48862,25,,,1,103,,48857,25,0,9,1,93,,48863,25,,,1
500,'20260608',1052,,24688,25,,,1,407,,24689,25,,,1,144,,24684,25,0,9,1,52,,24690,25,,,1,85,,24687,25,,,1,70,,24685,25,,,1,15,,24686,25,,,1,30,,24691,25,,,1,445,,24692,25,,,1,53,,24693,25,,,1
500,'20260609',1052,,24705,25,,,1,407,,24706,25,,,1,144,,24701,25,0,9,1,52,,24707,25,,,1,85,,24704,25,,,1,70,,24702,25,,,1,15,,24703,25,,,1,30,,24708,25,,,1,445,,24709,25,,,1,53,,24710,25,,,1
500,'20260610',1052,,24722,25,,,1,407,,24723,25,,,1,144,,24718,25,0,9,1,52,,24724,25,,,1,85,,24721,25,,,1,70,,24719,25,,,1,15,,24720,25,,,1,30,,24725,25,,,1,445,,24726,25,,,1,53,,48864,25,,,1
500,'20260611',1052,,24739,25,,,1,407,,24740,25,,,1,144,,24735,25,0,9,1,52,,24741,25,,,1,85,,24738,25,,,1,70,,24736,25,,,1,15,,24737,25,,,1,30,,24742,25,,,1,445,,24743,25,,,1,53,,48865,25,,,1
500,'20260612',1052,,24756,25,,,1,407,,24757,25,,,1,144,,24752,25,0,9,1,52,,24758,25,,,1,85,,24755,25,,,1,70,,24753,25,,,1,15,,24754,25,,,1,30,,24759,25,,,1,445,,24760,25,,,1,53,,24761,25,,,1
500,'20260613',950,,48875,25,,,1,302,,48876,25,,,1,300,,48877,25,,,1,300,,48878,25,,,1,304,,48879,25,,,1,103,,48874,25,0,9,1,93,,48880,25,,,1
500,'20260614',950,,48890,25,,,1,302,,48891,25,,,1,300,,48892,25,,,1,300,,48893,25,,,1,304,,48894,25,,,1,103,,48889,25,0,9,1,93,,48895,25,,,1
500,'20260615',1052,,48907,25,,,1,407,,48908,25,,,1,144,,48903,25,0,9,1,52,,48909,25,,,1,85,,48906,25,,,1,70,,48904,25,,,1,15,,48905,25,,,1,30,,48910,25,,,1,445,,48911,25,,,1,53,,48912,25,,,1
500,'20260616',1052,,48924,25,,,1,407,,48925,25,,,1,144,,48920,25,0,9,1,52,,48926,25,,,1,85,,48923,25,,,1,70,,48921,25,,,1,15,,48922,25,,,1,30,,48927,25,,,1,445,,48928,25,,,1,53,,48929,25,,,1
500,'20260617',1052,,48941,25,,,1,407,,48942,25,,,1,144,,48937,25,0,9,1,52,,48943,25,,,1,85,,48940,25,,,1,70,,48938,25,,,1,15,,48939,25,,,1,30,,48944,25,,,1,445,,48945,25,,,1,53,,48946,25,,,1
500,'20260618',1052,,48958,25,,,1,407,,48959,25,,,1,144,,48954,25,0,9,1,52,,48960,25,,,1,85,,48957,25,,,1,70,,48955,25,,,1,15,,48956,25,,,1,30,,48961,25,,,1,445,,48962,25,,,1,53,,48963,25,,,1
500,'20260619',1052,,48975,25,,,1,407,,48976,25,,,1,144,,48971,25,0,9,1,52,,48977,25,,,1,85,,48974,25,,,1,70,,48972,25,,,1,15,,48973,25,,,1,30,,48978,25,,,1,445,,48979,25,,,1,53,,48980,25,,,1
500,'20260620',950,,48990,25,,,1,302,,48991,25,,,1,300,,48992,25,,,1,300,,48993,25,,,1,304,,48994,25,,,1,103,,48989,25,0,9,1,93,,48995,25,,,1
500,'20260621',950,,49005,25,,,1,302,,49006,25,,,1,300,,49007,25,,,1,300,,49008,25,,,1,304,,49009,25,,,1,103,,49004,25,0,9,1,93,,49010,25,,,1
500,'20260622',1052,,49022,25,,,1,407,,49023,25,,,1,144,,49018,25,0,9,1,52,,49024,25,,,1,85,,49021,25,,,1,70,,49019,25,,,1,15,,49020,25,,,1,30,,49025,25,,,1,445,,49026,25,,,1,53,,49027,25,,,1
500,'20260623',1052,,49039,25,,,1,407,,49040,25,,,1,144,,49035,25,0,9,1,52,,49041,25,,,1,85,,49038,25,,,1,70,,49036,25,,,1,15,,49037,25,,,1,30,,49042,25,,,1,445,,49043,25,,,1,53,,49044,25,,,1
500,'20260624',1052,,49056,25,,,1,407,,49057,25,,,1,144,,49052,25,0,9,1,52,,49058,25,,,1,85,,49055,25,,,1,70,,49053,25,,,1,15,,49054,25,,,1,30,,49059,25,,,1,445,,49060,25,,,1,53,,49061,25,,,1
500,'20260625',1052,,49073,25,,,1,407,,49074,25,,,1,144,,49069,25,0,9,1,52,,49075,25,,,1,85,,49072,25,,,1,70,,49070,25,,,1,15,,49071,25,,,1,30,,49076,25,,,1,445,,49077,25,,,1,53,,49078,25,,,1
500,'20260626',1052,,49090,25,,,1,407,,49091,25,,,1,144,,49086,25,0,9,1,52,,49092,25,,,1,85,,49089,25,,,1,70,,49087,25,,,1,15,,49088,25,,,1,30,,49093,25,,,1,445,,49094,25,,,1,53,,49095,25,,,1
500,'20260627',950,,49105,25,,,1,302,,49106,25,,,1,300,,49107,25,,,1,300,,49108,25,,,1,304,,49109,25,,,1,103,,49104,25,0,9,1,93,,49110,25,,,1
500,'20260628',950,,49120,25,,,1,302,,49121,25,,,1,300,,49122,25,,,1,300,,49123,25,,,1,304,,49124,25,,,1,103,,49119,25,0,9,1,93,,49125,25,,,1
500,'20260629',1052,,49137,25,,,1,407,,49138,25,,,1,144,,49133,25,0,9,1,52,,49139,25,,,1,85,,49136,25,,,1,70,,49134,25,,,1,15,,49135,25,,,1,30,,49140,25,,,1,445,,49141,25,,,1,53,,49142,25,,,1
500,'20260630',1052,,49154,25,,,1,407,,49155,25,,,1,144,,49150,25,0,9,1,52,,49156,25,,,1,85,,49153,25,,,1,70,,49151,25,,,1,15,,49152,25,,,1,30,,49157,25,,,1,445,,49158,25,,,1,53,,49159,25,,,1
500,'20260701',950,,49169,25,,,1,302,,49170,25,,,1,300,,49171,25,,,1,300,,49172,25,,,1,304,,49173,25,,,1,103,,49168,25,0,9,1,93,,49174,25,,,1
500,'20260702',1052,,49186,25,,,1,407,,49187,25,,,1,144,,49182,25,0,9,1,52,,49188,25,,,1,85,,49185,25,,,1,70,,49183,25,,,1,15,,49184,25,,,1,30,,49189,25,,,1,445,,49190,25,,,1,53,,49191,25,,,1
500,'20260703',1052,,49203,25,,,1,407,,49204,25,,,1,144,,49199,25,0,9,1,52,,49205,25,,,1,85,,49202,25,,,1,70,,49200,25,,,1,15,,49201,25,,,1,30,,49206,25,,,1,445,,49207,25,,,1,53,,49208,25,,,1
500,'20260704',950,,49218,25,,,1,302,,49219,25,,,1,300,,49220,25,,,1,300,,49221,25,,,1,304,,49222,25,,,1,103,,49217,25,0,9,1,93,,49223,25,,,1
500,'20260705',950,,49233,25,,,1,302,,49234,25,,,1,300,,49235,25,,,1,300,,49236,25,,,1,304,,49237,25,,,1,103,,49232,25,0,9,1,93,,49238,25,,,1
500,'20260706',1052,,49250,25,,,1,407,,49251,25,,,1,144,,49246,25,0,9,1,52,,49252,25,,,1,85,,49249,25,,,1,70,,49247,25,,,1,15,,49248,25,,,1,30,,49253,25,,,1,445,,49254,25,,,1,53,,49255,25,,,1
500,'20260707',1052,,49267,25,,,1,407,,49268,25,,,1,144,,49263,25,0,9,1,52,,49269,25,,,1,85,,49266,25,,,1,70,,49264,25,,,1,15,,49265,25,,,1,30,,49270,25,,,1,445,,49271,25,,,1,53,,49272,25,,,1
500,'20260708',1052,,49284,25,,,1,407,,49285,25,,,1,144,,49280,25,0,9,1,52,,49286,25,,,1,85,,49283,25,,,1,70,,49281,25,,,1,15,,49282,25,,,1,30,,49287,25,,,1,445,,49288,25,,,1,53,,49289,25,,,1
500,'20260709',1052,,49301,25,,,1,407,,49302,25,,,1,144,,49297,25,0,9,1,52,,49303,25,,,1,85,,49300,25,,,1,70,,49298,25,,,1,15,,49299,25,,,1,30,,49304,25,,,1,445,,49305,25,,,1,53,,49306,25,,,1
500,'20260710',1052,,49318,25,,,1,407,,49319,25,,,1,144,,49314,25,0,9,1,52,,49320,25,,,1,85,,49317,25,,,1,70,,49315,25,,,1,15,,49316,25,,,1,30,,49321,25,,,1,445,,49322,25,,,1,53,,49323,25,,,1
500,'20260711',950,,49333,25,,,1,302,,49334,25,,,1,300,,49335,25,,,1,300,,49336,25,,,1,304,,49337,25,,,1,103,,49332,25,0,9,1,93,,49338,25,,,1
500,'20260712',950,,49348,25,,,1,302,,49349,25,,,1,300,,49350,25,,,1,300,,49351,25,,,1,304,,49352,25,,,1,103,,49347,25,0,9,1,93,,49353,25,,,1
500,'20260713',1052,,49365,25,,,1,407,,49366,25,,,1,144,,49361,25,0,9,1,52,,49367,25,,,1,85,,49364,25,,,1,70,,49362,25,,,1,15,,49363,25,,,1,30,,49368,25,,,1,445,,49369,25,,,1,53,,49370,25,,,1
500,'20260714',1052,,49382,25,,,1,407,,49383,25,,,1,144,,49378,25,0,9,1,52,,49384,25,,,1,85,,49381,25,,,1,70,,49379,25,,,1,15,,49380,25,,,1,30,,49385,25,,,1,445,,49386,25,,,1,53,,49387,25,,,1
500,'20260715',1052,,49399,25,,,1,407,,49400,25,,,1,144,,49395,25,0,9,1,52,,49401,25,,,1,85,,49398,25,,,1,70,,49396,25,,,1,15,,49397,25,,,1,30,,49402,25,,,1,445,,49403,25,,,1,53,,49404,25,,,1
500,'20260716',1052,,49416,25,,,1,407,,49417,25,,,1,144,,49412,25,0,9,1,52,,49418,25,,,1,85,,49415,25,,,1,70,,49413,25,,,1,15,,49414,25,,,1,30,,49419,25,,,1,445,,49420,25,,,1,53,,49421,25,,,1
500,'20260717',1052,,49433,25,,,1,407,,49434,25,,,1,144,,49429,25,0,9,1,52,,49435,25,,,1,85,,49432,25,,,1,70,,49430,25,,,1,15,,49431,25,,,1,30,,49436,25,,,1,445,,49437,25,,,1,53,,49438,25,,,1
500,'20260718',950,,49448,25,,,1,302,,49449,25,,,1,300,,49450,25,,,1,300,,49451,25,,,1,304,,49452,25,,,1,103,,49447,25,0,9,1,93,,49453,25,,,1
500,'20260719',950,,49463,25,,,1,302,,49464,25,,,1,300,,49465,25,,,1,300,,49466,25,,,1,304,,49467,25,,,1,103,,49462,25,0,9,1,93,,49468,25,,,1
500,'20260720',1052,,49480,25,,,1,407,,49481,25,,,1,144,,49476,25,0,9,1,52,,49482,25,,,1,85,,49479,25,,,1,70,,49477,25,,,1,15,,49478,25,,,1,30,,49483,25,,,1,445,,49484,25,,,1,53,,49485,25,,,1
500,'20260721',1052,,49497,25,,,1,407,,49498,25,,,1,144,,49493,25,0,9,1,52,,49499,25,,,1,85,,49496,25,,,1,70,,49494,25,,,1,15,,49495,25,,,1,30,,49500,25,,,1,445,,49501,25,,,1,53,,49502,25,,,1
500,'20260722',1052,,49514,25,,,1,407,,49515,25,,,1,144,,49510,25,0,9,1,52,,49516,25,,,1,85,,49513,25,,,1,70,,49511,25,,,1,15,,49512,25,,,1,30,,49517,25,,,1,445,,49518,25,,,1,53,,49519,25,,,1
500,'20260723',1052,,49531,25,,,1,407,,49532,25,,,1,144,,49527,25,0,9,1,52,,49533,25,,,1,85,,49530,25,,,1,70,,49528,25,,,1,15,,49529,25,,,1,30,,49534,25,,,1,445,,49535,25,,,1,53,,49536,25,,,1
500,'20260724',1052,,49548,25,,,1,407,,49549,25,,,1,144,,49544,25,0,9,1,52,,49550,25,,,1,85,,49547,25,,,1,70,,49545,25,,,1,15,,49546,25,,,1,30,,49551,25,,,1,445,,49552,25,,,1,53,,49553,25,,,1
500,'20260725',950,,49563,25,,,1,302,,49564,25,,,1,300,,49565,25,,,1,300,,49566,25,,,1,304,,49567,25,,,1,103,,49562,25,0,9,1,93,,49568,25,,,1
500,'20260726',950,,49578,25,,,1,302,,49579,25,,,1,300,,49580,25,,,1,300,,49581,25,,,1,304,,49582,25,,,1,103,,49577,25,0,9,1,93,,49583,25,,,1
500,'20260727',1052,,49595,25,,,1,407,,49596,25,,,1,144,,49591,25,0,9,1,52,,49597,25,,,1,85,,49594,25,,,1,70,,49592,25,,,1,15,,49593,25,,,1,30,,49598,25,,,1,445,,49599,25,,,1,53,,49600,25,,,1
500,'20260728',1052,,49612,25,,,1,407,,49613,25,,,1,144,,49608,25,0,9,1,52,,49614,25,,,1,85,,49611,25,,,1,70,,49609,25,,,1,15,,49610,25,,,1,30,,49615,25,,,1,445,,49616,25,,,1,53,,49617,25,,,1
500,'20260729',1052,,49629,25,,,1,407,,49630,25,,,1,144,,49625,25,0,9,1,52,,49631,25,,,1,85,,49628,25,,,1,70,,49626,25,,,1,15,,49627,25,,,1,30,,49632,25,,,1,445,,49633,25,,,1,53,,49634,25,,,1
500,'20260730',1052,,49646,25,,,1,407,,49647,25,,,1,144,,49642,25,0,9,1,52,,49648,25,,,1,85,,49645,25,,,1,70,,49643,25,,,1,15,,49644,25,,,1,30,,49649,25,,,1,445,,49650,25,,,1,53,,49651,25,,,1
500,'20260731',1052,,49663,25,,,1,407,,49664,25,,,1,144,,49659,25,0,9,1,52,,49665,25,,,1,85,,49662,25,,,1,70,,49660,25,,,1,15,,49661,25,,,1,30,,49666,25,,,1,445,,49667,25,,,1,53,,49668,25,,,1
500,'20260801',950,,49678,25,,,1,302,,49679,25,,,1,300,,49680,25,,,1,300,,49681,25,,,1,304,,49682,25,,,1,103,,49677,25,0,9,1,93,,49683,25,,,1
500,'20260802',950,,49693,25,,,1,302,,49694,25,,,1,300,,49695,25,,,1,300,,49696,25,,,1,304,,49697,25,,,1,103,,49692,25,0,9,1,93,,49698,25,,,1
500,'20260803',1052,,49710,25,,,1,407,,49711,25,,,1,144,,49706,25,0,9,1,52,,49712,25,,,1,85,,49709,25,,,1,70,,49707,25,,,1,15,,49708,25,,,1,30,,49713,25,,,1,445,,49714,25,,,1,53,,49715,25,,,1
500,'20260804',1052,,49727,25,,,1,407,,49728,25,,,1,144,,49723,25,0,9,1,52,,49729,25,,,1,85,,49726,25,,,1,70,,49724,25,,,1,15,,49725,25,,,1,30,,49730,25,,,1,445,,49731,25,,,1,53,,49732,25,,,1
500,'20260805',1052,,49744,25,,,1,407,,49745,25,,,1,144,,49740,25,0,9,1,52,,49746,25,,,1,85,,49743,25,,,1,70,,49741,25,,,1,15,,49742,25,,,1,30,,49747,25,,,1,445,,49748,25,,,1,53,,49749,25,,,1
500,'20260806',1052,,49761,25,,,1,407,,49762,25,,,1,144,,49757,25,0,9,1,52,,49763,25,,,1,85,,49760,25,,,1,70,,49758,25,,,1,15,,49759,25,,,1,30,,49764,25,,,1,445,,49765,25,,,1,53,,49766,25,,,1
500,'20260807',1052,,49778,25,,,1,407,,49779,25,,,1,144,,49774,25,0,9,1,52,,49780,25,,,1,85,,49777,25,,,1,70,,49775,25,,,1,15,,49776,25,,,1,30,,49781,25,,,1,445,,49782,25,,,1,53,,49783,25,,,1
500,'20260808',950,,49793,25,,,1,302,,49794,25,,,1,300,,49795,25,,,1,300,,49796,25,,,1,304,,49797,25,,,1,103,,49792,25,0,9,1,93,,49798,25,,,1
500,'20260809',950,,49808,25,,,1,302,,49809,25,,,1,300,,49810,25,,,1,300,,49811,25,,,1,304,,49812,25,,,1,103,,49807,25,0,9,1,93,,49813,25,,,1
500,'20260810',1052,,49825,25,,,1,407,,49826,25,,,1,144,,49821,25,0,9,1,52,,49827,25,,,1,85,,49824,25,,,1,70,,49822,25,,,1,15,,49823,25,,,1,30,,49828,25,,,1,445,,49829,25,,,1,53,,49830,25,,,1
500,'20260811',1052,,49842,25,,,1,407,,49843,25,,,1,144,,49838,25,0,9,1,52,,49844,25,,,1,85,,49841,25,,,1,70,,49839,25,,,1,15,,49840,25,,,1,30,,49845,25,,,1,445,,49846,25,,,1,53,,49847,25,,,1
500,'20260812',1052,,49859,25,,,1,407,,49860,25,,,1,144,,49855,25,0,9,1,52,,49861,25,,,1,85,,49858,25,,,1,70,,49856,25,,,1,15,,49857,25,,,1,30,,49862,25,,,1,445,,49863,25,,,1,53,,49864,25,,,1
500,'20260813',1052,,49876,25,,,1,407,,49877,25,,,1,144,,49872,25,0,9,1,52,,49878,25,,,1,85,,49875,25,,,1,70,,49873,25,,,1,15,,49874,25,,,1,30,,49879,25,,,1,445,,49880,25,,,1,53,,49881,25,,,1
500,'20260814',1052,,49893,25,,,1,407,,49894,25,,,1,144,,49889,25,0,9,1,52,,49895,25,,,1,85,,49892,25,,,1,70,,49890,25,,,1,15,,49891,25,,,1,30,,49896,25,,,1,445,,49897,25,,,1,53,,49898,25,,,1
500,'20260815',950,,49908,25,,,1,302,,49909,25,,,1,300,,49910,25,,,1,300,,49911,25,,,1,304,,49912,25,,,1,103,,49907,25,0,9,1,93,,49913,25,,,1
500,'20260816',950,,49923,25,,,1,302,,49924,25,,,1,300,,49925,25,,,1,300,,49926,25,,,1,304,,49927,25,,,1,103,,49922,25,0,9,1,93,,49928,25,,,1
500,'20260817',1052,,49940,25,,,1,407,,49941,25,,,1,144,,49936,25,0,9,1,52,,49942,25,,,1,85,,49939,25,,,1,70,,49937,25,,,1,15,,49938,25,,,1,30,,49943,25,,,1,445,,49944,25,,,1,53,,49945,25,,,1
500,'20260818',1052,,49957,25,,,1,407,,49958,25,,,1,144,,49953,25,0,9,1,52,,49959,25,,,1,85,,49956,25,,,1,70,,49954,25,,,1,15,,49955,25,,,1,30,,49960,25,,,1,445,,49961,25,,,1,53,,49962,25,,,1
500,'20260819',1052,,49974,25,,,1,407,,49975,25,,,1,144,,49970,25,0,9,1,52,,49976,25,,,1,85,,49973,25,,,1,70,,49971,25,,,1,15,,49972,25,,,1,30,,49977,25,,,1,445,,49978,25,,,1,53,,49979,25,,,1
500,'20260820',1052,,49991,25,,,1,407,,49992,25,,,1,144,,49987,25,0,9,1,52,,49993,25,,,1,85,,49990,25,,,1,70,,49988,25,,,1,15,,49989,25,,,1,30,,49994,25,,,1,445,,49995,25,,,1,53,,49996,25,,,1
500,'20260821',1052,,50008,25,,,1,407,,50009,25,,,1,144,,50004,25,0,9,1,52,,50010,25,,,1,85,,50007,25,,,1,70,,50005,25,,,1,15,,50006,25,,,1,30,,50011,25,,,1,445,,50012,25,,,1,53,,50013,25,,,1
500,'20260822',950,,50023,25,,,1,302,,50024,25,,,1,300,,50025,25,,,1,300,,50026,25,,,1,304,,50027,25,,,1,103,,50022,25,0,9,1,93,,50028,25,,,1
500,'20260823',950,,50038,25,,,1,302,,50039,25,,,1,300,,50040,25,,,1,300,,50041,25,,,1,304,,50042,25,,,1,103,,50037,25,0,9,1,93,,50043,25,,,1
500,'20260824',1052,,50055,25,,,1,407,,50056,25,,,1,144,,50051,25,0,9,1,52,,50057,25,,,1,85,,50054,25,,,1,70,,50052,25,,,1,15,,50053,25,,,1,30,,50058,25,,,1,445,,50059,25,,,1,53,,50060,25,,,1
500,'20260825',1052,,50072,25,,,1,407,,50073,25,,,1,144,,50068,25,0,9,1,52,,50074,25,,,1,85,,50071,25,,,1,70,,50069,25,,,1,15,,50070,25,,,1,30,,50075,25,,,1,445,,50076,25,,,1,53,,50077,25,,,1
500,'20260826',1052,,50089,25,,,1,407,,50090,25,,,1,144,,50085,25,0,9,1,52,,50091,25,,,1,85,,50088,25,,,1,70,,50086,25,,,1,15,,50087,25,,,1,30,,50092,25,,,1,445,,50093,25,,,1,53,,50094,25,,,1
500,'20260827',1052,,50106,25,,,1,407,,50107,25,,,1,144,,50102,25,0,9,1,52,,50108,25,,,1,85,,50105,25,,,1,70,,50103,25,,,1,15,,50104,25,,,1,30,,50109,25,,,1,445,,50110,25,,,1,53,,50111,25,,,1
500,'20260828',1052,,50123,25,,,1,407,,50124,25,,,1,144,,50119,25,0,9,1,52,,50125,25,,,1,85,,50122,25,,,1,70,,50120,25,,,1,15,,50121,25,,,1,30,,50126,25,,,1,445,,50127,25,,,1,53,,50128,25,,,1
500,'20260829',950,,50138,25,,,1,302,,50139,25,,,1,300,,50140,25,,,1,300,,50141,25,,,1,304,,50142,25,,,1,103,,50137,25,0,9,1,93,,50143,25,,,1
500,'20260830',950,,50153,25,,,1,302,,50154,25,,,1,300,,50155,25,,,1,300,,50156,25,,,1,304,,50157,25,,,1,103,,50152,25,0,9,1,93,,50158,25,,,1
500,'20260831',1052,,50170,25,,,1,407,,50171,25,,,1,144,,50166,25,0,9,1,52,,50172,25,,,1,85,,50169,25,,,1,70,,50167,25,,,1,15,,50168,25,,,1,30,,50173,25,,,1,445,,50174,25,,,1,53,,50175,25,,,1
500,'20260901',1052,,50187,25,,,1,407,,50188,25,,,1,144,,50183,25,0,9,1,52,,50189,25,,,1,85,,50186,25,,,1,70,,50184,25,,,1,15,,50185,25,,,1,30,,50190,25,,,1,445,,50191,25,,,1,53,,50192,25,,,1
500,'20260902',1052,,50204,25,,,1,407,,50205,25,,,1,144,,50200,25,0,9,1,52,,50206,25,,,1,85,,50203,25,,,1,70,,50201,25,,,1,15,,50202,25,,,1,30,,50207,25,,,1,445,,50208,25,,,1,53,,50209,25,,,1
500,'20260903',1052,,50221,25,,,1,407,,50222,25,,,1,144,,50217,25,0,9,1,52,,50223,25,,,1,85,,50220,25,,,1,70,,50218,25,,,1,15,,50219,25,,,1,30,,50224,25,,,1,445,,50225,25,,,1,53,,50226,25,,,1
500,'20260904',1052,,50238,25,,,1,407,,50239,25,,,1,144,,50234,25,0,9,1,52,,50240,25,,,1,85,,50237,25,,,1,70,,50235,25,,,1,15,,50236,25,,,1,30,,50241,25,,,1,445,,50242,25,,,1,53,,50243,25,,,1
501,'20260514',529,,25050,4,,,1,28,,25051,11,,,1,68,,25053,11,,,1,30,,25052,11,,,1,82,,25054,11,,,1,15,,25055,11,,,1,94,,25056,11,,,1,100,,25057,11,,,1,405,,25058,11,,,1,803,,25059,11,,,1
501,'20260515',529,,25067,4,,,1,28,,25068,11,,,1,70,,25070,11,,,1,30,,25069,11,,,1,80,,25071,11,,,1,15,,25072,11,,,1,94,,25073,11,,,1,100,,25074,11,,,1,407,,25075,11,,,1,801,,25076,11,,,1
501,'20260516',744,,25086,11,0,39 40,1,100,,25087,11,0,39 40,1,304,,25088,11,0,39 40,1,300,,25089,11,0,39 40,1,300,,25090,11,0,39 40,1,303,,25091,11,0,39 40,1
501,'20260517',744,,25101,11,0,39 40,1,100,,25102,11,0,39 40,1,304,,25103,11,0,39 40,1,300,,25104,11,0,39 40,1,300,,25105,11,0,39 40,1,303,,25106,11,0,39 40,1
501,'20260518',744,,25116,11,0,39 40,1,100,,25117,11,0,39 40,1,304,,25118,11,0,39 40,1,300,,25119,11,0,39 40,1,300,,25120,11,0,39 40,1,303,,25121,11,0,39 40,1
501,'20260519',529,,25129,4,,,1,28,,25130,11,,,1,70,,25132,11,,,1,30,,25131,11,,,1,80,,25133,11,,,1,15,,25134,11,,,1,94,,25135,11,,,1,100,,25136,11,,,1,406,,25137,11,,,1,801,,25138,11,,,1
501,'20260520',529,,25146,4,,,1,28,,25147,11,,,1,70,,25149,11,,,1,30,,25148,11,,,1,80,,25150,11,,,1,15,,25151,11,,,1,94,,25152,11,,,1,100,,25153,11,,,1,407,,25154,11,,,1,801,,25155,11,,,1
501,'20260521',529,,25163,4,,,1,28,,25164,11,,,1,70,,25166,11,,,1,30,,25165,11,,,1,80,,25167,11,,,1,15,,25168,11,,,1,94,,25169,11,,,1,100,,25170,11,,,1,407,,25171,11,,,1,801,,25172,11,,,1
501,'20260522',529,,25180,4,,,1,28,,25181,11,,,1,70,,25183,11,,,1,30,,25182,11,,,1,80,,25184,11,,,1,15,,25185,11,,,1,94,,25186,11,,,1,100,,25187,11,,,1,407,,25188,11,,,1,801,,25189,11,,,1
501,'20260525',529,,25227,4,,,1,28,,25228,11,,,1,70,,25230,11,,,1,30,,25229,11,,,1,80,,25231,11,,,1,15,,25232,11,,,1,94,,25233,11,,,1,98,,25234,11,,,1,408,,25235,11,,,1,802,,25236,11,,,1
501,'20260526',529,,25244,4,,,1,28,,25245,11,,,1,70,,25247,11,,,1,30,,25246,11,,,1,80,,25248,11,,,1,15,,25249,11,,,1,94,,25250,11,,,1,100,,25251,11,,,1,407,,25252,11,,,1,801,,25253,11,,,1
501,'20260527',529,,25261,4,,,1,28,,25262,11,,,1,70,,25264,11,,,1,30,,25263,11,,,1,80,,25265,11,,,1,15,,25266,11,,,1,94,,25267,11,,,1,100,,25268,11,,,1,407,,25269,11,,,1,801,,25270,11,,,1
501,'20260528',529,,25278,4,,,1,28,,25279,11,,,1,70,,25281,11,,,1,30,,25280,11,,,1,80,,25282,11,,,1,15,,25283,11,,,1,94,,25284,11,,,1,100,,25285,11,,,1,407,,25286,11,,,1,801,,25287,11,,,1
501,'20260529',529,,25295,4,,,1,28,,25296,11,,,1,70,,25298,11,,,1,30,,25297,11,,,1,80,,25299,11,,,1,15,,25300,11,,,1,94,,25301,11,,,1,100,,25302,11,,,1,407,,25303,11,,,1,801,,25304,11,,,1
501,'20260601',527,,25342,4,,,1,28,,25343,11,,,1,70,,25345,11,,,1,30,,25344,11,,,1,80,,25346,11,,,1,15,,25347,11,,,1,94,,25348,11,,,1,100,,25349,11,,,1,407,,25350,11,,,1,801,,25351,11,,,1
501,'20260602',529,,25359,4,,,1,28,,25360,11,,,1,70,,25362,11,,,1,30,,25361,11,,,1,80,,25363,11,,,1,15,,25364,11,,,1,94,,25365,11,,,1,100,,25366,11,,,1,407,,25367,11,,,1,801,,25368,11,,,1
501,'20260603',529,,25376,4,,,1,28,,25377,11,,,1,70,,25379,11,,,1,30,,25378,11,,,1,80,,25380,11,,,1,15,,25381,11,,,1,94,,25382,11,,,1,100,,25383,11,,,1,407,,25384,11,,,1,801,,25385,11,,,1
501,'20260604',529,,25393,4,,,1,28,,25394,11,,,1,70,,25396,11,,,1,30,,25395,11,,,1,80,,25397,11,,,1,15,,25398,11,,,1,94,,25399,11,,,1,100,,25400,11,,,1,407,,25401,11,,,1,801,,25402,11,,,1
501,'20260605',529,,25410,4,,,1,28,,25411,11,,,1,70,,25413,11,,,1,30,,25412,11,,,1,80,,25414,11,,,1,15,,25415,11,,,1,94,,25416,11,,,1,100,,25417,11,,,1,407,,25418,11,,,1,801,,25419,11,,,1
501,'20260606',744,,50255,11,,,1,100,,50256,11,,,1,304,,50257,11,,,1,300,,50258,11,,,1,300,,50259,11,,,1,303,,50260,11,,,1
501,'20260607',744,,50272,11,,,1,100,,50273,11,,,1,304,,50274,11,,,1,300,,50275,11,,,1,300,,50276,11,,,1,303,,50277,11,,,1
501,'20260608',529,,25457,4,,,1,28,,25458,11,,,1,70,,25460,11,,,1,30,,25459,11,,,1,80,,25461,11,,,1,15,,25462,11,,,1,94,,25463,11,,,1,100,,25464,11,,,1,407,,25465,11,,,1,801,,25466,11,,,1
501,'20260609',529,,25474,4,,,1,28,,25475,11,,,1,70,,25477,11,,,1,30,,25476,11,,,1,80,,25478,11,,,1,15,,25479,11,,,1,94,,25480,11,,,1,100,,25481,11,,,1,407,,25482,11,,,1,801,,25483,11,,,1
501,'20260610',529,,25491,4,,,1,28,,25492,11,,,1,70,,25494,11,,,1,30,,25493,11,,,1,80,,25495,11,,,1,15,,25496,11,,,1,94,,25497,11,,,1,100,,25498,11,,,1,407,,25499,11,,,1,801,,25500,11,,,1
501,'20260611',529,,25508,4,,,1,28,,25509,11,,,1,70,,25511,11,,,1,30,,25510,11,,,1,80,,25512,11,,,1,15,,25513,11,,,1,94,,25514,11,,,1,100,,25515,11,,,1,407,,25516,11,,,1,801,,25517,11,,,1
501,'20260612',529,,25525,4,,,1,28,,25526,11,,,1,70,,25528,11,,,1,30,,25527,11,,,1,80,,25529,11,,,1,15,,25530,11,,,1,94,,25531,11,,,1,100,,25532,11,,,1,407,,25533,11,,,1,801,,25534,11,,,1
501,'20260613',744,,50287,11,,,1,100,,50288,11,,,1,304,,50289,11,,,1,300,,50290,11,,,1,300,,50291,11,,,1,303,,50292,11,,,1
501,'20260614',744,,50302,11,,,1,100,,50303,11,,,1,304,,50304,11,,,1,300,,50305,11,,,1,300,,50306,11,,,1,303,,50307,11,,,1
501,'20260615',529,,50315,4,,,1,28,,50316,11,,,1,70,,50318,11,,,1,30,,50317,11,,,1,80,,50319,11,,,1,15,,50320,11,,,1,94,,50321,11,,,1,100,,50322,11,,,1,407,,50323,11,,,1,801,,50324,11,,,1
501,'20260616',529,,50332,4,,,1,28,,50333,11,,,1,70,,50335,11,,,1,30,,50334,11,,,1,80,,50336,11,,,1,15,,50337,11,,,1,94,,50338,11,,,1,100,,50339,11,,,1,407,,50340,11,,,1,801,,50341,11,,,1
501,'20260617',529,,50349,4,,,1,28,,50350,11,,,1,70,,50352,11,,,1,30,,50351,11,,,1,80,,50353,11,,,1,15,,50354,11,,,1,94,,50355,11,,,1,100,,50356,11,,,1,407,,50357,11,,,1,801,,50358,11,,,1
501,'20260618',529,,50366,4,,,1,28,,50367,11,,,1,70,,50369,11,,,1,30,,50368,11,,,1,80,,50370,11,,,1,15,,50371,11,,,1,94,,50372,11,,,1,100,,50373,11,,,1,407,,50374,11,,,1,801,,50375,11,,,1
501,'20260619',529,,50383,4,,,1,28,,50384,11,,,1,70,,50386,11,,,1,30,,50385,11,,,1,80,,50387,11,,,1,15,,50388,11,,,1,94,,50389,11,,,1,100,,50390,11,,,1,407,,50391,11,,,1,801,,50392,11,,,1
501,'20260620',744,,50402,11,,,1,100,,50403,11,,,1,304,,50404,11,,,1,300,,50405,11,,,1,300,,50406,11,,,1,303,,50407,11,,,1
501,'20260621',744,,50417,11,,,1,100,,50418,11,,,1,304,,50419,11,,,1,300,,50420,11,,,1,300,,50421,11,,,1,303,,50422,11,,,1
501,'20260622',529,,50430,4,,,1,28,,50431,11,,,1,70,,50433,11,,,1,30,,50432,11,,,1,80,,50434,11,,,1,15,,50435,11,,,1,94,,50436,11,,,1,100,,50437,11,,,1,407,,50438,11,,,1,801,,50439,11,,,1
501,'20260623',529,,50447,4,,,1,28,,50448,11,,,1,70,,50450,11,,,1,30,,50449,11,,,1,80,,50451,11,,,1,15,,50452,11,,,1,94,,50453,11,,,1,100,,50454,11,,,1,407,,50455,11,,,1,801,,50456,11,,,1
501,'20260624',529,,50464,4,,,1,28,,50465,11,,,1,70,,50467,11,,,1,30,,50466,11,,,1,80,,50468,11,,,1,15,,50469,11,,,1,94,,50470,11,,,1,100,,50471,11,,,1,407,,50472,11,,,1,801,,50473,11,,,1
501,'20260625',529,,50481,4,,,1,28,,50482,11,,,1,70,,50484,11,,,1,30,,50483,11,,,1,80,,50485,11,,,1,15,,50486,11,,,1,94,,50487,11,,,1,100,,50488,11,,,1,407,,50489,11,,,1,801,,50490,11,,,1
501,'20260626',529,,50498,4,,,1,28,,50499,11,,,1,70,,50501,11,,,1,30,,50500,11,,,1,80,,50502,11,,,1,15,,50503,11,,,1,94,,50504,11,,,1,100,,50505,11,,,1,407,,50506,11,,,1,801,,50507,11,,,1
501,'20260627',744,,50517,11,,,1,100,,50518,11,,,1,304,,50519,11,,,1,300,,50520,11,,,1,300,,50521,11,,,1,303,,50522,11,,,1
501,'20260628',744,,50532,11,,,1,100,,50533,11,,,1,304,,50534,11,,,1,300,,50535,11,,,1,300,,50536,11,,,1,303,,50537,11,,,1
501,'20260629',529,,50545,4,,,1,28,,50546,11,,,1,70,,50548,11,,,1,30,,50547,11,,,1,80,,50549,11,,,1,15,,50550,11,,,1,94,,50551,11,,,1,100,,50552,11,,,1,407,,50553,11,,,1,801,,50554,11,,,1
501,'20260630',529,,50562,4,,,1,28,,50563,11,,,1,70,,50565,11,,,1,30,,50564,11,,,1,80,,50566,11,,,1,15,,50567,11,,,1,94,,50568,11,,,1,100,,50569,11,,,1,407,,50570,11,,,1,801,,50571,11,,,1
501,'20260701',744,,50581,11,,,1,100,,50582,11,,,1,304,,50583,11,,,1,300,,50584,11,,,1,300,,50585,11,,,1,303,,50586,11,,,1
501,'20260702',529,,50594,4,,,1,28,,50595,11,,,1,70,,50597,11,,,1,30,,50596,11,,,1,80,,50598,11,,,1,15,,50599,11,,,1,94,,50600,11,,,1,100,,50601,11,,,1,407,,50602,11,,,1,801,,50603,11,,,1
501,'20260703',529,,50611,4,,,1,28,,50612,11,,,1,70,,50614,11,,,1,30,,50613,11,,,1,80,,50615,11,,,1,15,,50616,11,,,1,94,,50617,11,,,1,100,,50618,11,,,1,407,,50619,11,,,1,801,,50620,11,,,1
501,'20260704',744,,50630,11,,,1,100,,50631,11,,,1,304,,50632,11,,,1,300,,50633,11,,,1,300,,50634,11,,,1,303,,50635,11,,,1
501,'20260705',744,,50645,11,,,1,100,,50646,11,,,1,304,,50647,11,,,1,300,,50648,11,,,1,300,,50649,11,,,1,303,,50650,11,,,1
501,'20260706',529,,50658,4,,,1,28,,50659,11,,,1,70,,50661,11,,,1,30,,50660,11,,,1,80,,50662,11,,,1,15,,50663,11,,,1,94,,50664,11,,,1,100,,50665,11,,,1,407,,50666,11,,,1,801,,50667,11,,,1
501,'20260707',529,,50675,4,,,1,28,,50676,11,,,1,70,,50678,11,,,1,30,,50677,11,,,1,80,,50679,11,,,1,15,,50680,11,,,1,94,,50681,11,,,1,100,,50682,11,,,1,407,,50683,11,,,1,801,,50684,11,,,1
501,'20260708',529,,50692,4,,,1,28,,50693,11,,,1,70,,50695,11,,,1,30,,50694,11,,,1,80,,50696,11,,,1,15,,50697,11,,,1,94,,50698,11,,,1,100,,50699,11,,,1,407,,50700,11,,,1,801,,50701,11,,,1
501,'20260709',529,,50709,4,,,1,28,,50710,11,,,1,70,,50712,11,,,1,30,,50711,11,,,1,80,,50713,11,,,1,15,,50714,11,,,1,94,,50715,11,,,1,100,,50716,11,,,1,407,,50717,11,,,1,801,,50718,11,,,1
501,'20260710',529,,50726,4,,,1,28,,50727,11,,,1,70,,50729,11,,,1,30,,50728,11,,,1,80,,50730,11,,,1,15,,50731,11,,,1,94,,50732,11,,,1,100,,50733,11,,,1,407,,50734,11,,,1,801,,50735,11,,,1
501,'20260711',744,,50745,11,,,1,100,,50746,11,,,1,304,,50747,11,,,1,300,,50748,11,,,1,300,,50749,11,,,1,303,,50750,11,,,1
501,'20260712',744,,50760,11,,,1,100,,50761,11,,,1,304,,50762,11,,,1,300,,50763,11,,,1,300,,50764,11,,,1,303,,50765,11,,,1
501,'20260713',529,,50773,4,,,1,28,,50774,11,,,1,70,,50776,11,,,1,30,,50775,11,,,1,80,,50777,11,,,1,15,,50778,11,,,1,94,,50779,11,,,1,100,,50780,11,,,1,407,,50781,11,,,1,801,,50782,11,,,1
501,'20260714',529,,50790,4,,,1,28,,50791,11,,,1,70,,50793,11,,,1,30,,50792,11,,,1,80,,50794,11,,,1,15,,50795,11,,,1,94,,50796,11,,,1,100,,50797,11,,,1,407,,50798,11,,,1,801,,50799,11,,,1
501,'20260715',529,,50807,4,,,1,28,,50808,11,,,1,70,,50810,11,,,1,30,,50809,11,,,1,80,,50811,11,,,1,15,,50812,11,,,1,94,,50813,11,,,1,100,,50814,11,,,1,407,,50815,11,,,1,801,,50816,11,,,1
501,'20260716',529,,50824,4,,,1,28,,50825,11,,,1,70,,50827,11,,,1,30,,50826,11,,,1,80,,50828,11,,,1,15,,50829,11,,,1,94,,50830,11,,,1,100,,50831,11,,,1,407,,50832,11,,,1,801,,50833,11,,,1
501,'20260717',529,,50841,4,,,1,28,,50842,11,,,1,70,,50844,11,,,1,30,,50843,11,,,1,80,,50845,11,,,1,15,,50846,11,,,1,94,,50847,11,,,1,100,,50848,11,,,1,407,,50849,11,,,1,801,,50850,11,,,1
501,'20260718',744,,50860,11,,,1,100,,50861,11,,,1,304,,50862,11,,,1,300,,50863,11,,,1,300,,50864,11,,,1,303,,50865,11,,,1
501,'20260719',744,,50875,11,,,1,100,,50876,11,,,1,304,,50877,11,,,1,300,,50878,11,,,1,300,,50879,11,,,1,303,,50880,11,,,1
501,'20260720',529,,50888,4,,,1,28,,50889,11,,,1,70,,50891,11,,,1,30,,50890,11,,,1,80,,50892,11,,,1,15,,50893,11,,,1,94,,50894,11,,,1,100,,50895,11,,,1,407,,50896,11,,,1,801,,50897,11,,,1
501,'20260721',529,,50905,4,,,1,28,,50906,11,,,1,70,,50908,11,,,1,30,,50907,11,,,1,80,,50909,11,,,1,15,,50910,11,,,1,94,,50911,11,,,1,100,,50912,11,,,1,407,,50913,11,,,1,801,,50914,11,,,1
501,'20260722',529,,50922,4,,,1,28,,50923,11,,,1,70,,50925,11,,,1,30,,50924,11,,,1,80,,50926,11,,,1,15,,50927,11,,,1,94,,50928,11,,,1,100,,50929,11,,,1,407,,50930,11,,,1,801,,50931,11,,,1
501,'20260723',529,,50939,4,,,1,28,,50940,11,,,1,70,,50942,11,,,1,30,,50941,11,,,1,80,,50943,11,,,1,15,,50944,11,,,1,94,,50945,11,,,1,100,,50946,11,,,1,407,,50947,11,,,1,801,,50948,11,,,1
501,'20260724',529,,50956,4,,,1,28,,50957,11,,,1,70,,50959,11,,,1,30,,50958,11,,,1,80,,50960,11,,,1,15,,50961,11,,,1,94,,50962,11,,,1,100,,50963,11,,,1,407,,50964,11,,,1,801,,50965,11,,,1
501,'20260725',744,,50975,11,,,1,100,,50976,11,,,1,304,,50977,11,,,1,300,,50978,11,,,1,300,,50979,11,,,1,303,,50980,11,,,1
501,'20260726',744,,50990,11,,,1,100,,50991,11,,,1,304,,50992,11,,,1,300,,50993,11,,,1,300,,50994,11,,,1,303,,50995,11,,,1
501,'20260727',529,,51003,4,,,1,28,,51004,11,,,1,70,,51006,11,,,1,30,,51005,11,,,1,80,,51007,11,,,1,15,,51008,11,,,1,94,,51009,11,,,1,100,,51010,11,,,1,407,,51011,11,,,1,801,,51012,11,,,1
501,'20260728',529,,51020,4,,,1,28,,51021,11,,,1,70,,51023,11,,,1,30,,51022,11,,,1,80,,51024,11,,,1,15,,51025,11,,,1,94,,51026,11,,,1,100,,51027,11,,,1,407,,51028,11,,,1,801,,51029,11,,,1
501,'20260729',529,,51037,4,,,1,28,,51038,11,,,1,70,,51040,11,,,1,30,,51039,11,,,1,80,,51041,11,,,1,15,,51042,11,,,1,94,,51043,11,,,1,100,,51044,11,,,1,407,,51045,11,,,1,801,,51046,11,,,1
501,'20260730',529,,51054,4,,,1,28,,51055,11,,,1,70,,51057,11,,,1,30,,51056,11,,,1,80,,51058,11,,,1,15,,51059,11,,,1,94,,51060,11,,,1,100,,51061,11,,,1,407,,51062,11,,,1,801,,51063,11,,,1
501,'20260731',529,,51071,4,,,1,28,,51072,11,,,1,70,,51074,11,,,1,30,,51073,11,,,1,80,,51075,11,,,1,15,,51076,11,,,1,94,,51077,11,,,1,100,,51078,11,,,1,407,,51079,11,,,1,801,,51080,11,,,1
501,'20260801',744,,51090,11,,,1,100,,51091,11,,,1,304,,51092,11,,,1,300,,51093,11,,,1,300,,51094,11,,,1,303,,51095,11,,,1
501,'20260802',744,,51105,11,,,1,100,,51106,11,,,1,304,,51107,11,,,1,300,,51108,11,,,1,300,,51109,11,,,1,303,,51110,11,,,1
501,'20260803',529,,51118,4,,,1,28,,51119,11,,,1,70,,51121,11,,,1,30,,51120,11,,,1,80,,51122,11,,,1,15,,51123,11,,,1,94,,51124,11,,,1,100,,51125,11,,,1,407,,51126,11,,,1,801,,51127,11,,,1
501,'20260804',529,,51135,4,,,1,28,,51136,11,,,1,70,,51138,11,,,1,30,,51137,11,,,1,80,,51139,11,,,1,15,,51140,11,,,1,94,,51141,11,,,1,100,,51142,11,,,1,407,,51143,11,,,1,801,,51144,11,,,1
501,'20260805',529,,51152,4,,,1,28,,51153,11,,,1,70,,51155,11,,,1,30,,51154,11,,,1,80,,51156,11,,,1,15,,51157,11,,,1,94,,51158,11,,,1,100,,51159,11,,,1,407,,51160,11,,,1,801,,51161,11,,,1
501,'20260806',529,,51169,4,,,1,28,,51170,11,,,1,70,,51172,11,,,1,30,,51171,11,,,1,80,,51173,11,,,1,15,,51174,11,,,1,94,,51175,11,,,1,100,,51176,11,,,1,407,,51177,11,,,1,801,,51178,11,,,1
501,'20260807',529,,51186,4,,,1,28,,51187,11,,,1,70,,51189,11,,,1,30,,51188,11,,,1,80,,51190,11,,,1,15,,51191,11,,,1,94,,51192,11,,,1,100,,51193,11,,,1,407,,51194,11,,,1,801,,51195,11,,,1
501,'20260808',744,,51205,11,,,1,100,,51206,11,,,1,304,,51207,11,,,1,300,,51208,11,,,1,300,,51209,11,,,1,303,,51210,11,,,1
501,'20260809',744,,51220,11,,,1,100,,51221,11,,,1,304,,51222,11,,,1,300,,51223,11,,,1,300,,51224,11,,,1,303,,51225,11,,,1
501,'20260810',529,,51233,4,,,1,28,,51234,11,,,1,70,,51236,11,,,1,30,,51235,11,,,1,80,,51237,11,,,1,15,,51238,11,,,1,94,,51239,11,,,1,100,,51240,11,,,1,407,,51241,11,,,1,801,,51242,11,,,1
501,'20260811',529,,51250,4,,,1,28,,51251,11,,,1,70,,51253,11,,,1,30,,51252,11,,,1,80,,51254,11,,,1,15,,51255,11,,,1,94,,51256,11,,,1,100,,51257,11,,,1,407,,51258,11,,,1,801,,51259,11,,,1
501,'20260812',529,,51267,4,,,1,28,,51268,11,,,1,70,,51270,11,,,1,30,,51269,11,,,1,80,,51271,11,,,1,15,,51272,11,,,1,94,,51273,11,,,1,100,,51274,11,,,1,407,,51275,11,,,1,801,,51276,11,,,1
501,'20260813',529,,51284,4,,,1,28,,51285,11,,,1,70,,51287,11,,,1,30,,51286,11,,,1,80,,51288,11,,,1,15,,51289,11,,,1,94,,51290,11,,,1,100,,51291,11,,,1,407,,51292,11,,,1,801,,51293,11,,,1
501,'20260814',529,,51301,4,,,1,28,,51302,11,,,1,70,,51304,11,,,1,30,,51303,11,,,1,80,,51305,11,,,1,15,,51306,11,,,1,94,,51307,11,,,1,100,,51308,11,,,1,407,,51309,11,,,1,801,,51310,11,,,1
501,'20260815',744,,51320,11,,,1,100,,51321,11,,,1,304,,51322,11,,,1,300,,51323,11,,,1,300,,51324,11,,,1,303,,51325,11,,,1
501,'20260816',744,,51335,11,,,1,100,,51336,11,,,1,304,,51337,11,,,1,300,,51338,11,,,1,300,,51339,11,,,1,303,,51340,11,,,1
501,'20260817',529,,51348,4,,,1,28,,51349,11,,,1,70,,51351,11,,,1,30,,51350,11,,,1,80,,51352,11,,,1,15,,51353,11,,,1,94,,51354,11,,,1,100,,51355,11,,,1,407,,51356,11,,,1,801,,51357,11,,,1
501,'20260818',529,,51365,4,,,1,28,,51366,11,,,1,70,,51368,11,,,1,30,,51367,11,,,1,80,,51369,11,,,1,15,,51370,11,,,1,94,,51371,11,,,1,100,,51372,11,,,1,407,,51373,11,,,1,801,,51374,11,,,1
501,'20260819',529,,51382,4,,,1,28,,51383,11,,,1,70,,51385,11,,,1,30,,51384,11,,,1,80,,51386,11,,,1,15,,51387,11,,,1,94,,51388,11,,,1,100,,51389,11,,,1,407,,51390,11,,,1,801,,51391,11,,,1
501,'20260820',529,,51399,4,,,1,28,,51400,11,,,1,70,,51402,11,,,1,30,,51401,11,,,1,80,,51403,11,,,1,15,,51404,11,,,1,94,,51405,11,,,1,100,,51406,11,,,1,407,,51407,11,,,1,801,,51408,11,,,1
501,'20260821',529,,51416,4,,,1,28,,51417,11,,,1,70,,51419,11,,,1,30,,51418,11,,,1,80,,51420,11,,,1,15,,51421,11,,,1,94,,51422,11,,,1,100,,51423,11,,,1,407,,51424,11,,,1,801,,51425,11,,,1
501,'20260822',744,,51435,11,,,1,100,,51436,11,,,1,304,,51437,11,,,1,300,,51438,11,,,1,300,,51439,11,,,1,303,,51440,11,,,1
501,'20260823',744,,51450,11,,,1,100,,51451,11,,,1,304,,51452,11,,,1,300,,51453,11,,,1,300,,51454,11,,,1,303,,51455,11,,,1
501,'20260824',529,,51463,4,,,1,28,,51464,11,,,1,70,,51466,11,,,1,30,,51465,11,,,1,80,,51467,11,,,1,15,,51468,11,,,1,94,,51469,11,,,1,100,,51470,11,,,1,407,,51471,11,,,1,801,,51472,11,,,1
501,'20260825',529,,51480,4,,,1,28,,51481,11,,,1,70,,51483,11,,,1,30,,51482,11,,,1,80,,51484,11,,,1,15,,51485,11,,,1,94,,51486,11,,,1,100,,51487,11,,,1,407,,51488,11,,,1,801,,51489,11,,,1
501,'20260826',529,,51497,4,,,1,28,,51498,11,,,1,70,,51500,11,,,1,30,,51499,11,,,1,80,,51501,11,,,1,15,,51502,11,,,1,94,,51503,11,,,1,100,,51504,11,,,1,407,,51505,11,,,1,801,,51506,11,,,1
501,'20260827',529,,51514,4,,,1,28,,51515,11,,,1,70,,51517,11,,,1,30,,51516,11,,,1,80,,51518,11,,,1,15,,51519,11,,,1,94,,51520,11,,,1,100,,51521,11,,,1,407,,51522,11,,,1,801,,51523,11,,,1
501,'20260828',529,,51531,4,,,1,28,,51532,11,,,1,70,,51534,11,,,1,30,,51533,11,,,1,80,,51535,11,,,1,15,,51536,11,,,1,94,,51537,11,,,1,100,,51538,11,,,1,407,,51539,11,,,1,801,,51540,11,,,1
501,'20260829',744,,51550,11,,,1,100,,51551,11,,,1,304,,51552,11,,,1,300,,51553,11,,,1,300,,51554,11,,,1,303,,51555,11,,,1
501,'20260830',744,,51565,11,,,1,100,,51566,11,,,1,304,,51567,11,,,1,300,,51568,11,,,1,300,,51569,11,,,1,303,,51570,11,,,1
501,'20260831',529,,51578,4,,,1,28,,51579,11,,,1,70,,51581,11,,,1,30,,51580,11,,,1,80,,51582,11,,,1,15,,51583,11,,,1,94,,51584,11,,,1,100,,51585,11,,,1,407,,51586,11,,,1,801,,51587,11,,,1
501,'20260901',529,,51595,4,,,1,28,,51596,11,,,1,70,,51598,11,,,1,30,,51597,11,,,1,80,,51599,11,,,1,15,,51600,11,,,1,94,,51601,11,,,1,100,,51602,11,,,1,407,,51603,11,,,1,801,,51604,11,,,1
501,'20260902',529,,51612,4,,,1,28,,51613,11,,,1,70,,51615,11,,,1,30,,51614,11,,,1,80,,51616,11,,,1,15,,51617,11,,,1,94,,51618,11,,,1,100,,51619,11,,,1,407,,51620,11,,,1,801,,51621,11,,,1
501,'20260903',529,,51629,4,,,1,28,,51630,11,,,1,70,,51632,11,,,1,30,,51631,11,,,1,80,,51633,11,,,1,15,,51634,11,,,1,94,,51635,11,,,1,100,,51636,11,,,1,407,,51637,11,,,1,801,,51638,11,,,1
501,'20260904',529,,51646,4,,,1,28,,51647,11,,,1,70,,51649,11,,,1,30,,51648,11,,,1,80,,51650,11,,,1,15,,51651,11,,,1,94,,51652,11,,,1,100,,51653,11,,,1,407,,51654,11,,,1,801,,51655,11,,,1
