300,'20260716',1026,,44053,40,4,,1,100,,44048,42,4,,1,300,,44049,42,4,,1,300,,44050,42,4,,1,79,,44045,42,4,,1,32,,63778,42,,,1,69,,44046,42,4,,1,31,,44055,42,4,,1,67,,44047,42,4,,1,322,,44051,42,4,,1,100,,44052,42,4,,1
300,'20260717',1026,,44093,40,4,,1,100,,44088,42,4,,1,300,,44089,42,4,,1,300,,44090,42,4,,1,79,,44085,42,4,,1,32,,63779,42,,,1,69,,44086,42,4,,1,31,,44095,42,4,,1,67,,44087,42,4,,1,322,,44091,42,4,,1,100,,44092,42,4,,1
300,'20260718',1025,,63780,40,,,1,813,,44119,42,4,,1,600,,44120,42,4,,1
300,'20260719',1025,,63781,40,,,1,813,,44144,42,4,,1,600,,44145,42,4,,1
300,'20260720',1026,,44183,40,4,,1,100,,44178,42,4,,1,300,,44179,42,4,,1,300,,44180,42,4,,1,79,,44175,42,4,,1,32,,63782,42,,,1,69,,44176,42,4,,1,31,,44185,42,4,,1,67,,44177,42,4,,1,322,,44181,42,4,,1,100,,44182,42,4,,1
300,'20260721',1026,,44223,40,4,,1,100,,44218,42,4,,1,300,,44219,42,4,,1,300,,44220,42,4,,1,79,,44215,42,4,,1,32,,63783,42,,,1,69,,44216,42,4,,1,31,,44225,42,4,,1,67,,44217,42,4,,1,322,,44221,42,4,,1,100,,44222,42,4,,1
300,'20260722',1026,,44263,40,4,,1,100,,44258,42,4,,1,300,,44259,42,4,,1,300,,44260,42,4,,1,79,,44255,42,4,,1,32,,63784,42,,,1,69,,44256,42,4,,1,31,,44265,42,4,,1,67,,44257,42,4,,1,322,,44261,42,4,,1,100,,44262,42,4,,1
300,'20260723',1026,,44303,40,4,,1,100,,44298,42,4,,1,300,,44299,42,4,,1,300,,44300,42,4,,1,79,,44295,42,4,,1,32,,63785,42,,,1,69,,44296,42,4,,1,31,,44305,42,4,,1,67,,44297,42,4,,1,322,,44301,42,4,,1,100,,44302,42,4,,1
300,'20260724',1026,,44343,40,4,,1,100,,44338,42,4,,1,300,,44339,42,4,,1,300,,44340,42,4,,1,79,,44335,42,4,,1,32,,63786,42,,,1,69,,44336,42,4,,1,31,,44345,42,4,,1,67,,44337,42,4,,1,427,,44342,42,4,,1
300,'20260727',1031,,44433,40,4,,1,100,,44428,42,4,,1,300,,44429,42,4,,1,300,,44430,42,4,,1,79,,44425,42,4,,1,32,,63789,42,,,1,69,,44426,42,4,,1,31,,44435,42,4,,1,67,,44427,42,4,,1,322,,44431,42,4,,1,100,,44432,42,4,,1
300,'20260728',1031,,44473,40,4,,1,100,,44468,42,4,,1,300,,44469,42,4,,1,300,,44470,42,4,,1,79,,44465,42,4,,1,32,,63790,42,,,1,69,,44466,42,4,,1,31,,44475,42,4,,1,67,,44467,42,4,,1,322,,44471,42,4,,1,100,,44472,42,4,,1
300,'20260729',1026,,44513,40,4,,1,100,,44508,42,4,,1,300,,44509,42,4,,1,300,,44510,42,4,,1,79,,44505,42,4,,1,32,,63791,42,,,1,69,,44506,42,4,,1,31,,44515,42,4,,1,67,,44507,42,4,,1,322,,44511,42,4,,1,100,,44512,42,4,,1
300,'20260730',1026,,44553,40,4,,1,100,,44548,42,4,,1,300,,44549,42,4,,1,300,,44550,42,4,,1,79,,44545,42,4,,1,32,,63792,42,,,1,69,,44546,42,4,,1,31,,44555,42,4,,1,67,,44547,42,4,,1,322,,44551,42,4,,1,100,,44552,42,4,,1
300,'20260731',1026,,44593,40,4,,1,100,,44588,42,4,,1,300,,44589,42,4,,1,300,,44590,42,4,,1,79,,44585,42,4,,1,32,,63793,42,,,1,69,,44586,42,4,,1,31,,44595,42,4,,1,67,,44587,42,4,,1,322,,44591,42,4,,1,100,,44592,42,4,,1
300,'20260801',1025,,63794,40,,,1,813,,44619,42,4,,1,600,,44620,42,4,,1
300,'20260802',1025,,63795,40,,,1,813,,44644,42,4,,1,600,,44645,42,4,,1
300,'20260803',1025,,64171,40,,,1,813,,64170,42,4,,1,600,,44682,42,4,,1
300,'20260804',1026,,44723,40,4,,1,100,,44718,42,4,,1,300,,44719,42,4,,1,300,,44720,42,4,,1,79,,44715,42,4,,1,32,,63797,42,,,1,69,,44716,42,4,,1,31,,44725,42,4,,1,67,,44717,42,4,,1,322,,44721,42,4,,1,100,,44722,42,4,,1
300,'20260805',1026,,44763,40,4,,1,100,,44758,42,4,,1,300,,44759,42,4,,1,300,,44760,42,4,,1,79,,44755,42,4,,1,32,,63798,42,,,1,69,,44756,42,4,,1,31,,44765,42,4,,1,67,,44757,42,4,,1,322,,44761,42,4,,1,100,,44762,42,4,,1
300,'20260806',1026,,44803,40,4,,1,100,,44798,42,4,,1,300,,44799,42,4,,1,300,,44800,42,4,,1,79,,44795,42,4,,1,32,,63799,42,,,1,69,,44796,42,4,,1,31,,44805,42,4,,1,67,,44797,42,4,,1,322,,44801,42,4,,1,100,,44802,42,4,,1
300,'20260807',1026,,44843,40,4,,1,100,,44838,42,4,,1,300,,44839,42,4,,1,300,,44840,42,4,,1,79,,44835,42,4,,1,32,,63800,42,,,1,69,,44836,42,4,,1,31,,44845,42,4,,1,67,,44837,42,4,,1,322,,44841,42,4,,1,100,,44842,42,4,,1
300,'20260808',1025,,63801,40,,,1,813,,44869,42,4,,1,600,,44870,42,4,,1
300,'20260809',1025,,63802,40,,,1,813,,44894,42,4,,1,600,,44895,42,4,,1
300,'20260810',1026,,64903,40,4,,1,100,,64899,42,4,,1,300,,64900,42,4,,1,300,,64901,42,4,,1,79,,64896,42,4,,1,32,,64905,42,,,1,69,,64897,42,4,,1,31,,64904,42,4,,1,67,,64898,42,4,,1,322,,64902,42,4,,1,100,,44932,42,4,,1
300,'20260811',1026,,44973,40,4,,1,100,,44968,42,4,,1,300,,44969,42,4,,1,300,,44970,42,4,,1,79,,44965,42,4,,1,32,,63804,42,,,1,69,,44966,42,4,,1,31,,44975,42,4,,1,67,,44967,42,4,,1,322,,44971,42,4,,1,100,,44972,42,4,,1
300,'20260812',1026,,45013,40,4,,1,100,,45008,42,4,,1,300,,45009,42,4,,1,300,,45010,42,4,,1,79,,45005,42,4,,1,32,,63805,42,,,1,69,,45006,42,4,,1,31,,45015,42,4,,1,67,,45007,42,4,,1,322,,45011,42,4,,1,100,,45012,42,4,,1
300,'20260813',1026,,45053,40,4,,1,100,,45048,42,4,,1,300,,45049,42,4,,1,300,,45050,42,4,,1,79,,45045,42,4,,1,32,,63806,42,,,1,69,,45046,42,4,,1,31,,45055,42,4,,1,67,,45047,42,4,,1,322,,45051,42,4,,1,100,,45052,42,4,,1
300,'20260814',1026,,45093,40,4,,1,100,,45088,42,4,,1,300,,45089,42,4,,1,300,,45090,42,4,,1,79,,45085,42,4,,1,32,,63807,42,,,1,69,,45086,42,4,,1,31,,45095,42,4,,1,67,,45087,42,4,,1,322,,45091,42,4,,1,100,,45092,42,4,,1
300,'20260815',1025,,63808,40,,,1,813,,45119,42,4,,1,600,,45120,42,4,,1
300,'20260816',1025,,63809,40,,,1,813,,45144,42,4,,1,600,,45145,42,4,,1
300,'20260817',1026,,64934,40,4,,1,100,,64930,42,4,,1,300,,64931,42,4,,1,300,,64932,42,4,,1,79,,64927,42,4,,1,32,,64936,42,,,1,69,,64928,42,4,,1,31,,64935,42,4,,1,67,,64929,42,4,,1,322,,64933,42,4,,1,100,,45182,42,4,,1
300,'20260818',1026,,45223,40,4,,1,100,,45218,42,4,,1,300,,45219,42,4,,1,300,,45220,42,4,,1,79,,45215,42,4,,1,32,,63811,42,,,1,69,,45216,42,4,,1,31,,45225,42,4,,1,67,,45217,42,4,,1,322,,45221,42,4,,1,100,,45222,42,4,,1
300,'20260819',1026,,45263,40,4,,1,100,,45258,42,4,,1,300,,45259,42,4,,1,300,,45260,42,4,,1,79,,45255,42,4,,1,32,,63812,42,,,1,69,,45256,42,4,,1,31,,45265,42,4,,1,67,,45257,42,4,,1,322,,45261,42,4,,1,100,,45262,42,4,,1
300,'20260820',1026,,45303,40,4,,1,100,,45298,42,4,,1,300,,45299,42,4,,1,300,,45300,42,4,,1,79,,45295,42,4,,1,32,,63813,42,,,1,69,,45296,42,4,,1,31,,45305,42,4,,1,67,,45297,42,4,,1,322,,45301,42,4,,1,100,,45302,42,4,,1
300,'20260821',1026,,45343,40,4,,1,100,,45338,42,4,,1,300,,45339,42,4,,1,300,,45340,42,4,,1,79,,45335,42,4,,1,32,,63814,42,,,1,69,,45336,42,4,,1,31,,45345,42,4,,1,67,,45337,42,4,,1,322,,45341,42,4,,1,100,,45342,42,4,,1
300,'20260822',1025,,63815,40,,,1,813,,45369,42,4,,1,600,,45370,42,4,,1
300,'20260823',1025,,63816,40,,,1,813,,45394,42,4,,1,600,,45395,42,4,,1
300,'20260824',1026,,64965,40,4,,1,100,,64961,42,4,,1,300,,64962,42,4,,1,300,,64963,42,4,,1,79,,64958,42,4,,1,32,,64967,42,,,1,69,,64959,42,4,,1,31,,64966,42,4,,1,67,,64960,42,4,,1,322,,64964,42,4,,1,100,,45432,42,4,,1
300,'20260825',1026,,45473,40,4,,1,100,,45468,42,4,,1,300,,45469,42,4,,1,300,,45470,42,4,,1,79,,45465,42,4,,1,32,,63818,42,,,1,69,,45466,42,4,,1,31,,45475,42,4,,1,67,,45467,42,4,,1,322,,45471,42,4,,1,100,,45472,42,4,,1
300,'20260826',1026,,45513,40,4,,1,100,,45508,42,4,,1,300,,45509,42,4,,1,300,,45510,42,4,,1,79,,45505,42,4,,1,32,,63819,42,,,1,69,,45506,42,4,,1,31,,45515,42,4,,1,67,,45507,42,4,,1,322,,45511,42,4,,1,100,,45512,42,4,,1
300,'20260827',1026,,45553,40,4,,1,100,,45548,42,4,,1,300,,45549,42,4,,1,300,,45550,42,4,,1,79,,45545,42,4,,1,32,,63820,42,,,1,69,,45546,42,4,,1,31,,45555,42,4,,1,67,,45547,42,4,,1,322,,45551,42,4,,1,100,,45552,42,4,,1
300,'20260828',1026,,45593,40,4,,1,100,,45588,42,4,,1,300,,45589,42,4,,1,300,,45590,42,4,,1,79,,45585,42,4,,1,32,,63821,42,,,1,69,,45586,42,4,,1,31,,45595,42,4,,1,67,,45587,42,4,,1,322,,45591,42,4,,1,100,,45592,42,4,,1
300,'20260829',1025,,63822,40,,,1,813,,45619,42,4,,1,600,,45620,42,4,,1
300,'20260830',1025,,63823,40,,,1,813,,45644,42,4,,1,600,,45645,42,4,,1
300,'20260831',1026,,64996,40,4,,1,100,,64992,42,4,,1,300,,64993,42,4,,1,300,,64994,42,4,,1,79,,64989,42,4,,1,32,,64998,42,,,1,69,,64990,42,4,,1,31,,64997,42,4,,1,67,,64991,42,4,,1,322,,64995,42,4,,1,100,,45682,42,4,,1
300,'20260901',1026,,45723,40,4,,1,100,,45718,42,4,,1,300,,45719,42,4,,1,300,,45720,42,4,,1,79,,45715,42,4,,1,32,,63825,42,,,1,69,,45716,42,4,,1,31,,45725,42,4,,1,67,,45717,42,4,,1,322,,45721,42,4,,1,100,,45722,42,4,,1
300,'20260902',1026,,45763,40,4,,1,100,,45758,42,4,,1,300,,45759,42,4,,1,300,,45760,42,4,,1,79,,45755,42,4,,1,32,,63826,42,,,1,69,,45756,42,4,,1,31,,45765,42,4,,1,67,,45757,42,4,,1,322,,45761,42,4,,1,100,,45762,42,4,,1
300,'20260903',1026,,45803,40,4,,1,100,,45798,42,4,,1,300,,45799,42,4,,1,300,,45800,42,4,,1,79,,45795,42,4,,1,32,,63827,42,,,1,69,,45796,42,4,,1,31,,45805,42,4,,1,67,,45797,42,4,,1,322,,45801,42,4,,1,100,,45802,42,4,,1
300,'20260904',1026,,45843,40,4,,1,100,,45838,42,4,,1,300,,45839,42,4,,1,300,,45840,42,4,,1,79,,45835,42,4,,1,32,,63828,42,,,1,69,,45836,42,4,,1,31,,45845,42,4,,1,67,,45837,42,4,,1,322,,45841,42,4,,1,100,,45842,42,4,,1
301,'20260716',515,,47030,1,,,1,92,,47037,1,,,1,31,,47031,1,,,1,71,,63839,10,,,1,29,,47032,1,,,1,70,,47039,1,,,1,28,,47040,1,,,1,312,,47034,1,,,1,300,,47035,1,,,1,95,,47033,1,,,1,505,,47036,1,,,1
301,'20260717',515,,47070,1,,,1,92,,47077,1,,,1,31,,47071,1,,,1,71,,63840,10,,,1,29,,47072,1,,,1,70,,47079,1,,,1,28,,47080,1,,,1,312,,47074,1,,,1,300,,47075,1,,,1,95,,47073,1,,,1,505,,47076,1,,,1
301,'20260718',750,,47104,1,,,1,800,,47105,1,,,1,354,,63841,10,,,1
301,'20260719',750,,47129,1,,,1,800,,47130,1,,,1,354,,63842,10,,,1
301,'20260720',515,,47160,1,,,1,92,,47167,1,,,1,31,,47161,1,,,1,71,,63843,10,,,1,29,,47162,1,,,1,70,,47169,1,,,1,28,,47170,1,,,1,312,,47164,1,,,1,300,,47165,1,,,1,95,,47163,1,,,1,505,,47166,1,,,1
301,'20260721',515,,47200,1,,,1,92,,47207,1,,,1,31,,47201,1,,,1,71,,63844,10,,,1,29,,47202,1,,,1,70,,47209,1,,,1,28,,47210,1,,,1,312,,47204,1,,,1,300,,47205,1,,,1,95,,47203,1,,,1,505,,47206,1,,,1
301,'20260722',515,,47240,1,,,1,92,,47247,1,,,1,31,,47241,1,,,1,71,,63845,10,,,1,29,,47242,1,,,1,70,,47249,1,,,1,28,,47250,1,,,1,312,,47244,1,,,1,300,,47245,1,,,1,95,,47243,1,,,1,505,,47246,1,,,1
301,'20260723',515,,47280,1,,,1,92,,47287,1,,,1,31,,47281,1,,,1,71,,63846,10,,,1,29,,47282,1,,,1,70,,47289,1,,,1,28,,47290,1,,,1,312,,47284,1,,,1,300,,47285,1,,,1,95,,47283,1,,,1,505,,47286,1,,,1
301,'20260724',515,,47320,1,,,1,92,,47327,1,,,1,31,,47321,1,,,1,71,,63847,10,,,1,29,,47322,1,,,1,70,,47329,1,,,1,28,,47330,1,,,1,312,,47324,1,,,1,300,,47325,1,,,1,95,,47323,1,,,1,505,,47326,1,,,1
301,'20260727',510,,47410,1,,,1,92,,47417,1,,,1,31,,47411,1,,,1,71,,63850,10,,,1,29,,47412,1,,,1,70,,47419,1,,,1,28,,47420,1,,,1,312,,47414,1,,,1,300,,47415,1,,,1,95,,47413,1,,,1,505,,47416,1,,,1
301,'20260728',510,,47450,1,,,1,92,,47457,1,,,1,31,,47451,1,,,1,71,,63851,10,,,1,29,,47452,1,,,1,70,,47459,1,,,1,28,,47460,1,,,1,312,,47454,1,,,1,300,,47455,1,,,1,95,,47453,1,,,1,505,,47456,1,,,1
301,'20260729',515,,47490,1,,,1,92,,47497,1,,,1,31,,47491,1,,,1,71,,63852,10,,,1,29,,47492,1,,,1,70,,47499,1,,,1,28,,47500,1,,,1,312,,47494,1,,,1,300,,47495,1,,,1,95,,47493,1,,,1,505,,47496,1,,,1
301,'20260730',515,,47530,1,,,1,92,,47537,1,,,1,31,,47531,1,,,1,71,,63853,10,,,1,29,,47532,1,,,1,70,,47539,1,,,1,28,,47540,1,,,1,312,,47534,1,,,1,300,,47535,1,,,1,95,,47533,1,,,1,505,,47536,1,,,1
301,'20260731',515,,47570,1,,,1,92,,47577,1,,,1,31,,47571,1,,,1,71,,63854,10,,,1,29,,47572,1,,,1,70,,47579,1,,,1,28,,47580,1,,,1,312,,47574,1,,,1,300,,47575,1,,,1,95,,47573,1,,,1,505,,47576,1,,,1
301,'20260801',750,,47604,1,,,1,800,,47605,1,,,1,354,,63855,10,,,1
301,'20260802',750,,47629,1,,,1,800,,47630,1,,,1,354,,63856,10,,,1
301,'20260803',750,,64255,1,,,1,800,,64256,1,,,1,354,,64257,10,,,1
301,'20260804',515,,47700,1,,,1,92,,47707,1,,,1,31,,47701,1,,,1,71,,63858,10,,,1,29,,47702,1,,,1,70,,47709,1,,,1,28,,47710,1,,,1,312,,47704,1,,,1,300,,47705,1,,,1,95,,47703,1,,,1,505,,47706,1,,,1
301,'20260805',515,,47740,1,,,1,92,,47747,1,,,1,31,,47741,1,,,1,71,,63859,10,,,1,29,,47742,1,,,1,70,,47749,1,,,1,28,,47750,1,,,1,312,,47744,1,,,1,300,,47745,1,,,1,95,,47743,1,,,1,505,,47746,1,,,1
301,'20260806',515,,47780,1,,,1,92,,47787,1,,,1,31,,47781,1,,,1,71,,63860,10,,,1,29,,47782,1,,,1,70,,47789,1,,,1,28,,47790,1,,,1,312,,47784,1,,,1,300,,47785,1,,,1,95,,47783,1,,,1,505,,47786,1,,,1
301,'20260807',515,,47820,1,,,1,92,,47827,1,,,1,31,,47821,1,,,1,71,,63861,10,,,1,29,,47822,1,,,1,70,,47829,1,,,1,28,,47830,1,,,1,312,,47824,1,,,1,300,,47825,1,,,1,95,,47823,1,,,1,505,,47826,1,,,1
301,'20260808',750,,47854,1,,,1,800,,47855,1,,,1,354,,63862,10,,,1
301,'20260809',750,,47879,1,,,1,800,,47880,1,,,1,354,,63863,10,,,1
301,'20260810',515,,65020,1,,,1,92,,65027,1,,,1,31,,65021,1,,,1,71,,65030,10,,,1,29,,65022,1,,,1,70,,65028,1,,,1,28,,65029,1,,,1,312,,65024,1,,,1,300,,65025,1,,,1,95,,65023,1,,,1,505,,65026,1,,,1
301,'20260811',515,,47950,1,,,1,92,,47957,1,,,1,31,,47951,1,,,1,71,,63865,10,,,1,29,,47952,1,,,1,70,,47959,1,,,1,28,,47960,1,,,1,312,,47954,1,,,1,300,,47955,1,,,1,95,,47953,1,,,1,505,,47956,1,,,1
301,'20260812',515,,47990,1,,,1,92,,47997,1,,,1,31,,47991,1,,,1,71,,63866,10,,,1,29,,47992,1,,,1,70,,47999,1,,,1,28,,48000,1,,,1,312,,47994,1,,,1,300,,47995,1,,,1,95,,47993,1,,,1,505,,47996,1,,,1
301,'20260813',515,,48030,1,,,1,92,,48037,1,,,1,31,,48031,1,,,1,71,,63867,10,,,1,29,,48032,1,,,1,70,,48039,1,,,1,28,,48040,1,,,1,312,,48034,1,,,1,300,,48035,1,,,1,95,,48033,1,,,1,505,,48036,1,,,1
301,'20260814',515,,48070,1,,,1,92,,48077,1,,,1,31,,48071,1,,,1,71,,63868,10,,,1,29,,48072,1,,,1,70,,48079,1,,,1,28,,48080,1,,,1,312,,48074,1,,,1,300,,48075,1,,,1,95,,48073,1,,,1,505,,48076,1,,,1
301,'20260815',750,,48104,1,,,1,800,,48105,1,,,1,354,,63869,10,,,1
301,'20260816',750,,48129,1,,,1,800,,48130,1,,,1,354,,63870,10,,,1
301,'20260817',515,,65052,1,,,1,92,,65059,1,,,1,31,,65053,1,,,1,71,,65062,10,,,1,29,,65054,1,,,1,70,,65060,1,,,1,28,,65061,1,,,1,312,,65056,1,,,1,300,,65057,1,,,1,95,,65055,1,,,1,505,,65058,1,,,1
301,'20260818',515,,48200,1,,,1,92,,48207,1,,,1,31,,48201,1,,,1,71,,63872,10,,,1,29,,48202,1,,,1,70,,48209,1,,,1,28,,48210,1,,,1,312,,48204,1,,,1,300,,48205,1,,,1,95,,48203,1,,,1,505,,48206,1,,,1
301,'20260819',515,,48240,1,,,1,92,,48247,1,,,1,31,,48241,1,,,1,71,,63873,10,,,1,29,,48242,1,,,1,70,,48249,1,,,1,28,,48250,1,,,1,312,,48244,1,,,1,300,,48245,1,,,1,95,,48243,1,,,1,505,,48246,1,,,1
301,'20260820',515,,48280,1,,,1,92,,48287,1,,,1,31,,48281,1,,,1,71,,63874,10,,,1,29,,48282,1,,,1,70,,48289,1,,,1,28,,48290,1,,,1,312,,48284,1,,,1,300,,48285,1,,,1,95,,48283,1,,,1,505,,48286,1,,,1
301,'20260821',515,,48320,1,,,1,92,,48327,1,,,1,31,,48321,1,,,1,71,,63875,10,,,1,29,,48322,1,,,1,70,,48329,1,,,1,28,,48330,1,,,1,312,,48324,1,,,1,300,,48325,1,,,1,95,,48323,1,,,1,505,,48326,1,,,1
301,'20260822',750,,48354,1,,,1,800,,48355,1,,,1,354,,63876,10,,,1
301,'20260823',750,,48379,1,,,1,800,,48380,1,,,1,354,,63877,10,,,1
301,'20260824',515,,65084,1,,,1,92,,65091,1,,,1,31,,65085,1,,,1,71,,65094,10,,,1,29,,65086,1,,,1,70,,65092,1,,,1,28,,65093,1,,,1,312,,65088,1,,,1,300,,65089,1,,,1,95,,65087,1,,,1,505,,65090,1,,,1
301,'20260825',515,,48450,1,,,1,92,,48457,1,,,1,31,,48451,1,,,1,71,,63879,10,,,1,29,,48452,1,,,1,70,,48459,1,,,1,28,,48460,1,,,1,312,,48454,1,,,1,300,,48455,1,,,1,95,,48453,1,,,1,505,,48456,1,,,1
301,'20260826',515,,48490,1,,,1,92,,48497,1,,,1,31,,48491,1,,,1,71,,63880,10,,,1,29,,48492,1,,,1,70,,48499,1,,,1,28,,48500,1,,,1,312,,48494,1,,,1,300,,48495,1,,,1,95,,48493,1,,,1,505,,48496,1,,,1
301,'20260827',515,,48530,1,,,1,92,,48537,1,,,1,31,,48531,1,,,1,71,,63881,10,,,1,29,,48532,1,,,1,70,,48539,1,,,1,28,,48540,1,,,1,312,,48534,1,,,1,300,,48535,1,,,1,95,,48533,1,,,1,505,,48536,1,,,1
301,'20260828',515,,48570,1,,,1,92,,48577,1,,,1,31,,48571,1,,,1,71,,63882,10,,,1,29,,48572,1,,,1,70,,48579,1,,,1,28,,48580,1,,,1,312,,48574,1,,,1,300,,48575,1,,,1,95,,48573,1,,,1,505,,48576,1,,,1
301,'20260829',750,,48604,1,,,1,800,,48605,1,,,1,354,,63883,10,,,1
301,'20260830',750,,48629,1,,,1,800,,48630,1,,,1,354,,63884,10,,,1
301,'20260831',515,,65116,1,,,1,92,,65123,1,,,1,31,,65117,1,,,1,71,,65126,10,,,1,29,,65118,1,,,1,70,,65124,1,,,1,28,,65125,1,,,1,312,,65120,1,,,1,300,,65121,1,,,1,95,,65119,1,,,1,505,,65122,1,,,1
301,'20260901',515,,48700,1,,,1,92,,48707,1,,,1,31,,48701,1,,,1,71,,63886,10,,,1,29,,48702,1,,,1,70,,48709,1,,,1,28,,48710,1,,,1,312,,48704,1,,,1,300,,48705,1,,,1,95,,48703,1,,,1,505,,48706,1,,,1
301,'20260902',515,,48740,1,,,1,92,,48747,1,,,1,31,,48741,1,,,1,71,,63887,10,,,1,29,,48742,1,,,1,70,,48749,1,,,1,28,,48750,1,,,1,312,,48744,1,,,1,300,,48745,1,,,1,95,,48743,1,,,1,505,,48746,1,,,1
301,'20260903',515,,48780,1,,,1,92,,48787,1,,,1,31,,48781,1,,,1,71,,63888,10,,,1,29,,48782,1,,,1,70,,48789,1,,,1,28,,48790,1,,,1,312,,48784,1,,,1,300,,48785,1,,,1,95,,48783,1,,,1,505,,48786,1,,,1
301,'20260904',515,,48820,1,,,1,92,,48827,1,,,1,31,,48821,1,,,1,71,,63889,10,,,1,29,,48822,1,,,1,70,,48829,1,,,1,28,,48830,1,,,1,312,,48824,1,,,1,300,,48825,1,,,1,95,,48823,1,,,1,505,,48826,1,,,1
