300,'20260217',653,,13001,0,23,1,70,,12986,0,23,1,30,,13002,0,23,1,70,,12987,0,23,1,30,,13003,0,23,1,70,,12988,0,23,1,30,,13018,,,1,70,,12989,0,23,1,30,,13005,0,20 24,1,70,,12990,0,23,1,30,,13006,0,20 24,1,70,,12991,0,23,1,30,,13019,,,1,70,,12992,0,23,1,30,,13007,0,20 24,1,70,,12993,0,23,1,30,,13008,0,20 24,1,70,,12994,0,23,1,30,,13020,,,1,70,,12995,0,23,1,30,,13013,0,25,1,70,,13014,0,25,1,30,,13004,0,23,1,70,,12996,0,23,1,30,,13009,0,20 24,1,70,,12997,0,23,1,30,,13010,0,20 24,1,70,,12998,0,23,1,30,,13011,0,20 24,1,70,,12999,0,23,1,30,,13021,,,1,70,,13000,0,23,1,30,,13022,,,1,100,,13012,0,20 24,1
300,'20260218',653,,13040,0,23,1,100,,13041,0,23,1,100,,13042,0,23,1,100,,13057,,,1,100,,13044,0,20 24,1,100,,13045,0,20 24,1,100,,13058,,,1,100,,13046,0,20 24,1,100,,13047,0,20 24,1,70,,13033,0,23,1,30,,13059,,,1,70,,13034,0,23,1,30,,13052,0,25,1,70,,13053,0,25,1,30,,13043,0,23,1,70,,36560,,,1,30,,13048,0,20 24,1,100,,13049,0,20 24,1,100,,13050,0,20 24,1,100,,13060,,,1,70,,13039,0,23,1,30,,13061,0,27 28,1,100,,13051,0,20 24,1
300,'20260219',653,,13079,0,23,1,70,,13064,0,23,1,30,,13080,0,23,1,70,,13065,0,23,1,30,,13081,0,23,1,70,,13066,0,23,1,30,,13096,,,1,70,,13067,0,23,1,30,,13083,0,20 24,1,70,,13068,0,23,1,30,,13084,0,20 24,1,70,,13069,0,23,1,30,,13097,,,1,70,,13070,0,23,1,30,,13085,0,20 24,1,70,,13071,0,23,1,30,,13086,0,20 24,1,70,,13072,0,23,1,30,,13098,,,1,70,,13073,0,23,1,30,,13091,0,25,1,70,,13092,0,25,1,30,,13082,0,23,1,70,,13074,0,23,1,30,,13087,0,20 24,1,70,,13075,0,23,1,30,,13088,0,20 24,1,70,,13076,0,23,1,30,,13089,0,20 24,1,70,,13077,0,23,1,30,,13099,,,1,70,,13078,0,23,1,30,,13100,,,1,100,,13090,0,20 24,1
300,'20260220',653,,13118,0,23,1,70,,13103,0,23,1,30,,13119,0,23,1,70,,13104,0,23,1,30,,13120,0,23,1,70,,13105,0,23,1,30,,13135,,,1,70,,13106,0,23,1,30,,13122,0,20 24,1,70,,13107,0,23,1,30,,13123,0,20 24,1,70,,13108,0,23,1,30,,13136,,,1,70,,13109,0,23,1,30,,13124,0,20 24,1,70,,13110,0,23,1,30,,13125,0,20 24,1,70,,13111,0,23,1,30,,13137,,,1,70,,13112,0,23,1,30,,13130,0,25,1,70,,13131,0,25,1,30,,13121,0,23,1,70,,13113,0,23,1,30,,13126,0,20 24,1,70,,13114,0,23,1,30,,13127,0,20 24,1,70,,13115,0,23,1,30,,13128,0,20 24,1,70,,13116,0,23,1,30,,13138,,,1,70,,13117,0,23,1,30,,13139,,,1,100,,13129,0,20 24,1
300,'20260221',907,,13151,0,20 24,1,100,,13152,0,20 24,1,100,,13153,0,20 24,1,100,,13154,0,20 24,1,100,,13155,0,20 24,1,100,,13156,0,20 24,1,100,,13157,0,20 24,1,30,,13142,0,23,1,70,,13158,0,20 24,1,30,,13143,0,23,1,70,,13165,,,1,30,,13144,0,23,1,70,,13159,0,20 24,1,30,,13145,0,23,1,70,,13160,0,20 24,1,30,,13146,0,23,1,70,,13161,0,20 24,1,30,,13147,0,23,1,70,,13162,0,20 24,1,30,,13148,0,23,1,70,,13163,0,20 24,1,30,,13149,0,23,1,70,,13166,,,1,30,,13150,0,23,1,70,,13164,0,20 24,1
300,'20260222',907,,13176,0,20 24,1,100,,13177,0,20 24,1,100,,13178,0,20 24,1,100,,13179,0,20 24,1,100,,13180,0,20 24,1,100,,13181,0,20 24,1,100,,13182,0,20 24,1,30,,13167,0,23,1,70,,13183,0,20 24,1,30,,13168,0,23,1,70,,13190,,,1,30,,13169,0,23,1,70,,13184,0,20 24,1,30,,13170,0,23,1,70,,13185,0,20 24,1,30,,13171,0,23,1,70,,13186,0,20 24,1,30,,13172,0,23,1,70,,13187,0,20 24,1,30,,13173,0,23,1,70,,13188,0,20 24,1,30,,13174,0,23,1,70,,13191,,,1,30,,13175,0,23,1,70,,13189,0,20 24,1
300,'20260223',653,,13207,0,23,1,70,,13192,0,23,1,30,,13208,0,23,1,70,,13193,0,23,1,30,,13209,0,23,1,70,,13194,0,23,1,30,,13224,,,1,70,,13195,0,23,1,30,,13211,0,20 24,1,70,,13196,0,23,1,30,,13212,0,20 24,1,70,,13197,0,23,1,30,,13225,,,1,70,,13198,0,23,1,30,,13213,0,20 24,1,70,,13199,0,23,1,30,,13214,0,20 24,1,70,,13200,0,23,1,30,,13226,,,1,70,,13201,0,23,1,30,,13219,0,25,1,70,,13220,0,25,1,30,,13210,0,23,1,70,,13202,0,23,1,30,,13215,0,20 24,1,70,,13203,0,23,1,30,,13216,0,20 24,1,70,,13204,0,23,1,30,,13217,0,20 24,1,70,,13205,0,23,1,30,,13227,,,1,70,,13206,0,23,1,30,,13228,,,1,100,,13218,0,20 24,1
300,'20260224',653,,13246,0,23,1,70,,13231,0,23,1,30,,13247,0,23,1,70,,13232,0,23,1,30,,13248,0,23,1,70,,13233,0,23,1,30,,13263,,,1,70,,13234,0,23,1,30,,13250,0,20 24,1,70,,13235,0,23,1,30,,13251,0,20 24,1,70,,13236,0,23,1,30,,13264,,,1,70,,13237,0,23,1,30,,13252,0,20 24,1,70,,13238,0,23,1,30,,13253,0,20 24,1,70,,13239,0,23,1,30,,13265,,,1,70,,13240,0,23,1,30,,13258,0,25,1,70,,13259,0,25,1,30,,13249,0,23,1,70,,13241,0,23,1,30,,13254,0,20 24,1,70,,13242,0,23,1,30,,13255,0,20 24,1,70,,13243,0,23,1,30,,13256,0,20 24,1,70,,13244,0,23,1,30,,13266,,,1,70,,13245,0,23,1,30,,13267,,,1,100,,13257,0,20 24,1
300,'20260225',653,,13285,0,23,1,70,,13270,0,23,1,30,,13286,0,23,1,70,,13271,0,23,1,30,,13287,0,23,1,70,,13272,0,23,1,30,,13302,,,1,70,,13273,0,23,1,30,,13289,0,20 24,1,70,,13274,0,23,1,30,,13290,0,20 24,1,70,,13275,0,23,1,30,,13303,,,1,70,,13276,0,23,1,30,,13291,0,20 24,1,70,,13277,0,23,1,30,,13292,0,20 24,1,70,,13278,0,23,1,30,,13304,,,1,70,,13279,0,23,1,30,,13297,0,25,1,70,,13298,0,25,1,30,,13288,0,23,1,70,,13280,0,23,1,30,,13293,0,20 24,1,70,,13281,0,23,1,30,,13294,0,20 24,1,70,,13282,0,23,1,30,,13295,0,20 24,1,70,,13283,0,23,1,30,,13305,,,1,70,,13284,0,23,1,30,,13306,,,1,100,,13296,0,20 24,1
300,'20260226',653,,13324,0,23,1,70,,13309,0,23,1,30,,13325,0,23,1,70,,13310,0,23,1,30,,13326,0,23,1,70,,13311,0,23,1,30,,13341,,,1,70,,13312,0,23,1,30,,13328,0,20 24,1,70,,13313,0,23,1,30,,13329,0,20 24,1,70,,13314,0,23,1,30,,13342,,,1,70,,13315,0,23,1,30,,13330,0,20 24,1,70,,13316,0,23,1,30,,13331,0,20 24,1,70,,13317,0,23,1,30,,13343,,,1,70,,13318,0,23,1,30,,13336,0,25,1,70,,13337,0,25,1,30,,13327,0,23,1,70,,13319,0,23,1,30,,13332,0,20 24,1,70,,13320,0,23,1,30,,13333,0,20 24,1,70,,13321,0,23,1,30,,13334,0,20 24,1,70,,13322,0,23,1,30,,13344,,,1,70,,13323,0,23,1,30,,13345,,,1,100,,13335,0,20 24,1
300,'20260227',653,,13363,0,23,1,70,,13348,0,23,1,30,,13364,0,23,1,70,,13349,0,23,1,30,,13365,0,23,1,70,,13350,0,23,1,30,,13380,,,1,70,,13351,0,23,1,30,,13367,0,20 24,1,70,,13352,0,23,1,30,,13368,0,20 24,1,70,,13353,0,23,1,30,,13381,,,1,70,,13354,0,23,1,30,,13369,0,20 24,1,70,,13355,0,23,1,30,,13370,0,20 24,1,70,,13356,0,23,1,30,,13382,,,1,70,,13357,0,23,1,30,,13375,0,25,1,70,,13376,0,25,1,30,,13366,0,23,1,70,,13358,0,23,1,30,,13371,0,20 24,1,70,,13359,0,23,1,30,,13372,0,20 24,1,70,,13360,0,23,1,30,,13373,0,20 24,1,70,,13361,0,23,1,30,,13383,,,1,70,,13362,0,23,1,30,,13384,,,1,100,,13374,0,20 24,1
300,'20260228',907,,13396,0,20 24,1,100,,13397,0,20 24,1,100,,13398,0,20 24,1,100,,13399,0,20 24,1,100,,13400,0,20 24,1,100,,13401,0,20 24,1,100,,13402,0,20 24,1,30,,13387,0,23,1,70,,13403,0,20 24,1,30,,13388,0,23,1,70,,13410,,,1,30,,13389,0,23,1,70,,13404,0,20 24,1,30,,13390,0,23,1,70,,13405,0,20 24,1,30,,13391,0,23,1,70,,13406,0,20 24,1,30,,13392,0,23,1,70,,13407,0,20 24,1,30,,13393,0,23,1,70,,13408,0,20 24,1,30,,13394,0,23,1,70,,13411,,,1,30,,13395,0,23,1,70,,13409,0,20 24,1
300,'20260301',907,,13421,0,20 24,1,100,,13422,0,20 24,1,100,,13423,0,20 24,1,100,,13424,0,20 24,1,100,,13425,0,20 24,1,100,,13426,0,20 24,1,100,,13427,0,20 24,1,30,,13412,0,23,1,70,,13428,0,20 24,1,30,,13413,0,23,1,70,,13435,,,1,30,,13414,0,23,1,70,,13429,0,20 24,1,30,,13415,0,23,1,70,,13430,0,20 24,1,30,,13416,0,23,1,70,,13431,0,20 24,1,30,,13417,0,23,1,70,,13432,0,20 24,1,30,,13418,0,23,1,70,,13433,0,20 24,1,30,,13419,0,23,1,70,,13436,,,1,30,,13420,0,23,1,70,,13434,0,20 24,1
300,'20260302',653,,13452,0,23,1,70,,13437,0,23,1,30,,13453,0,23,1,70,,13438,0,23,1,30,,13454,0,23,1,70,,13439,0,23,1,30,,13469,,,1,70,,13440,0,23,1,30,,13456,0,20 24,1,70,,13441,0,23,1,30,,13457,0,20 24,1,70,,13442,0,23,1,30,,13470,,,1,70,,13443,0,23,1,30,,13458,0,20 24,1,70,,13444,0,23,1,30,,13459,0,20 24,1,70,,13445,0,23,1,30,,13471,,,1,70,,13446,0,23,1,30,,13464,0,25,1,70,,13465,0,25,1,30,,13455,0,23,1,70,,13447,0,23,1,30,,13460,0,20 24,1,70,,13448,0,23,1,30,,13461,0,20 24,1,70,,13449,0,23,1,30,,13462,0,20 24,1,70,,13450,0,23,1,30,,13472,,,1,70,,13451,0,23,1,30,,13473,,,1,100,,13463,0,20 24,1
300,'20260303',653,,13491,0,23,1,70,,13476,0,23,1,30,,13492,0,23,1,70,,13477,0,23,1,30,,13493,0,23,1,70,,13478,0,23,1,30,,13508,,,1,70,,13479,0,23,1,30,,13495,0,20 24,1,70,,13480,0,23,1,30,,13496,0,20 24,1,70,,13481,0,23,1,30,,13509,,,1,70,,13482,0,23,1,30,,13497,0,20 24,1,70,,13483,0,23,1,30,,13498,0,20 24,1,70,,13484,0,23,1,30,,13510,,,1,70,,13485,0,23,1,30,,13503,0,25,1,70,,13504,0,25,1,30,,13494,0,23,1,70,,13486,0,23,1,30,,13499,0,20 24,1,70,,13487,0,23,1,30,,13500,0,20 24,1,70,,13488,0,23,1,30,,13501,0,20 24,1,70,,13489,0,23,1,30,,13511,,,1,70,,13490,0,23,1,30,,13512,,,1,100,,13502,0,20 24,1
300,'20260304',653,,13530,0,23,1,70,,13515,0,23,1,30,,13531,0,23,1,70,,13516,0,23,1,30,,13532,0,23,1,70,,13517,0,23,1,30,,13547,,,1,70,,13518,0,23,1,30,,13534,0,20 24,1,70,,13519,0,23,1,30,,13535,0,20 24,1,70,,13520,0,23,1,30,,13548,,,1,70,,13521,0,23,1,30,,13536,0,20 24,1,70,,13522,0,23,1,30,,13537,0,20 24,1,70,,13523,0,23,1,30,,13549,,,1,70,,13524,0,23,1,30,,13542,0,25,1,70,,13543,0,25,1,30,,13533,0,23,1,70,,13525,0,23,1,30,,13538,0,20 24,1,70,,13526,0,23,1,30,,13539,0,20 24,1,70,,13527,0,23,1,30,,13540,0,20 24,1,70,,13528,0,23,1,30,,13550,,,1,70,,13529,0,23,1,30,,13551,,,1,100,,13541,0,20 24,1
300,'20260305',653,,13569,0,23,1,70,,13554,0,23,1,30,,13570,0,23,1,70,,13555,0,23,1,30,,13571,0,23,1,70,,13556,0,23,1,30,,13586,,,1,70,,13557,0,23,1,30,,13573,0,20 24,1,70,,13558,0,23,1,30,,13574,0,20 24,1,70,,13559,0,23,1,30,,13587,,,1,70,,13560,0,23,1,30,,13575,0,20 24,1,70,,13561,0,23,1,30,,13576,0,20 24,1,70,,13562,0,23,1,30,,13588,,,1,70,,13563,0,23,1,30,,13581,0,25,1,70,,13582,0,25,1,30,,13572,0,23,1,70,,13564,0,23,1,30,,13577,0,20 24,1,70,,13565,0,23,1,30,,13578,0,20 24,1,70,,13566,0,23,1,30,,13579,0,20 24,1,70,,13567,0,23,1,30,,13589,,,1,70,,13568,0,23,1,30,,13590,,,1,100,,13580,0,20 24,1
300,'20260306',653,,13608,0,23,1,70,,13593,0,23,1,30,,13609,0,23,1,70,,13594,0,23,1,30,,13610,0,23,1,70,,13595,0,23,1,30,,13625,,,1,70,,13596,0,23,1,30,,13612,0,20 24,1,70,,13597,0,23,1,30,,13613,0,20 24,1,70,,13598,0,23,1,30,,13626,,,1,70,,13599,0,23,1,30,,13614,0,20 24,1,70,,13600,0,23,1,30,,13615,0,20 24,1,70,,13601,0,23,1,30,,13627,,,1,70,,13602,0,23,1,30,,13620,0,25,1,70,,13621,0,25,1,30,,13611,0,23,1,70,,13603,0,23,1,30,,13616,0,20 24,1,70,,13604,0,23,1,30,,13617,0,20 24,1,70,,13605,0,23,1,30,,13618,0,20 24,1,70,,13606,0,23,1,30,,13628,,,1,70,,13607,0,23,1,30,,13629,,,1,100,,13619,0,20 24,1
300,'20260307',907,,13641,0,20 24,1,100,,13642,0,20 24,1,100,,13643,0,20 24,1,100,,13644,0,20 24,1,100,,13645,0,20 24,1,100,,13646,0,20 24,1,100,,13647,0,20 24,1,30,,13632,0,23,1,70,,13648,0,20 24,1,30,,13633,0,23,1,70,,13655,,,1,30,,13634,0,23,1,70,,13649,0,20 24,1,30,,13635,0,23,1,70,,13650,0,20 24,1,30,,13636,0,23,1,70,,13651,0,20 24,1,30,,13637,0,23,1,70,,13652,0,20 24,1,30,,13638,0,23,1,70,,13653,0,20 24,1,30,,13639,0,23,1,70,,13656,,,1,30,,13640,0,23,1,70,,13654,0,20 24,1
300,'20260308',907,,13666,0,20 24,1,100,,13667,0,20 24,1,100,,13668,0,20 24,1,100,,13669,0,20 24,1,100,,13670,0,20 24,1,100,,13671,0,20 24,1,100,,13672,0,20 24,1,30,,13657,0,23,1,70,,13673,0,20 24,1,30,,13658,0,23,1,70,,13680,,,1,30,,13659,0,23,1,70,,13674,0,20 24,1,30,,13660,0,23,1,70,,13675,0,20 24,1,30,,13661,0,23,1,70,,13676,0,20 24,1,30,,13662,0,23,1,70,,13677,0,20 24,1,30,,13663,0,23,1,70,,13678,0,20 24,1,30,,13664,0,23,1,70,,13681,,,1,30,,13665,0,23,1,70,,13679,0,20 24,1
300,'20260309',653,,13697,0,23,1,70,,13682,0,23,1,30,,13698,0,23,1,70,,13683,0,23,1,30,,13699,0,23,1,70,,13684,0,23,1,30,,13714,,,1,70,,13685,0,23,1,30,,13701,0,20 24,1,70,,13686,0,23,1,30,,13702,0,20 24,1,70,,13687,0,23,1,30,,13715,,,1,70,,13688,0,23,1,30,,13703,0,20 24,1,70,,13689,0,23,1,30,,13704,0,20 24,1,70,,13690,0,23,1,30,,13716,,,1,70,,13691,0,23,1,30,,13709,0,25,1,70,,13710,0,25,1,30,,13700,0,23,1,70,,13692,0,23,1,30,,13705,0,20 24,1,70,,13693,0,23,1,30,,13706,0,20 24,1,70,,13694,0,23,1,30,,13707,0,20 24,1,70,,13695,0,23,1,30,,13717,,,1,70,,13696,0,23,1,30,,13718,,,1,100,,13708,0,20 24,1
300,'20260310',653,,13736,0,23,1,70,,13721,0,23,1,30,,13737,0,23,1,70,,13722,0,23,1,30,,13738,0,23,1,70,,13723,0,23,1,30,,13753,,,1,70,,13724,0,23,1,30,,13740,0,20 24,1,70,,13725,0,23,1,30,,13741,0,20 24,1,70,,13726,0,23,1,30,,13754,,,1,70,,13727,0,23,1,30,,13742,0,20 24,1,70,,13728,0,23,1,30,,13743,0,20 24,1,70,,13729,0,23,1,30,,13755,,,1,70,,13730,0,23,1,30,,13748,0,25,1,70,,13749,0,25,1,30,,13739,0,23,1,70,,13731,0,23,1,30,,13744,0,20 24,1,70,,13732,0,23,1,30,,13745,0,20 24,1,70,,13733,0,23,1,30,,13746,0,20 24,1,70,,13734,0,23,1,30,,13756,,,1,70,,13735,0,23,1,30,,13757,,,1,100,,13747,0,20 24,1
300,'20260311',653,,13775,0,23,1,70,,13760,0,23,1,30,,13776,0,23,1,70,,13761,0,23,1,30,,13777,0,23,1,70,,13762,0,23,1,30,,13792,,,1,70,,13763,0,23,1,30,,13779,0,20 24,1,70,,13764,0,23,1,30,,13780,0,20 24,1,70,,13765,0,23,1,30,,13793,,,1,70,,13766,0,23,1,30,,13781,0,20 24,1,70,,13767,0,23,1,30,,13782,0,20 24,1,70,,13768,0,23,1,30,,13794,,,1,70,,13769,0,23,1,30,,13787,0,25,1,70,,13788,0,25,1,30,,13778,0,23,1,70,,13770,0,23,1,30,,13783,0,20 24,1,70,,13771,0,23,1,30,,13784,0,20 24,1,70,,13772,0,23,1,30,,13785,0,20 24,1,70,,13773,0,23,1,30,,13795,,,1,70,,13774,0,23,1,30,,13796,,,1,100,,13786,0,20 24,1
300,'20260312',653,,13814,0,23,1,70,,13799,0,23,1,30,,13815,0,23,1,70,,13800,0,23,1,30,,13816,0,23,1,70,,13801,0,23,1,30,,13831,,,1,70,,13802,0,23,1,30,,13818,0,20 24,1,70,,13803,0,23,1,30,,13819,0,20 24,1,70,,13804,0,23,1,30,,13832,,,1,70,,13805,0,23,1,30,,13820,0,20 24,1,70,,13806,0,23,1,30,,13821,0,20 24,1,70,,13807,0,23,1,30,,13833,,,1,70,,13808,0,23,1,30,,13826,0,25,1,70,,13827,0,25,1,30,,13817,0,23,1,70,,13809,0,23,1,30,,13822,0,20 24,1,70,,13810,0,23,1,30,,13823,0,20 24,1,70,,13811,0,23,1,30,,13824,0,20 24,1,70,,13812,0,23,1,30,,13834,,,1,70,,13813,0,23,1,30,,13835,,,1,100,,13825,0,20 24,1
300,'20260313',653,,13853,0,23,1,70,,13838,0,23,1,30,,13854,0,23,1,70,,13839,0,23,1,30,,13855,0,23,1,70,,13840,0,23,1,30,,13870,,,1,70,,13841,0,23,1,30,,13857,0,20 24,1,70,,13842,0,23,1,30,,13858,0,20 24,1,70,,13843,0,23,1,30,,13871,,,1,70,,13844,0,23,1,30,,13859,0,20 24,1,70,,13845,0,23,1,30,,13860,0,20 24,1,70,,13846,0,23,1,30,,13872,,,1,70,,13847,0,23,1,30,,13865,0,25,1,70,,13866,0,25,1,30,,13856,0,23,1,70,,13848,0,23,1,30,,13861,0,20 24,1,70,,13849,0,23,1,30,,13862,0,20 24,1,70,,13850,0,23,1,30,,13863,0,20 24,1,70,,13851,0,23,1,30,,13873,,,1,70,,13852,0,23,1,30,,13874,,,1,100,,13864,0,20 24,1
300,'20260314',907,,13886,0,20 24,1,100,,13887,0,20 24,1,100,,13888,0,20 24,1,100,,13889,0,20 24,1,100,,13890,0,20 24,1,100,,13891,0,20 24,1,100,,13892,0,20 24,1,30,,13877,0,23,1,70,,13893,0,20 24,1,30,,13878,0,23,1,70,,13900,,,1,30,,13879,0,23,1,70,,13894,0,20 24,1,30,,13880,0,23,1,70,,13895,0,20 24,1,30,,13881,0,23,1,70,,13896,0,20 24,1,30,,13882,0,23,1,70,,13897,0,20 24,1,30,,13883,0,23,1,70,,13898,0,20 24,1,30,,13884,0,23,1,70,,13901,,,1,30,,13885,0,23,1,70,,13899,0,20 24,1
300,'20260315',907,,13911,0,20 24,1,100,,13912,0,20 24,1,100,,13913,0,20 24,1,100,,13914,0,20 24,1,100,,13915,0,20 24,1,100,,13916,0,20 24,1,100,,13917,0,20 24,1,30,,13902,0,23,1,70,,13918,0,20 24,1,30,,13903,0,23,1,70,,13925,,,1,30,,13904,0,23,1,70,,13919,0,20 24,1,30,,13905,0,23,1,70,,13920,0,20 24,1,30,,13906,0,23,1,70,,13921,0,20 24,1,30,,13907,0,23,1,70,,13922,0,20 24,1,30,,13908,0,23,1,70,,13923,0,20 24,1,30,,13909,0,23,1,70,,13926,,,1,30,,13910,0,23,1,70,,13924,0,20 24,1
300,'20260316',653,,13942,0,23,1,70,,13927,0,23,1,30,,13943,0,23,1,70,,13928,0,23,1,30,,13944,0,23,1,70,,13929,0,23,1,30,,13959,,,1,70,,13930,0,23,1,30,,13946,0,20 24,1,70,,13931,0,23,1,30,,13947,0,20 24,1,70,,13932,0,23,1,30,,13960,,,1,70,,13933,0,23,1,30,,13948,0,20 24,1,70,,13934,0,23,1,30,,13949,0,20 24,1,70,,13935,0,23,1,30,,13961,,,1,70,,13936,0,23,1,30,,13954,0,25,1,70,,13955,0,25,1,30,,13945,0,23,1,70,,13937,0,23,1,30,,13950,0,20 24,1,70,,13938,0,23,1,30,,13951,0,20 24,1,70,,13939,0,23,1,30,,13952,0,20 24,1,70,,13940,0,23,1,30,,13962,,,1,70,,13941,0,23,1,30,,13963,,,1,100,,13953,0,20 24,1
300,'20260317',653,,13981,0,23,1,70,,13966,0,23,1,30,,13982,0,23,1,70,,13967,0,23,1,30,,13983,0,23,1,70,,13968,0,23,1,30,,13998,,,1,70,,13969,0,23,1,30,,13985,0,20 24,1,70,,13970,0,23,1,30,,13986,0,20 24,1,70,,13971,0,23,1,30,,13999,,,1,70,,13972,0,23,1,30,,13987,0,20 24,1,70,,13973,0,23,1,30,,13988,0,20 24,1,70,,13974,0,23,1,30,,14000,,,1,70,,13975,0,23,1,30,,13993,0,25,1,70,,13994,0,25,1,30,,13984,0,23,1,70,,13976,0,23,1,30,,13989,0,20 24,1,70,,13977,0,23,1,30,,13990,0,20 24,1,70,,13978,0,23,1,30,,13991,0,20 24,1,70,,13979,0,23,1,30,,14001,,,1,70,,13980,0,23,1,30,,14002,,,1,100,,13992,0,20 24,1
300,'20260318',653,,14020,0,23,1,70,,14005,0,23,1,30,,14021,0,23,1,70,,14006,0,23,1,30,,14022,0,23,1,70,,14007,0,23,1,30,,14037,,,1,70,,14008,0,23,1,30,,14024,0,20 24,1,70,,14009,0,23,1,30,,14025,0,20 24,1,70,,14010,0,23,1,30,,14038,,,1,70,,14011,0,23,1,30,,14026,0,20 24,1,70,,14012,0,23,1,30,,14027,0,20 24,1,70,,14013,0,23,1,30,,14039,,,1,70,,14014,0,23,1,30,,14032,0,25,1,70,,14033,0,25,1,30,,14023,0,23,1,70,,14015,0,23,1,30,,14028,0,20 24,1,70,,14016,0,23,1,30,,14029,0,20 24,1,70,,14017,0,23,1,30,,14030,0,20 24,1,70,,14018,0,23,1,30,,14040,,,1,70,,14019,0,23,1,30,,14041,,,1,100,,14031,0,20 24,1
300,'20260319',653,,14059,0,23,1,70,,14044,0,23,1,30,,14060,0,23,1,70,,14045,0,23,1,30,,14061,0,23,1,70,,14046,0,23,1,30,,14076,,,1,70,,14047,0,23,1,30,,14063,0,20 24,1,70,,14048,0,23,1,30,,14064,0,20 24,1,70,,14049,0,23,1,30,,14077,,,1,70,,14050,0,23,1,30,,14065,0,20 24,1,70,,14051,0,23,1,30,,14066,0,20 24,1,70,,14052,0,23,1,30,,14078,,,1,70,,14053,0,23,1,30,,14071,0,25,1,70,,14072,0,25,1,30,,14062,0,23,1,70,,14054,0,23,1,30,,14067,0,20 24,1,70,,14055,0,23,1,30,,14068,0,20 24,1,70,,14056,0,23,1,30,,14069,0,20 24,1,70,,14057,0,23,1,30,,14079,,,1,70,,14058,0,23,1,30,,14080,,,1,100,,14070,0,20 24,1
300,'20260320',653,,14098,0,23,1,70,,14083,0,23,1,30,,14099,0,23,1,70,,14084,0,23,1,30,,14100,0,23,1,70,,14085,0,23,1,30,,14115,,,1,70,,14086,0,23,1,30,,14102,0,20 24,1,70,,14087,0,23,1,30,,14103,0,20 24,1,70,,14088,0,23,1,30,,14116,,,1,70,,14089,0,23,1,30,,14104,0,20 24,1,70,,14090,0,23,1,30,,14105,0,20 24,1,70,,14091,0,23,1,30,,14117,,,1,70,,14092,0,23,1,30,,14110,0,25,1,70,,14111,0,25,1,30,,14101,0,23,1,70,,14093,0,23,1,30,,14106,0,20 24,1,70,,14094,0,23,1,30,,14107,0,20 24,1,70,,14095,0,23,1,30,,14108,0,20 24,1,70,,14096,0,23,1,30,,14118,,,1,70,,14097,0,23,1,30,,14119,,,1,100,,14109,0,20 24,1
300,'20260321',907,,14131,0,20 24,1,100,,14132,0,20 24,1,100,,14133,0,20 24,1,100,,14134,0,20 24,1,100,,14135,0,20 24,1,100,,14136,0,20 24,1,100,,14137,0,20 24,1,30,,14122,0,23,1,70,,14138,0,20 24,1,30,,14123,0,23,1,70,,14145,,,1,30,,14124,0,23,1,70,,14139,0,20 24,1,30,,14125,0,23,1,70,,14140,0,20 24,1,30,,14126,0,23,1,70,,14141,0,20 24,1,30,,14127,0,23,1,70,,14142,0,20 24,1,30,,14128,0,23,1,70,,14143,0,20 24,1,30,,14129,0,23,1,70,,14146,,,1,30,,14130,0,23,1,70,,14144,0,20 24,1
300,'20260322',907,,14156,0,20 24,1,100,,14157,0,20 24,1,100,,14158,0,20 24,1,100,,14159,0,20 24,1,100,,14160,0,20 24,1,100,,14161,0,20 24,1,100,,14162,0,20 24,1,30,,14147,0,23,1,70,,14163,0,20 24,1,30,,14148,0,23,1,70,,14170,,,1,30,,14149,0,23,1,70,,14164,0,20 24,1,30,,14150,0,23,1,70,,14165,0,20 24,1,30,,14151,0,23,1,70,,14166,0,20 24,1,30,,14152,0,23,1,70,,14167,0,20 24,1,30,,14153,0,23,1,70,,14168,0,20 24,1,30,,14154,0,23,1,70,,14171,,,1,30,,14155,0,23,1,70,,14169,0,20 24,1
300,'20260323',653,,14187,0,23,1,70,,14172,0,23,1,30,,14188,0,23,1,70,,14173,0,23,1,30,,14189,0,23,1,70,,14174,0,23,1,30,,14204,,,1,70,,14175,0,23,1,30,,14191,0,20 24,1,70,,14176,0,23,1,30,,14192,0,20 24,1,70,,14177,0,23,1,30,,14205,,,1,70,,14178,0,23,1,30,,14193,0,20 24,1,70,,14179,0,23,1,30,,14194,0,20 24,1,70,,14180,0,23,1,30,,14206,,,1,70,,14181,0,23,1,30,,14199,0,25,1,70,,14200,0,25,1,30,,14190,0,23,1,70,,14182,0,23,1,30,,14195,0,20 24,1,70,,14183,0,23,1,30,,14196,0,20 24,1,70,,14184,0,23,1,30,,14197,0,20 24,1,70,,14185,0,23,1,30,,14207,,,1,70,,14186,0,23,1,30,,14208,,,1,100,,14198,0,20 24,1
300,'20260324',653,,14226,0,23,1,70,,14211,0,23,1,30,,14227,0,23,1,70,,14212,0,23,1,30,,14228,0,23,1,70,,14213,0,23,1,30,,14243,,,1,70,,14214,0,23,1,30,,14230,0,20 24,1,70,,14215,0,23,1,30,,14231,0,20 24,1,70,,14216,0,23,1,30,,14244,,,1,70,,14217,0,23,1,30,,14232,0,20 24,1,70,,14218,0,23,1,30,,14233,0,20 24,1,70,,14219,0,23,1,30,,14245,,,1,70,,14220,0,23,1,30,,14238,0,25,1,70,,14239,0,25,1,30,,14229,0,23,1,70,,14221,0,23,1,30,,14234,0,20 24,1,70,,14222,0,23,1,30,,14235,0,20 24,1,70,,14223,0,23,1,30,,14236,0,20 24,1,70,,14224,0,23,1,30,,14246,,,1,70,,14225,0,23,1,30,,14247,,,1,100,,14237,0,20 24,1
300,'20260325',653,,14265,0,23,1,70,,14250,0,23,1,30,,14266,0,23,1,70,,14251,0,23,1,30,,14267,0,23,1,70,,14252,0,23,1,30,,14282,,,1,70,,14253,0,23,1,30,,14269,0,20 24,1,70,,14254,0,23,1,30,,14270,0,20 24,1,70,,14255,0,23,1,30,,14283,,,1,70,,14256,0,23,1,30,,14271,0,20 24,1,70,,14257,0,23,1,30,,14272,0,20 24,1,70,,14258,0,23,1,30,,14284,,,1,70,,14259,0,23,1,30,,14277,0,25,1,70,,14278,0,25,1,30,,14268,0,23,1,70,,14260,0,23,1,30,,14273,0,20 24,1,70,,14261,0,23,1,30,,14274,0,20 24,1,70,,14262,0,23,1,30,,14275,0,20 24,1,70,,14263,0,23,1,30,,14285,,,1,70,,14264,0,23,1,30,,14286,,,1,100,,14276,0,20 24,1
300,'20260326',653,,14304,0,23,1,70,,14289,0,23,1,30,,14305,0,23,1,70,,14290,0,23,1,30,,14306,0,23,1,70,,14291,0,23,1,30,,14321,,,1,70,,14292,0,23,1,30,,14308,0,20 24,1,70,,14293,0,23,1,30,,14309,0,20 24,1,70,,14294,0,23,1,30,,14322,,,1,70,,14295,0,23,1,30,,14310,0,20 24,1,70,,14296,0,23,1,30,,14311,0,20 24,1,70,,14297,0,23,1,30,,14323,,,1,70,,14298,0,23,1,30,,14316,0,25,1,70,,14317,0,25,1,30,,14307,0,23,1,70,,14299,0,23,1,30,,14312,0,20 24,1,70,,14300,0,23,1,30,,14313,0,20 24,1,70,,14301,0,23,1,30,,14314,0,20 24,1,70,,14302,0,23,1,30,,14324,,,1,70,,14303,0,23,1,30,,14325,,,1,100,,14315,0,20 24,1
300,'20260327',653,,14343,0,23,1,70,,14328,0,23,1,30,,14344,0,23,1,70,,14329,0,23,1,30,,14345,0,23,1,70,,14330,0,23,1,30,,14360,,,1,70,,14331,0,23,1,30,,14347,0,20 24,1,70,,14332,0,23,1,30,,14348,0,20 24,1,70,,14333,0,23,1,30,,14361,,,1,70,,14334,0,23,1,30,,14349,0,20 24,1,70,,14335,0,23,1,30,,14350,0,20 24,1,70,,14336,0,23,1,30,,14362,,,1,70,,14337,0,23,1,30,,14355,0,25,1,70,,14356,0,25,1,30,,14346,0,23,1,70,,14338,0,23,1,30,,14351,0,20 24,1,70,,14339,0,23,1,30,,14352,0,20 24,1,70,,14340,0,23,1,30,,14353,0,20 24,1,70,,14341,0,23,1,30,,14363,,,1,70,,14342,0,23,1,30,,14364,,,1,100,,14354,0,20 24,1
300,'20260328',907,,14376,0,20 24,1,100,,14377,0,20 24,1,100,,14378,0,20 24,1,100,,14379,0,20 24,1,100,,14380,0,20 24,1,100,,14381,0,20 24,1,100,,14382,0,20 24,1,30,,14367,0,23,1,70,,14383,0,20 24,1,30,,14368,0,23,1,70,,14390,,,1,30,,14369,0,23,1,70,,14384,0,20 24,1,30,,14370,0,23,1,70,,14385,0,20 24,1,30,,14371,0,23,1,70,,14386,0,20 24,1,30,,14372,0,23,1,70,,14387,0,20 24,1,30,,14373,0,23,1,70,,14388,0,20 24,1,30,,14374,0,23,1,70,,14391,,,1,30,,14375,0,23,1,70,,14389,0,20 24,1
300,'20260329',907,,14401,0,20 24,1,100,,14402,0,20 24,1,100,,14403,0,20 24,1,100,,14404,0,20 24,1,100,,14405,0,20 24,1,100,,14406,0,20 24,1,100,,14407,0,20 24,1,30,,14392,0,23,1,70,,14408,0,20 24,1,30,,14393,0,23,1,70,,14415,,,1,30,,14394,0,23,1,70,,14409,0,20 24,1,30,,14395,0,23,1,70,,14410,0,20 24,1,30,,14396,0,23,1,70,,14411,0,20 24,1,30,,14397,0,23,1,70,,14412,0,20 24,1,30,,14398,0,23,1,70,,14413,0,20 24,1,30,,14399,0,23,1,70,,14416,,,1,30,,14400,0,23,1,70,,14414,0,20 24,1
300,'20260330',653,,14432,0,23,1,70,,14417,0,23,1,30,,14433,0,23,1,70,,14418,0,23,1,30,,14434,0,23,1,70,,14419,0,23,1,30,,14449,,,1,70,,14420,0,23,1,30,,14436,0,20 24,1,70,,14421,0,23,1,30,,14437,0,20 24,1,70,,14422,0,23,1,30,,14450,,,1,70,,14423,0,23,1,30,,14438,0,20 24,1,70,,14424,0,23,1,30,,14439,0,20 24,1,70,,14425,0,23,1,30,,14451,,,1,70,,14426,0,23,1,30,,14444,0,25,1,70,,14445,0,25,1,30,,14435,0,23,1,70,,14427,0,23,1,30,,14440,0,20 24,1,70,,14428,0,23,1,30,,14441,0,20 24,1,70,,14429,0,23,1,30,,14442,0,20 24,1,70,,14430,0,23,1,30,,14452,,,1,70,,14431,0,23,1,30,,14453,,,1,100,,14443,0,20 24,1
300,'20260331',653,,14471,0,23,1,70,,14456,0,23,1,30,,14472,0,23,1,70,,14457,0,23,1,30,,14473,0,23,1,70,,14458,0,23,1,30,,14488,,,1,70,,14459,0,23,1,30,,14475,0,20 24,1,70,,14460,0,23,1,30,,14476,0,20 24,1,70,,14461,0,23,1,30,,14489,,,1,70,,14462,0,23,1,30,,14477,0,20 24,1,70,,14463,0,23,1,30,,14478,0,20 24,1,70,,14464,0,23,1,30,,14490,,,1,70,,14465,0,23,1,30,,14483,0,25,1,70,,14484,0,25,1,30,,14474,0,23,1,70,,14466,0,23,1,30,,14479,0,20 24,1,70,,14467,0,23,1,30,,14480,0,20 24,1,70,,14468,0,23,1,30,,14481,0,20 24,1,70,,14469,0,23,1,30,,14491,,,1,70,,14470,0,23,1,30,,14492,,,1,100,,14482,0,20 24,1
300,'20260401',653,,14510,0,23,1,70,,14495,0,23,1,30,,14511,0,23,1,70,,14496,0,23,1,30,,14512,0,23,1,70,,14497,0,23,1,30,,14527,,,1,70,,14498,0,23,1,30,,14514,0,20 24,1,70,,14499,0,23,1,30,,14515,0,20 24,1,70,,14500,0,23,1,30,,14528,,,1,70,,14501,0,23,1,30,,14516,0,20 24,1,70,,14502,0,23,1,30,,14517,0,20 24,1,70,,14503,0,23,1,30,,14529,,,1,70,,14504,0,23,1,30,,14522,0,25,1,70,,14523,0,25,1,30,,14513,0,23,1,70,,14505,0,23,1,30,,14518,0,20 24,1,70,,14506,0,23,1,30,,14519,0,20 24,1,70,,14507,0,23,1,30,,14520,0,20 24,1,70,,14508,0,23,1,30,,14530,,,1,70,,14509,0,23,1,30,,14531,,,1,100,,14521,0,20 24,1
300,'20260402',653,,14549,0,23,1,70,,14534,0,23,1,30,,14550,0,23,1,70,,14535,0,23,1,30,,14551,0,23,1,70,,14536,0,23,1,30,,14566,,,1,70,,14537,0,23,1,30,,14553,0,20 24,1,70,,14538,0,23,1,30,,14554,0,20 24,1,70,,14539,0,23,1,30,,14567,,,1,70,,14540,0,23,1,30,,14555,0,20 24,1,70,,14541,0,23,1,30,,14556,0,20 24,1,70,,14542,0,23,1,30,,14568,,,1,70,,14543,0,23,1,30,,14561,0,25,1,70,,14562,0,25,1,30,,14552,0,23,1,70,,14544,0,23,1,30,,14557,0,20 24,1,70,,14545,0,23,1,30,,14558,0,20 24,1,70,,14546,0,23,1,30,,14559,0,20 24,1,70,,14547,0,23,1,30,,14569,,,1,70,,14548,0,23,1,30,,14570,,,1,100,,14560,0,20 24,1
300,'20260403',653,,14588,0,23,1,70,,14573,0,23,1,30,,14589,0,23,1,70,,14574,0,23,1,30,,14590,0,23,1,70,,14575,0,23,1,30,,14605,,,1,70,,14576,0,23,1,30,,14592,0,20 24,1,70,,14577,0,23,1,30,,14593,0,20 24,1,70,,14578,0,23,1,30,,14606,,,1,70,,14579,0,23,1,30,,14594,0,20 24,1,70,,14580,0,23,1,30,,14595,0,20 24,1,70,,14581,0,23,1,30,,14607,,,1,70,,14582,0,23,1,30,,14600,0,25,1,70,,14601,0,25,1,30,,14591,0,23,1,70,,14583,0,23,1,30,,14596,0,20 24,1,70,,14584,0,23,1,30,,14597,0,20 24,1,70,,14585,0,23,1,30,,14598,0,20 24,1,70,,14586,0,23,1,30,,14608,,,1,70,,14587,0,23,1,30,,14609,,,1,100,,14599,0,20 24,1
300,'20260404',907,,14621,0,20 24,1,100,,14622,0,20 24,1,100,,14623,0,20 24,1,100,,14624,0,20 24,1,100,,14625,0,20 24,1,100,,14626,0,20 24,1,100,,14627,0,20 24,1,30,,14612,0,23,1,70,,14628,0,20 24,1,30,,14613,0,23,1,70,,14635,,,1,30,,14614,0,23,1,70,,14629,0,20 24,1,30,,14615,0,23,1,70,,14630,0,20 24,1,30,,14616,0,23,1,70,,14631,0,20 24,1,30,,14617,0,23,1,70,,14632,0,20 24,1,30,,14618,0,23,1,70,,14633,0,20 24,1,30,,14619,0,23,1,70,,14636,,,1,30,,14620,0,23,1,70,,14634,0,20 24,1
300,'20260405',907,,14646,0,20 24,1,100,,14647,0,20 24,1,100,,14648,0,20 24,1,100,,14649,0,20 24,1,100,,14650,0,20 24,1,100,,14651,0,20 24,1,100,,14652,0,20 24,1,30,,14637,0,23,1,70,,14653,0,20 24,1,30,,14638,0,23,1,70,,14660,,,1,30,,14639,0,23,1,70,,14654,0,20 24,1,30,,14640,0,23,1,70,,14655,0,20 24,1,30,,14641,0,23,1,70,,14656,0,20 24,1,30,,14642,0,23,1,70,,14657,0,20 24,1,30,,14643,0,23,1,70,,14658,0,20 24,1,30,,14644,0,23,1,70,,14661,,,1,30,,14645,0,23,1,70,,14659,0,20 24,1
300,'20260406',653,,14677,0,23,1,70,,14662,0,23,1,30,,14678,0,23,1,70,,14663,0,23,1,30,,14679,0,23,1,70,,14664,0,23,1,30,,14694,,,1,70,,14665,0,23,1,30,,14681,0,20 24,1,70,,14666,0,23,1,30,,14682,0,20 24,1,70,,14667,0,23,1,30,,14695,,,1,70,,14668,0,23,1,30,,14683,0,20 24,1,70,,14669,0,23,1,30,,14684,0,20 24,1,70,,14670,0,23,1,30,,14696,,,1,70,,14671,0,23,1,30,,14689,0,25,1,70,,14690,0,25,1,30,,14680,0,23,1,70,,14672,0,23,1,30,,14685,0,20 24,1,70,,14673,0,23,1,30,,14686,0,20 24,1,70,,14674,0,23,1,30,,14687,0,20 24,1,70,,14675,0,23,1,30,,14697,,,1,70,,14676,0,23,1,30,,14698,,,1,100,,14688,0,20 24,1
300,'20260407',653,,14716,0,23,1,70,,14701,0,23,1,30,,14717,0,23,1,70,,14702,0,23,1,30,,14718,0,23,1,70,,14703,0,23,1,30,,14733,,,1,70,,14704,0,23,1,30,,14720,0,20 24,1,70,,14705,0,23,1,30,,14721,0,20 24,1,70,,14706,0,23,1,30,,14734,,,1,70,,14707,0,23,1,30,,14722,0,20 24,1,70,,14708,0,23,1,30,,14723,0,20 24,1,70,,14709,0,23,1,30,,14735,,,1,70,,14710,0,23,1,30,,14728,0,25,1,70,,14729,0,25,1,30,,14719,0,23,1,70,,14711,0,23,1,30,,14724,0,20 24,1,70,,14712,0,23,1,30,,14725,0,20 24,1,70,,14713,0,23,1,30,,14726,0,20 24,1,70,,14714,0,23,1,30,,14736,,,1,70,,14715,0,23,1,30,,14737,,,1,100,,14727,0,20 24,1
300,'20260408',653,,14755,0,23,1,70,,14740,0,23,1,30,,14756,0,23,1,70,,14741,0,23,1,30,,14757,0,23,1,70,,14742,0,23,1,30,,14772,,,1,70,,14743,0,23,1,30,,14759,0,20 24,1,70,,14744,0,23,1,30,,14760,0,20 24,1,70,,14745,0,23,1,30,,14773,,,1,70,,14746,0,23,1,30,,14761,0,20 24,1,70,,14747,0,23,1,30,,14762,0,20 24,1,70,,14748,0,23,1,30,,14774,,,1,70,,14749,0,23,1,30,,14767,0,25,1,70,,14768,0,25,1,30,,14758,0,23,1,70,,14750,0,23,1,30,,14763,0,20 24,1,70,,14751,0,23,1,30,,14764,0,20 24,1,70,,14752,0,23,1,30,,14765,0,20 24,1,70,,14753,0,23,1,30,,14775,,,1,70,,14754,0,23,1,30,,14776,,,1,100,,14766,0,20 24,1
300,'20260409',653,,14794,0,23,1,70,,14779,0,23,1,30,,14795,0,23,1,70,,14780,0,23,1,30,,14796,0,23,1,70,,14781,0,23,1,30,,14811,,,1,70,,14782,0,23,1,30,,14798,0,20 24,1,70,,14783,0,23,1,30,,14799,0,20 24,1,70,,14784,0,23,1,30,,14812,,,1,70,,14785,0,23,1,30,,14800,0,20 24,1,70,,14786,0,23,1,30,,14801,0,20 24,1,70,,14787,0,23,1,30,,14813,,,1,70,,14788,0,23,1,30,,14806,0,25,1,70,,14807,0,25,1,30,,14797,0,23,1,70,,14789,0,23,1,30,,14802,0,20 24,1,70,,14790,0,23,1,30,,14803,0,20 24,1,70,,14791,0,23,1,30,,14804,0,20 24,1,70,,14792,0,23,1,30,,14814,,,1,70,,14793,0,23,1,30,,14815,,,1,100,,14805,0,20 24,1
300,'20260410',653,,14833,0,23,1,70,,14818,0,23,1,30,,14834,0,23,1,70,,14819,0,23,1,30,,14835,0,23,1,70,,14820,0,23,1,30,,14850,,,1,70,,14821,0,23,1,30,,14837,0,20 24,1,70,,14822,0,23,1,30,,14838,0,20 24,1,70,,14823,0,23,1,30,,14851,,,1,70,,14824,0,23,1,30,,14839,0,20 24,1,70,,14825,0,23,1,30,,14840,0,20 24,1,70,,14826,0,23,1,30,,14852,,,1,70,,14827,0,23,1,30,,14845,0,25,1,70,,14846,0,25,1,30,,14836,0,23,1,70,,14828,0,23,1,30,,14841,0,20 24,1,70,,14829,0,23,1,30,,14842,0,20 24,1,70,,14830,0,23,1,30,,14843,0,20 24,1,70,,14831,0,23,1,30,,14853,,,1,70,,14832,0,23,1,30,,14854,,,1,100,,14844,0,20 24,1
300,'20260411',907,,14866,0,20 24,1,100,,14867,0,20 24,1,100,,14868,0,20 24,1,100,,14869,0,20 24,1,100,,14870,0,20 24,1,100,,14871,0,20 24,1,100,,14872,0,20 24,1,30,,14857,0,23,1,70,,14873,0,20 24,1,30,,14858,0,23,1,70,,14880,,,1,30,,14859,0,23,1,70,,14874,0,20 24,1,30,,14860,0,23,1,70,,14875,0,20 24,1,30,,14861,0,23,1,70,,14876,0,20 24,1,30,,14862,0,23,1,70,,14877,0,20 24,1,30,,14863,0,23,1,70,,14878,0,20 24,1,30,,14864,0,23,1,70,,14881,,,1,30,,14865,0,23,1,70,,14879,0,20 24,1
300,'20260412',907,,14891,0,20 24,1,100,,14892,0,20 24,1,100,,14893,0,20 24,1,100,,14894,0,20 24,1,100,,14895,0,20 24,1,100,,14896,0,20 24,1,100,,14897,0,20 24,1,30,,14882,0,23,1,70,,14898,0,20 24,1,30,,14883,0,23,1,70,,14905,,,1,30,,14884,0,23,1,70,,14899,0,20 24,1,30,,14885,0,23,1,70,,14900,0,20 24,1,30,,14886,0,23,1,70,,14901,0,20 24,1,30,,14887,0,23,1,70,,14902,0,20 24,1,30,,14888,0,23,1,70,,14903,0,20 24,1,30,,14889,0,23,1,70,,14906,,,1,30,,14890,0,23,1,70,,14904,0,20 24,1
300,'20260413',653,,14922,0,23,1,70,,14907,0,23,1,30,,14923,0,23,1,70,,14908,0,23,1,30,,14924,0,23,1,70,,14909,0,23,1,30,,14939,,,1,70,,14910,0,23,1,30,,14926,0,20 24,1,70,,14911,0,23,1,30,,14927,0,20 24,1,70,,14912,0,23,1,30,,14940,,,1,70,,14913,0,23,1,30,,14928,0,20 24,1,70,,14914,0,23,1,30,,14929,0,20 24,1,70,,14915,0,23,1,30,,14941,,,1,70,,14916,0,23,1,30,,14934,0,25,1,70,,14935,0,25,1,30,,14925,0,23,1,70,,14917,0,23,1,30,,14930,0,20 24,1,70,,14918,0,23,1,30,,14931,0,20 24,1,70,,14919,0,23,1,30,,14932,0,20 24,1,70,,14920,0,23,1,30,,14942,,,1,70,,14921,0,23,1,30,,14943,,,1,100,,14933,0,20 24,1
300,'20260414',653,,14961,0,23,1,70,,14946,0,23,1,30,,14962,0,23,1,70,,14947,0,23,1,30,,14963,0,23,1,70,,14948,0,23,1,30,,14978,,,1,70,,14949,0,23,1,30,,14965,0,20 24,1,70,,14950,0,23,1,30,,14966,0,20 24,1,70,,14951,0,23,1,30,,14979,,,1,70,,14952,0,23,1,30,,14967,0,20 24,1,70,,14953,0,23,1,30,,14968,0,20 24,1,70,,14954,0,23,1,30,,14980,,,1,70,,14955,0,23,1,30,,14973,0,25,1,70,,14974,0,25,1,30,,14964,0,23,1,70,,14956,0,23,1,30,,14969,0,20 24,1,70,,14957,0,23,1,30,,14970,0,20 24,1,70,,14958,0,23,1,30,,14971,0,20 24,1,70,,14959,0,23,1,30,,14981,,,1,70,,14960,0,23,1,30,,14982,,,1,100,,14972,0,20 24,1
300,'20260415',653,,15000,0,23,1,70,,14985,0,23,1,30,,15001,0,23,1,70,,14986,0,23,1,30,,15002,0,23,1,70,,14987,0,23,1,30,,15017,,,1,70,,14988,0,23,1,30,,15004,0,20 24,1,70,,14989,0,23,1,30,,15005,0,20 24,1,70,,14990,0,23,1,30,,15018,,,1,70,,14991,0,23,1,30,,15006,0,20 24,1,70,,14992,0,23,1,30,,15007,0,20 24,1,70,,14993,0,23,1,30,,15019,,,1,70,,14994,0,23,1,30,,15012,0,25,1,70,,15013,0,25,1,30,,15003,0,23,1,70,,14995,0,23,1,30,,15008,0,20 24,1,70,,14996,0,23,1,30,,15009,0,20 24,1,70,,14997,0,23,1,30,,15010,0,20 24,1,70,,14998,0,23,1,30,,15020,,,1,70,,14999,0,23,1,30,,15021,,,1,100,,15011,0,20 24,1
300,'20260416',653,,15039,0,23,1,70,,15024,0,23,1,30,,15040,0,23,1,70,,15025,0,23,1,30,,15041,0,23,1,70,,15026,0,23,1,30,,15056,,,1,70,,15027,0,23,1,30,,15043,0,20 24,1,70,,15028,0,23,1,30,,15044,0,20 24,1,70,,15029,0,23,1,30,,15057,,,1,70,,15030,0,23,1,30,,15045,0,20 24,1,70,,15031,0,23,1,30,,15046,0,20 24,1,70,,15032,0,23,1,30,,15058,,,1,70,,15033,0,23,1,30,,15051,0,25,1,70,,15052,0,25,1,30,,15042,0,23,1,70,,15034,0,23,1,30,,15047,0,20 24,1,70,,15035,0,23,1,30,,15048,0,20 24,1,70,,15036,0,23,1,30,,15049,0,20 24,1,70,,15037,0,23,1,30,,15059,,,1,70,,15038,0,23,1,30,,15060,,,1,100,,15050,0,20 24,1
300,'20260417',653,,15078,0,23,1,70,,15063,0,23,1,30,,15079,0,23,1,70,,15064,0,23,1,30,,15080,0,23,1,70,,15065,0,23,1,30,,15095,,,1,70,,15066,0,23,1,30,,15082,0,20 24,1,70,,15067,0,23,1,30,,15083,0,20 24,1,70,,15068,0,23,1,30,,15096,,,1,70,,15069,0,23,1,30,,15084,0,20 24,1,70,,15070,0,23,1,30,,15085,0,20 24,1,70,,15071,0,23,1,30,,15097,,,1,70,,15072,0,23,1,30,,15090,0,25,1,70,,15091,0,25,1,30,,15081,0,23,1,70,,15073,0,23,1,30,,15086,0,20 24,1,70,,15074,0,23,1,30,,15087,0,20 24,1,70,,15075,0,23,1,30,,15088,0,20 24,1,70,,15076,0,23,1,30,,15098,,,1,70,,15077,0,23,1,30,,15099,,,1,100,,15089,0,20 24,1
300,'20260418',907,,15111,0,20 24,1,100,,15112,0,20 24,1,100,,15113,0,20 24,1,100,,15114,0,20 24,1,100,,15115,0,20 24,1,100,,15116,0,20 24,1,100,,15117,0,20 24,1,30,,15102,0,23,1,70,,15118,0,20 24,1,30,,15103,0,23,1,70,,15125,,,1,30,,15104,0,23,1,70,,15119,0,20 24,1,30,,15105,0,23,1,70,,15120,0,20 24,1,30,,15106,0,23,1,70,,15121,0,20 24,1,30,,15107,0,23,1,70,,15122,0,20 24,1,30,,15108,0,23,1,70,,15123,0,20 24,1,30,,15109,0,23,1,70,,15126,,,1,30,,15110,0,23,1,70,,15124,0,20 24,1
300,'20260419',907,,15136,0,20 24,1,100,,15137,0,20 24,1,100,,15138,0,20 24,1,100,,15139,0,20 24,1,100,,15140,0,20 24,1,100,,15141,0,20 24,1,100,,15142,0,20 24,1,30,,15127,0,23,1,70,,15143,0,20 24,1,30,,15128,0,23,1,70,,15150,,,1,30,,15129,0,23,1,70,,15144,0,20 24,1,30,,15130,0,23,1,70,,15145,0,20 24,1,30,,15131,0,23,1,70,,15146,0,20 24,1,30,,15132,0,23,1,70,,15147,0,20 24,1,30,,15133,0,23,1,70,,15148,0,20 24,1,30,,15134,0,23,1,70,,15151,,,1,30,,15135,0,23,1,70,,15149,0,20 24,1
300,'20260420',653,,15167,0,23,1,70,,15152,0,23,1,30,,15168,0,23,1,70,,15153,0,23,1,30,,15169,0,23,1,70,,15154,0,23,1,30,,15184,,,1,70,,15155,0,23,1,30,,15171,0,20 24,1,70,,15156,0,23,1,30,,15172,0,20 24,1,70,,15157,0,23,1,30,,15185,,,1,70,,15158,0,23,1,30,,15173,0,20 24,1,70,,15159,0,23,1,30,,15174,0,20 24,1,70,,15160,0,23,1,30,,15186,,,1,70,,15161,0,23,1,30,,15179,0,25,1,70,,15180,0,25,1,30,,15170,0,23,1,70,,15162,0,23,1,30,,15175,0,20 24,1,70,,15163,0,23,1,30,,15176,0,20 24,1,70,,15164,0,23,1,30,,15177,0,20 24,1,70,,15165,0,23,1,30,,15187,,,1,70,,15166,0,23,1,30,,15188,,,1,100,,15178,0,20 24,1
300,'20260421',653,,15206,0,23,1,70,,15191,0,23,1,30,,15207,0,23,1,70,,15192,0,23,1,30,,15208,0,23,1,70,,15193,0,23,1,30,,15223,,,1,70,,15194,0,23,1,30,,15210,0,20 24,1,70,,15195,0,23,1,30,,15211,0,20 24,1,70,,15196,0,23,1,30,,15224,,,1,70,,15197,0,23,1,30,,15212,0,20 24,1,70,,15198,0,23,1,30,,15213,0,20 24,1,70,,15199,0,23,1,30,,15225,,,1,70,,15200,0,23,1,30,,15218,0,25,1,70,,15219,0,25,1,30,,15209,0,23,1,70,,15201,0,23,1,30,,15214,0,20 24,1,70,,15202,0,23,1,30,,15215,0,20 24,1,70,,15203,0,23,1,30,,15216,0,20 24,1,70,,15204,0,23,1,30,,15226,,,1,70,,15205,0,23,1,30,,15227,,,1,100,,15217,0,20 24,1
300,'20260422',653,,15245,0,23,1,70,,15230,0,23,1,30,,15246,0,23,1,70,,15231,0,23,1,30,,15247,0,23,1,70,,15232,0,23,1,30,,15262,,,1,70,,15233,0,23,1,30,,15249,0,20 24,1,70,,15234,0,23,1,30,,15250,0,20 24,1,70,,15235,0,23,1,30,,15263,,,1,70,,15236,0,23,1,30,,15251,0,20 24,1,70,,15237,0,23,1,30,,15252,0,20 24,1,70,,15238,0,23,1,30,,15264,,,1,70,,15239,0,23,1,30,,15257,0,25,1,70,,15258,0,25,1,30,,15248,0,23,1,70,,15240,0,23,1,30,,15253,0,20 24,1,70,,15241,0,23,1,30,,15254,0,20 24,1,70,,15242,0,23,1,30,,15255,0,20 24,1,70,,15243,0,23,1,30,,15265,,,1,70,,15244,0,23,1,30,,15266,,,1,100,,15256,0,20 24,1
300,'20260423',653,,15284,0,23,1,70,,15269,0,23,1,30,,15285,0,23,1,70,,15270,0,23,1,30,,15286,0,23,1,70,,15271,0,23,1,30,,15301,,,1,70,,15272,0,23,1,30,,15288,0,20 24,1,70,,15273,0,23,1,30,,15289,0,20 24,1,70,,15274,0,23,1,30,,15302,,,1,70,,15275,0,23,1,30,,15290,0,20 24,1,70,,15276,0,23,1,30,,15291,0,20 24,1,70,,15277,0,23,1,30,,15303,,,1,70,,15278,0,23,1,30,,15296,0,25,1,70,,15297,0,25,1,30,,15287,0,23,1,70,,15279,0,23,1,30,,15292,0,20 24,1,70,,15280,0,23,1,30,,15293,0,20 24,1,70,,15281,0,23,1,30,,15294,0,20 24,1,70,,15282,0,23,1,30,,15304,,,1,70,,15283,0,23,1,30,,15305,,,1,100,,15295,0,20 24,1
300,'20260424',653,,15323,0,23,1,70,,15308,0,23,1,30,,15324,0,23,1,70,,15309,0,23,1,30,,15325,0,23,1,70,,15310,0,23,1,30,,15340,,,1,70,,15311,0,23,1,30,,15327,0,20 24,1,70,,15312,0,23,1,30,,15328,0,20 24,1,70,,15313,0,23,1,30,,15341,,,1,70,,15314,0,23,1,30,,15329,0,20 24,1,70,,15315,0,23,1,30,,15330,0,20 24,1,70,,15316,0,23,1,30,,15342,,,1,70,,15317,0,23,1,30,,15335,0,25,1,70,,15336,0,25,1,30,,15326,0,23,1,70,,15318,0,23,1,30,,15331,0,20 24,1,70,,15319,0,23,1,30,,15332,0,20 24,1,70,,15320,0,23,1,30,,15333,0,20 24,1,70,,15321,0,23,1,30,,15343,,,1,70,,15322,0,23,1,30,,15344,,,1,100,,15334,0,20 24,1
301,'20260217',615,,16835,,,1,30,,16837,,,1,70,,16824,,,1,30,,16808,,,1,70,,16825,,,1,30,,16809,,,1,70,,16826,,,1,30,,16810,,,1,70,,16827,,,1,30,,16811,,,1,70,,16829,,,1,30,,16812,,,1,70,,16830,,,1,30,,16813,,,1,70,,16840,,,1,30,,16814,,,1,70,,16831,,,1,30,,16815,,,1,70,,16832,,,1,30,,16816,,,1,70,,16841,,,1,30,,16817,,,1,100,,16818,,,1,100,,16819,,,1,70,,16828,,,1,100,,16833,,,1,30,,16820,,,1,70,,16834,,,1,30,,16821,,,1,70,,16842,,,1,30,,16822,,,1,100,,16823,,,1
301,'20260218',615,,16874,,,1,30,,16876,,,1,70,,36561,,,1,30,,36562,,,1,70,,16864,,,1,30,,36563,,,1,70,,16865,,,1,30,,36564,,,1,70,,36565,,,1,30,,16850,,,1,70,,16868,,,1,100,,16869,,,1,100,,16879,,,1,100,,16870,,,1,100,,16871,,,1,100,,16880,,,1,30,,16856,,,1,100,,16857,,,1,100,,16858,,,1,170,,16872,,,1,100,,16873,,,1,100,,16881,,,1,130,,16862,,,1
301,'20260219',615,,16913,,,1,30,,16915,,,1,70,,16902,,,1,30,,16886,,,1,70,,16903,,,1,30,,16887,,,1,70,,16904,,,1,30,,16888,,,1,70,,16905,,,1,30,,16889,,,1,70,,16907,,,1,30,,16890,,,1,70,,16908,,,1,30,,16891,,,1,70,,16918,,,1,30,,16892,,,1,70,,16909,,,1,30,,16893,,,1,70,,16910,,,1,30,,16894,,,1,70,,16919,,,1,30,,16895,,,1,100,,16896,,,1,100,,16897,,,1,70,,16906,,,1,100,,16911,,,1,30,,16898,,,1,70,,16912,,,1,30,,16899,,,1,70,,16920,,,1,30,,16900,,,1,100,,16901,,,1
301,'20260220',615,,16952,,,1,30,,16954,,,1,70,,16941,,,1,30,,16925,,,1,70,,16942,,,1,30,,16926,,,1,70,,16943,,,1,30,,16927,,,1,70,,16944,,,1,30,,16928,,,1,70,,16946,,,1,30,,16929,,,1,70,,16947,,,1,30,,16930,,,1,70,,16957,,,1,30,,16931,,,1,70,,16948,,,1,30,,16932,,,1,70,,16949,,,1,30,,16933,,,1,70,,16958,,,1,30,,16934,,,1,100,,16935,,,1,100,,16936,,,1,70,,16945,,,1,100,,16950,,,1,30,,16937,,,1,70,,16951,,,1,30,,16938,,,1,70,,16959,,,1,30,,16939,,,1,100,,16940,,,1
301,'20260221',815,,16973,,,1,100,,16987,,,1,100,,16974,,,1,100,,16975,,,1,100,,16976,,,1,100,,16977,,,1,100,,16978,,,1,30,,16964,,,1,70,,16979,,,1,30,,16965,,,1,70,,16980,,,1,30,,16966,,,1,70,,16988,,,1,30,,16967,,,1,70,,16981,,,1,30,,16968,,,1,70,,16982,,,1,30,,16969,,,1,70,,16983,,,1,30,,16970,,,1,70,,16984,,,1,30,,16971,,,1,70,,16985,,,1,30,,16972,,,1,70,,16986,,,1
301,'20260222',815,,16998,,,1,100,,17012,,,1,100,,16999,,,1,100,,17000,,,1,100,,17001,,,1,100,,17002,,,1,100,,17003,,,1,30,,16989,,,1,70,,17004,,,1,30,,16990,,,1,70,,17005,,,1,30,,16991,,,1,70,,17013,,,1,30,,16992,,,1,70,,17006,,,1,30,,16993,,,1,70,,17007,,,1,30,,16994,,,1,70,,17008,,,1,30,,16995,,,1,70,,17009,,,1,30,,16996,,,1,70,,17010,,,1,30,,16997,,,1,70,,17011,,,1
301,'20260223',615,,17041,,,1,30,,17043,,,1,70,,17030,,,1,30,,17014,,,1,70,,17031,,,1,30,,17015,,,1,70,,17032,,,1,30,,17016,,,1,70,,17033,,,1,30,,17017,,,1,70,,17035,,,1,30,,17018,,,1,70,,17036,,,1,30,,17019,,,1,70,,17046,,,1,30,,17020,,,1,70,,17037,,,1,30,,17021,,,1,70,,17038,,,1,30,,17022,,,1,70,,17047,,,1,30,,17023,,,1,100,,17024,,,1,100,,17025,,,1,70,,17034,,,1,100,,17039,,,1,30,,17026,,,1,70,,17040,,,1,30,,17027,,,1,70,,17048,,,1,30,,17028,,,1,100,,17029,,,1
301,'20260224',615,,17080,,,1,30,,17082,,,1,70,,17069,,,1,30,,17053,,,1,70,,17070,,,1,30,,17054,,,1,70,,17071,,,1,30,,17055,,,1,70,,17072,,,1,30,,17056,,,1,70,,17074,,,1,30,,17057,,,1,70,,17075,,,1,30,,17058,,,1,70,,17085,,,1,30,,17059,,,1,70,,17076,,,1,30,,17060,,,1,70,,17077,,,1,30,,17061,,,1,70,,17086,,,1,30,,17062,,,1,100,,17063,,,1,100,,17064,,,1,70,,17073,,,1,100,,17078,,,1,30,,17065,,,1,70,,17079,,,1,30,,17066,,,1,70,,17087,,,1,30,,17067,,,1,100,,17068,,,1
301,'20260225',615,,17119,,,1,30,,17121,,,1,70,,17108,,,1,30,,17092,,,1,70,,17109,,,1,30,,17093,,,1,70,,17110,,,1,30,,17094,,,1,70,,17111,,,1,30,,17095,,,1,70,,17113,,,1,30,,17096,,,1,70,,17114,,,1,30,,17097,,,1,70,,17124,,,1,30,,17098,,,1,70,,17115,,,1,30,,17099,,,1,70,,17116,,,1,30,,17100,,,1,70,,17125,,,1,30,,17101,,,1,100,,17102,,,1,100,,17103,,,1,70,,17112,,,1,100,,17117,,,1,30,,17104,,,1,70,,17118,,,1,30,,17105,,,1,70,,17126,,,1,30,,17106,,,1,100,,17107,,,1
301,'20260226',615,,17158,,,1,30,,17160,,,1,70,,17147,,,1,30,,17131,,,1,70,,17148,,,1,30,,17132,,,1,70,,17149,,,1,30,,17133,,,1,70,,17150,,,1,30,,17134,,,1,70,,17152,,,1,30,,17135,,,1,70,,17153,,,1,30,,17136,,,1,70,,17163,,,1,30,,17137,,,1,70,,17154,,,1,30,,17138,,,1,70,,17155,,,1,30,,17139,,,1,70,,17164,,,1,30,,17140,,,1,100,,17141,,,1,100,,17142,,,1,70,,17151,,,1,100,,17156,,,1,30,,17143,,,1,70,,17157,,,1,30,,17144,,,1,70,,17165,,,1,30,,17145,,,1,100,,17146,,,1
301,'20260227',615,,17197,,,1,30,,17199,,,1,70,,17186,,,1,30,,17170,,,1,70,,17187,,,1,30,,17171,,,1,70,,17188,,,1,30,,17172,,,1,70,,17189,,,1,30,,17173,,,1,70,,17191,,,1,30,,17174,,,1,70,,17192,,,1,30,,17175,,,1,70,,17202,,,1,30,,17176,,,1,70,,17193,,,1,30,,17177,,,1,70,,17194,,,1,30,,17178,,,1,70,,17203,,,1,30,,17179,,,1,100,,17180,,,1,100,,17181,,,1,70,,17190,,,1,100,,17195,,,1,30,,17182,,,1,70,,17196,,,1,30,,17183,,,1,70,,17204,,,1,30,,17184,,,1,100,,17185,,,1
301,'20260228',815,,17218,,,1,100,,17232,,,1,100,,17219,,,1,100,,17220,,,1,100,,17221,,,1,100,,17222,,,1,100,,17223,,,1,30,,17209,,,1,70,,17224,,,1,30,,17210,,,1,70,,17225,,,1,30,,17211,,,1,70,,17233,,,1,30,,17212,,,1,70,,17226,,,1,30,,17213,,,1,70,,17227,,,1,30,,17214,,,1,70,,17228,,,1,30,,17215,,,1,70,,17229,,,1,30,,17216,,,1,70,,17230,,,1,30,,17217,,,1,70,,17231,,,1
301,'20260301',815,,17243,,,1,100,,17257,,,1,100,,17244,,,1,100,,17245,,,1,100,,17246,,,1,100,,17247,,,1,100,,17248,,,1,30,,17234,,,1,70,,17249,,,1,30,,17235,,,1,70,,17250,,,1,30,,17236,,,1,70,,17258,,,1,30,,17237,,,1,70,,17251,,,1,30,,17238,,,1,70,,17252,,,1,30,,17239,,,1,70,,17253,,,1,30,,17240,,,1,70,,17254,,,1,30,,17241,,,1,70,,17255,,,1,30,,17242,,,1,70,,17256,,,1
301,'20260302',615,,17286,,,1,30,,17288,,,1,70,,17275,,,1,30,,17259,,,1,70,,17276,,,1,30,,17260,,,1,70,,17277,,,1,30,,17261,,,1,70,,17278,,,1,30,,17262,,,1,70,,17280,,,1,30,,17263,,,1,70,,17281,,,1,30,,17264,,,1,70,,17291,,,1,30,,17265,,,1,70,,17282,,,1,30,,17266,,,1,70,,17283,,,1,30,,17267,,,1,70,,17292,,,1,30,,17268,,,1,100,,17269,,,1,100,,17270,,,1,70,,17279,,,1,100,,17284,,,1,30,,17271,,,1,70,,17285,,,1,30,,17272,,,1,70,,17293,,,1,30,,17273,,,1,100,,17274,,,1
301,'20260303',615,,17325,,,1,30,,17327,,,1,70,,17314,,,1,30,,17298,,,1,70,,17315,,,1,30,,17299,,,1,70,,17316,,,1,30,,17300,,,1,70,,17317,,,1,30,,17301,,,1,70,,17319,,,1,30,,17302,,,1,70,,17320,,,1,30,,17303,,,1,70,,17330,,,1,30,,17304,,,1,70,,17321,,,1,30,,17305,,,1,70,,17322,,,1,30,,17306,,,1,70,,17331,,,1,30,,17307,,,1,100,,17308,,,1,100,,17309,,,1,70,,17318,,,1,100,,17323,,,1,30,,17310,,,1,70,,17324,,,1,30,,17311,,,1,70,,17332,,,1,30,,17312,,,1,100,,17313,,,1
301,'20260304',615,,17364,,,1,30,,17366,,,1,70,,17353,,,1,30,,17337,,,1,70,,17354,,,1,30,,17338,,,1,70,,17355,,,1,30,,17339,,,1,70,,17356,,,1,30,,17340,,,1,70,,17358,,,1,30,,17341,,,1,70,,17359,,,1,30,,17342,,,1,70,,17369,,,1,30,,17343,,,1,70,,17360,,,1,30,,17344,,,1,70,,17361,,,1,30,,17345,,,1,70,,17370,,,1,30,,17346,,,1,100,,17347,,,1,100,,17348,,,1,70,,17357,,,1,100,,17362,,,1,30,,17349,,,1,70,,17363,,,1,30,,17350,,,1,70,,17371,,,1,30,,17351,,,1,100,,17352,,,1
301,'20260305',615,,17403,,,1,30,,17405,,,1,70,,17392,,,1,30,,17376,,,1,70,,17393,,,1,30,,17377,,,1,70,,17394,,,1,30,,17378,,,1,70,,17395,,,1,30,,17379,,,1,70,,17397,,,1,30,,17380,,,1,70,,17398,,,1,30,,17381,,,1,70,,17408,,,1,30,,17382,,,1,70,,17399,,,1,30,,17383,,,1,70,,17400,,,1,30,,17384,,,1,70,,17409,,,1,30,,17385,,,1,100,,17386,,,1,100,,17387,,,1,70,,17396,,,1,100,,17401,,,1,30,,17388,,,1,70,,17402,,,1,30,,17389,,,1,70,,17410,,,1,30,,17390,,,1,100,,17391,,,1
301,'20260306',615,,17442,,,1,30,,17444,,,1,70,,17431,,,1,30,,17415,,,1,70,,17432,,,1,30,,17416,,,1,70,,17433,,,1,30,,17417,,,1,70,,17434,,,1,30,,17418,,,1,70,,17436,,,1,30,,17419,,,1,70,,17437,,,1,30,,17420,,,1,70,,17447,,,1,30,,17421,,,1,70,,17438,,,1,30,,17422,,,1,70,,17439,,,1,30,,17423,,,1,70,,17448,,,1,30,,17424,,,1,100,,17425,,,1,100,,17426,,,1,70,,17435,,,1,100,,17440,,,1,30,,17427,,,1,70,,17441,,,1,30,,17428,,,1,70,,17449,,,1,30,,17429,,,1,100,,17430,,,1
301,'20260307',815,,17463,,,1,100,,17477,,,1,100,,17464,,,1,100,,17465,,,1,100,,17466,,,1,100,,17467,,,1,100,,17468,,,1,30,,17454,,,1,70,,17469,,,1,30,,17455,,,1,70,,17470,,,1,30,,17456,,,1,70,,17478,,,1,30,,17457,,,1,70,,17471,,,1,30,,17458,,,1,70,,17472,,,1,30,,17459,,,1,70,,17473,,,1,30,,17460,,,1,70,,17474,,,1,30,,17461,,,1,70,,17475,,,1,30,,17462,,,1,70,,17476,,,1
301,'20260308',815,,17488,,,1,100,,17502,,,1,100,,17489,,,1,100,,17490,,,1,100,,17491,,,1,100,,17492,,,1,100,,17493,,,1,30,,17479,,,1,70,,17494,,,1,30,,17480,,,1,70,,17495,,,1,30,,17481,,,1,70,,17503,,,1,30,,17482,,,1,70,,17496,,,1,30,,17483,,,1,70,,17497,,,1,30,,17484,,,1,70,,17498,,,1,30,,17485,,,1,70,,17499,,,1,30,,17486,,,1,70,,17500,,,1,30,,17487,,,1,70,,17501,,,1
301,'20260309',615,,17531,,,1,30,,17533,,,1,70,,17520,,,1,30,,17504,,,1,70,,17521,,,1,30,,17505,,,1,70,,17522,,,1,30,,17506,,,1,70,,17523,,,1,30,,17507,,,1,70,,17525,,,1,30,,17508,,,1,70,,17526,,,1,30,,17509,,,1,70,,17536,,,1,30,,17510,,,1,70,,17527,,,1,30,,17511,,,1,70,,17528,,,1,30,,17512,,,1,70,,17537,,,1,30,,17513,,,1,100,,17514,,,1,100,,17515,,,1,70,,17524,,,1,100,,17529,,,1,30,,17516,,,1,70,,17530,,,1,30,,17517,,,1,70,,17538,,,1,30,,17518,,,1,100,,17519,,,1
301,'20260310',615,,17570,,,1,30,,17572,,,1,70,,17559,,,1,30,,17543,,,1,70,,17560,,,1,30,,17544,,,1,70,,17561,,,1,30,,17545,,,1,70,,17562,,,1,30,,17546,,,1,70,,17564,,,1,30,,17547,,,1,70,,17565,,,1,30,,17548,,,1,70,,17575,,,1,30,,17549,,,1,70,,17566,,,1,30,,17550,,,1,70,,17567,,,1,30,,17551,,,1,70,,17576,,,1,30,,17552,,,1,100,,17553,,,1,100,,17554,,,1,70,,17563,,,1,100,,17568,,,1,30,,17555,,,1,70,,17569,,,1,30,,17556,,,1,70,,17577,,,1,30,,17557,,,1,100,,17558,,,1
301,'20260311',615,,17609,,,1,30,,17611,,,1,70,,17598,,,1,30,,17582,,,1,70,,17599,,,1,30,,17583,,,1,70,,17600,,,1,30,,17584,,,1,70,,17601,,,1,30,,17585,,,1,70,,17603,,,1,30,,17586,,,1,70,,17604,,,1,30,,17587,,,1,70,,17614,,,1,30,,17588,,,1,70,,17605,,,1,30,,17589,,,1,70,,17606,,,1,30,,17590,,,1,70,,17615,,,1,30,,17591,,,1,100,,17592,,,1,100,,17593,,,1,70,,17602,,,1,100,,17607,,,1,30,,17594,,,1,70,,17608,,,1,30,,17595,,,1,70,,17616,,,1,30,,17596,,,1,100,,17597,,,1
301,'20260312',615,,17648,,,1,30,,17650,,,1,70,,17637,,,1,30,,17621,,,1,70,,17638,,,1,30,,17622,,,1,70,,17639,,,1,30,,17623,,,1,70,,17640,,,1,30,,17624,,,1,70,,17642,,,1,30,,17625,,,1,70,,17643,,,1,30,,17626,,,1,70,,17653,,,1,30,,17627,,,1,70,,17644,,,1,30,,17628,,,1,70,,17645,,,1,30,,17629,,,1,70,,17654,,,1,30,,17630,,,1,100,,17631,,,1,100,,17632,,,1,70,,17641,,,1,100,,17646,,,1,30,,17633,,,1,70,,17647,,,1,30,,17634,,,1,70,,17655,,,1,30,,17635,,,1,100,,17636,,,1
301,'20260313',615,,17687,,,1,30,,17689,,,1,70,,17676,,,1,30,,17660,,,1,70,,17677,,,1,30,,17661,,,1,70,,17678,,,1,30,,17662,,,1,70,,17679,,,1,30,,17663,,,1,70,,17681,,,1,30,,17664,,,1,70,,17682,,,1,30,,17665,,,1,70,,17692,,,1,30,,17666,,,1,70,,17683,,,1,30,,17667,,,1,70,,17684,,,1,30,,17668,,,1,70,,17693,,,1,30,,17669,,,1,100,,17670,,,1,100,,17671,,,1,70,,17680,,,1,100,,17685,,,1,30,,17672,,,1,70,,17686,,,1,30,,17673,,,1,70,,17694,,,1,30,,17674,,,1,100,,17675,,,1
301,'20260314',815,,17708,,,1,100,,17722,,,1,100,,17709,,,1,100,,17710,,,1,100,,17711,,,1,100,,17712,,,1,100,,17713,,,1,30,,17699,,,1,70,,17714,,,1,30,,17700,,,1,70,,17715,,,1,30,,17701,,,1,70,,17723,,,1,30,,17702,,,1,70,,17716,,,1,30,,17703,,,1,70,,17717,,,1,30,,17704,,,1,70,,17718,,,1,30,,17705,,,1,70,,17719,,,1,30,,17706,,,1,70,,17720,,,1,30,,17707,,,1,70,,17721,,,1
301,'20260315',815,,17733,,,1,100,,17747,,,1,100,,17734,,,1,100,,17735,,,1,100,,17736,,,1,100,,17737,,,1,100,,17738,,,1,30,,17724,,,1,70,,17739,,,1,30,,17725,,,1,70,,17740,,,1,30,,17726,,,1,70,,17748,,,1,30,,17727,,,1,70,,17741,,,1,30,,17728,,,1,70,,17742,,,1,30,,17729,,,1,70,,17743,,,1,30,,17730,,,1,70,,17744,,,1,30,,17731,,,1,70,,17745,,,1,30,,17732,,,1,70,,17746,,,1
301,'20260316',615,,17776,,,1,30,,17778,,,1,70,,17765,,,1,30,,17749,,,1,70,,17766,,,1,30,,17750,,,1,70,,17767,,,1,30,,17751,,,1,70,,17768,,,1,30,,17752,,,1,70,,17770,,,1,30,,17753,,,1,70,,17771,,,1,30,,17754,,,1,70,,17781,,,1,30,,17755,,,1,70,,17772,,,1,30,,17756,,,1,70,,17773,,,1,30,,17757,,,1,70,,17782,,,1,30,,17758,,,1,100,,17759,,,1,100,,17760,,,1,70,,17769,,,1,100,,17774,,,1,30,,17761,,,1,70,,17775,,,1,30,,17762,,,1,70,,17783,,,1,30,,17763,,,1,100,,17764,,,1
301,'20260317',615,,17815,,,1,30,,17817,,,1,70,,17804,,,1,30,,17788,,,1,70,,17805,,,1,30,,17789,,,1,70,,17806,,,1,30,,17790,,,1,70,,17807,,,1,30,,17791,,,1,70,,17809,,,1,30,,17792,,,1,70,,17810,,,1,30,,17793,,,1,70,,17820,,,1,30,,17794,,,1,70,,17811,,,1,30,,17795,,,1,70,,17812,,,1,30,,17796,,,1,70,,17821,,,1,30,,17797,,,1,100,,17798,,,1,100,,17799,,,1,70,,17808,,,1,100,,17813,,,1,30,,17800,,,1,70,,17814,,,1,30,,17801,,,1,70,,17822,,,1,30,,17802,,,1,100,,17803,,,1
301,'20260318',615,,17854,,,1,30,,17856,,,1,70,,17843,,,1,30,,17827,,,1,70,,17844,,,1,30,,17828,,,1,70,,17845,,,1,30,,17829,,,1,70,,17846,,,1,30,,17830,,,1,70,,17848,,,1,30,,17831,,,1,70,,17849,,,1,30,,17832,,,1,70,,17859,,,1,30,,17833,,,1,70,,17850,,,1,30,,17834,,,1,70,,17851,,,1,30,,17835,,,1,70,,17860,,,1,30,,17836,,,1,100,,17837,,,1,100,,17838,,,1,70,,17847,,,1,100,,17852,,,1,30,,17839,,,1,70,,17853,,,1,30,,17840,,,1,70,,17861,,,1,30,,17841,,,1,100,,17842,,,1
301,'20260319',615,,17893,,,1,30,,17895,,,1,70,,17882,,,1,30,,17866,,,1,70,,17883,,,1,30,,17867,,,1,70,,17884,,,1,30,,17868,,,1,70,,17885,,,1,30,,17869,,,1,70,,17887,,,1,30,,17870,,,1,70,,17888,,,1,30,,17871,,,1,70,,17898,,,1,30,,17872,,,1,70,,17889,,,1,30,,17873,,,1,70,,17890,,,1,30,,17874,,,1,70,,17899,,,1,30,,17875,,,1,100,,17876,,,1,100,,17877,,,1,70,,17886,,,1,100,,17891,,,1,30,,17878,,,1,70,,17892,,,1,30,,17879,,,1,70,,17900,,,1,30,,17880,,,1,100,,17881,,,1
301,'20260320',615,,17932,,,1,30,,17934,,,1,70,,17921,,,1,30,,17905,,,1,70,,17922,,,1,30,,17906,,,1,70,,17923,,,1,30,,17907,,,1,70,,17924,,,1,30,,17908,,,1,70,,17926,,,1,30,,17909,,,1,70,,17927,,,1,30,,17910,,,1,70,,17937,,,1,30,,17911,,,1,70,,17928,,,1,30,,17912,,,1,70,,17929,,,1,30,,17913,,,1,70,,17938,,,1,30,,17914,,,1,100,,17915,,,1,100,,17916,,,1,70,,17925,,,1,100,,17930,,,1,30,,17917,,,1,70,,17931,,,1,30,,17918,,,1,70,,17939,,,1,30,,17919,,,1,100,,17920,,,1
301,'20260321',815,,17953,,,1,100,,17967,,,1,100,,17954,,,1,100,,17955,,,1,100,,17956,,,1,100,,17957,,,1,100,,17958,,,1,30,,17944,,,1,70,,17959,,,1,30,,17945,,,1,70,,17960,,,1,30,,17946,,,1,70,,17968,,,1,30,,17947,,,1,70,,17961,,,1,30,,17948,,,1,70,,17962,,,1,30,,17949,,,1,70,,17963,,,1,30,,17950,,,1,70,,17964,,,1,30,,17951,,,1,70,,17965,,,1,30,,17952,,,1,70,,17966,,,1
301,'20260322',815,,17978,,,1,100,,17992,,,1,100,,17979,,,1,100,,17980,,,1,100,,17981,,,1,100,,17982,,,1,100,,17983,,,1,30,,17969,,,1,70,,17984,,,1,30,,17970,,,1,70,,17985,,,1,30,,17971,,,1,70,,17993,,,1,30,,17972,,,1,70,,17986,,,1,30,,17973,,,1,70,,17987,,,1,30,,17974,,,1,70,,17988,,,1,30,,17975,,,1,70,,17989,,,1,30,,17976,,,1,70,,17990,,,1,30,,17977,,,1,70,,17991,,,1
301,'20260323',615,,18021,,,1,30,,18023,,,1,70,,18010,,,1,30,,17994,,,1,70,,18011,,,1,30,,17995,,,1,70,,18012,,,1,30,,17996,,,1,70,,18013,,,1,30,,17997,,,1,70,,18015,,,1,30,,17998,,,1,70,,18016,,,1,30,,17999,,,1,70,,18026,,,1,30,,18000,,,1,70,,18017,,,1,30,,18001,,,1,70,,18018,,,1,30,,18002,,,1,70,,18027,,,1,30,,18003,,,1,100,,18004,,,1,100,,18005,,,1,70,,18014,,,1,100,,18019,,,1,30,,18006,,,1,70,,18020,,,1,30,,18007,,,1,70,,18028,,,1,30,,18008,,,1,100,,18009,,,1
301,'20260324',615,,18060,,,1,30,,18062,,,1,70,,18049,,,1,30,,18033,,,1,70,,18050,,,1,30,,18034,,,1,70,,18051,,,1,30,,18035,,,1,70,,18052,,,1,30,,18036,,,1,70,,18054,,,1,30,,18037,,,1,70,,18055,,,1,30,,18038,,,1,70,,18065,,,1,30,,18039,,,1,70,,18056,,,1,30,,18040,,,1,70,,18057,,,1,30,,18041,,,1,70,,18066,,,1,30,,18042,,,1,100,,18043,,,1,100,,18044,,,1,70,,18053,,,1,100,,18058,,,1,30,,18045,,,1,70,,18059,,,1,30,,18046,,,1,70,,18067,,,1,30,,18047,,,1,100,,18048,,,1
301,'20260325',615,,18099,,,1,30,,18101,,,1,70,,18088,,,1,30,,18072,,,1,70,,18089,,,1,30,,18073,,,1,70,,18090,,,1,30,,18074,,,1,70,,18091,,,1,30,,18075,,,1,70,,18093,,,1,30,,18076,,,1,70,,18094,,,1,30,,18077,,,1,70,,18104,,,1,30,,18078,,,1,70,,18095,,,1,30,,18079,,,1,70,,18096,,,1,30,,18080,,,1,70,,18105,,,1,30,,18081,,,1,100,,18082,,,1,100,,18083,,,1,70,,18092,,,1,100,,18097,,,1,30,,18084,,,1,70,,18098,,,1,30,,18085,,,1,70,,18106,,,1,30,,18086,,,1,100,,18087,,,1
301,'20260326',615,,18138,,,1,30,,18140,,,1,70,,18127,,,1,30,,18111,,,1,70,,18128,,,1,30,,18112,,,1,70,,18129,,,1,30,,18113,,,1,70,,18130,,,1,30,,18114,,,1,70,,18132,,,1,30,,18115,,,1,70,,18133,,,1,30,,18116,,,1,70,,18143,,,1,30,,18117,,,1,70,,18134,,,1,30,,18118,,,1,70,,18135,,,1,30,,18119,,,1,70,,18144,,,1,30,,18120,,,1,100,,18121,,,1,100,,18122,,,1,70,,18131,,,1,100,,18136,,,1,30,,18123,,,1,70,,18137,,,1,30,,18124,,,1,70,,18145,,,1,30,,18125,,,1,100,,18126,,,1
301,'20260327',615,,18177,,,1,30,,18179,,,1,70,,18166,,,1,30,,18150,,,1,70,,18167,,,1,30,,18151,,,1,70,,18168,,,1,30,,18152,,,1,70,,18169,,,1,30,,18153,,,1,70,,18171,,,1,30,,18154,,,1,70,,18172,,,1,30,,18155,,,1,70,,18182,,,1,30,,18156,,,1,70,,18173,,,1,30,,18157,,,1,70,,18174,,,1,30,,18158,,,1,70,,18183,,,1,30,,18159,,,1,100,,18160,,,1,100,,18161,,,1,70,,18170,,,1,100,,18175,,,1,30,,18162,,,1,70,,18176,,,1,30,,18163,,,1,70,,18184,,,1,30,,18164,,,1,100,,18165,,,1
301,'20260328',815,,18198,,,1,100,,18212,,,1,100,,18199,,,1,100,,18200,,,1,100,,18201,,,1,100,,18202,,,1,100,,18203,,,1,30,,18189,,,1,70,,18204,,,1,30,,18190,,,1,70,,18205,,,1,30,,18191,,,1,70,,18213,,,1,30,,18192,,,1,70,,18206,,,1,30,,18193,,,1,70,,18207,,,1,30,,18194,,,1,70,,18208,,,1,30,,18195,,,1,70,,18209,,,1,30,,18196,,,1,70,,18210,,,1,30,,18197,,,1,70,,18211,,,1
301,'20260329',815,,18223,,,1,100,,18237,,,1,100,,18224,,,1,100,,18225,,,1,100,,18226,,,1,100,,18227,,,1,100,,18228,,,1,30,,18214,,,1,70,,18229,,,1,30,,18215,,,1,70,,18230,,,1,30,,18216,,,1,70,,18238,,,1,30,,18217,,,1,70,,18231,,,1,30,,18218,,,1,70,,18232,,,1,30,,18219,,,1,70,,18233,,,1,30,,18220,,,1,70,,18234,,,1,30,,18221,,,1,70,,18235,,,1,30,,18222,,,1,70,,18236,,,1
301,'20260330',615,,18266,,,1,30,,18268,,,1,70,,18255,,,1,30,,18239,,,1,70,,18256,,,1,30,,18240,,,1,70,,18257,,,1,30,,18241,,,1,70,,18258,,,1,30,,18242,,,1,70,,18260,,,1,30,,18243,,,1,70,,18261,,,1,30,,18244,,,1,70,,18271,,,1,30,,18245,,,1,70,,18262,,,1,30,,18246,,,1,70,,18263,,,1,30,,18247,,,1,70,,18272,,,1,30,,18248,,,1,100,,18249,,,1,100,,18250,,,1,70,,18259,,,1,100,,18264,,,1,30,,18251,,,1,70,,18265,,,1,30,,18252,,,1,70,,18273,,,1,30,,18253,,,1,100,,18254,,,1
301,'20260331',615,,18305,,,1,30,,18307,,,1,70,,18294,,,1,30,,18278,,,1,70,,18295,,,1,30,,18279,,,1,70,,18296,,,1,30,,18280,,,1,70,,18297,,,1,30,,18281,,,1,70,,18299,,,1,30,,18282,,,1,70,,18300,,,1,30,,18283,,,1,70,,18310,,,1,30,,18284,,,1,70,,18301,,,1,30,,18285,,,1,70,,18302,,,1,30,,18286,,,1,70,,18311,,,1,30,,18287,,,1,100,,18288,,,1,100,,18289,,,1,70,,18298,,,1,100,,18303,,,1,30,,18290,,,1,70,,18304,,,1,30,,18291,,,1,70,,18312,,,1,30,,18292,,,1,100,,18293,,,1
301,'20260401',615,,18344,,,1,30,,18346,,,1,70,,18333,,,1,30,,18317,,,1,70,,18334,,,1,30,,18318,,,1,70,,18335,,,1,30,,18319,,,1,70,,18336,,,1,30,,18320,,,1,70,,18338,,,1,30,,18321,,,1,70,,18339,,,1,30,,18322,,,1,70,,18349,,,1,30,,18323,,,1,70,,18340,,,1,30,,18324,,,1,70,,18341,,,1,30,,18325,,,1,70,,18350,,,1,30,,18326,,,1,100,,18327,,,1,100,,18328,,,1,70,,18337,,,1,100,,18342,,,1,30,,18329,,,1,70,,18343,,,1,30,,18330,,,1,70,,18351,,,1,30,,18331,,,1,100,,18332,,,1
301,'20260402',615,,18383,,,1,30,,18385,,,1,70,,18372,,,1,30,,18356,,,1,70,,18373,,,1,30,,18357,,,1,70,,18374,,,1,30,,18358,,,1,70,,18375,,,1,30,,18359,,,1,70,,18377,,,1,30,,18360,,,1,70,,18378,,,1,30,,18361,,,1,70,,18388,,,1,30,,18362,,,1,70,,18379,,,1,30,,18363,,,1,70,,18380,,,1,30,,18364,,,1,70,,18389,,,1,30,,18365,,,1,100,,18366,,,1,100,,18367,,,1,70,,18376,,,1,100,,18381,,,1,30,,18368,,,1,70,,18382,,,1,30,,18369,,,1,70,,18390,,,1,30,,18370,,,1,100,,18371,,,1
301,'20260403',615,,18422,,,1,30,,18424,,,1,70,,18411,,,1,30,,18395,,,1,70,,18412,,,1,30,,18396,,,1,70,,18413,,,1,30,,18397,,,1,70,,18414,,,1,30,,18398,,,1,70,,18416,,,1,30,,18399,,,1,70,,18417,,,1,30,,18400,,,1,70,,18427,,,1,30,,18401,,,1,70,,18418,,,1,30,,18402,,,1,70,,18419,,,1,30,,18403,,,1,70,,18428,,,1,30,,18404,,,1,100,,18405,,,1,100,,18406,,,1,70,,18415,,,1,100,,18420,,,1,30,,18407,,,1,70,,18421,,,1,30,,18408,,,1,70,,18429,,,1,30,,18409,,,1,100,,18410,,,1
301,'20260404',815,,18443,,,1,100,,18457,,,1,100,,18444,,,1,100,,18445,,,1,100,,18446,,,1,100,,18447,,,1,100,,18448,,,1,30,,18434,,,1,70,,18449,,,1,30,,18435,,,1,70,,18450,,,1,30,,18436,,,1,70,,18458,,,1,30,,18437,,,1,70,,18451,,,1,30,,18438,,,1,70,,18452,,,1,30,,18439,,,1,70,,18453,,,1,30,,18440,,,1,70,,18454,,,1,30,,18441,,,1,70,,18455,,,1,30,,18442,,,1,70,,18456,,,1
301,'20260405',815,,18468,,,1,100,,18482,,,1,100,,18469,,,1,100,,18470,,,1,100,,18471,,,1,100,,18472,,,1,100,,18473,,,1,30,,18459,,,1,70,,18474,,,1,30,,18460,,,1,70,,18475,,,1,30,,18461,,,1,70,,18483,,,1,30,,18462,,,1,70,,18476,,,1,30,,18463,,,1,70,,18477,,,1,30,,18464,,,1,70,,18478,,,1,30,,18465,,,1,70,,18479,,,1,30,,18466,,,1,70,,18480,,,1,30,,18467,,,1,70,,18481,,,1
301,'20260406',615,,18511,,,1,30,,18513,,,1,70,,18500,,,1,30,,18484,,,1,70,,18501,,,1,30,,18485,,,1,70,,18502,,,1,30,,18486,,,1,70,,18503,,,1,30,,18487,,,1,70,,18505,,,1,30,,18488,,,1,70,,18506,,,1,30,,18489,,,1,70,,18516,,,1,30,,18490,,,1,70,,18507,,,1,30,,18491,,,1,70,,18508,,,1,30,,18492,,,1,70,,18517,,,1,30,,18493,,,1,100,,18494,,,1,100,,18495,,,1,70,,18504,,,1,100,,18509,,,1,30,,18496,,,1,70,,18510,,,1,30,,18497,,,1,70,,18518,,,1,30,,18498,,,1,100,,18499,,,1
301,'20260407',615,,18550,,,1,30,,18552,,,1,70,,18539,,,1,30,,18523,,,1,70,,18540,,,1,30,,18524,,,1,70,,18541,,,1,30,,18525,,,1,70,,18542,,,1,30,,18526,,,1,70,,18544,,,1,30,,18527,,,1,70,,18545,,,1,30,,18528,,,1,70,,18555,,,1,30,,18529,,,1,70,,18546,,,1,30,,18530,,,1,70,,18547,,,1,30,,18531,,,1,70,,18556,,,1,30,,18532,,,1,100,,18533,,,1,100,,18534,,,1,70,,18543,,,1,100,,18548,,,1,30,,18535,,,1,70,,18549,,,1,30,,18536,,,1,70,,18557,,,1,30,,18537,,,1,100,,18538,,,1
301,'20260408',615,,18589,,,1,30,,18591,,,1,70,,18578,,,1,30,,18562,,,1,70,,18579,,,1,30,,18563,,,1,70,,18580,,,1,30,,18564,,,1,70,,18581,,,1,30,,18565,,,1,70,,18583,,,1,30,,18566,,,1,70,,18584,,,1,30,,18567,,,1,70,,18594,,,1,30,,18568,,,1,70,,18585,,,1,30,,18569,,,1,70,,18586,,,1,30,,18570,,,1,70,,18595,,,1,30,,18571,,,1,100,,18572,,,1,100,,18573,,,1,70,,18582,,,1,100,,18587,,,1,30,,18574,,,1,70,,18588,,,1,30,,18575,,,1,70,,18596,,,1,30,,18576,,,1,100,,18577,,,1
301,'20260409',615,,18628,,,1,30,,18630,,,1,70,,18617,,,1,30,,18601,,,1,70,,18618,,,1,30,,18602,,,1,70,,18619,,,1,30,,18603,,,1,70,,18620,,,1,30,,18604,,,1,70,,18622,,,1,30,,18605,,,1,70,,18623,,,1,30,,18606,,,1,70,,18633,,,1,30,,18607,,,1,70,,18624,,,1,30,,18608,,,1,70,,18625,,,1,30,,18609,,,1,70,,18634,,,1,30,,18610,,,1,100,,18611,,,1,100,,18612,,,1,70,,18621,,,1,100,,18626,,,1,30,,18613,,,1,70,,18627,,,1,30,,18614,,,1,70,,18635,,,1,30,,18615,,,1,100,,18616,,,1
301,'20260410',615,,18667,,,1,30,,18669,,,1,70,,18656,,,1,30,,18640,,,1,70,,18657,,,1,30,,18641,,,1,70,,18658,,,1,30,,18642,,,1,70,,18659,,,1,30,,18643,,,1,70,,18661,,,1,30,,18644,,,1,70,,18662,,,1,30,,18645,,,1,70,,18672,,,1,30,,18646,,,1,70,,18663,,,1,30,,18647,,,1,70,,18664,,,1,30,,18648,,,1,70,,18673,,,1,30,,18649,,,1,100,,18650,,,1,100,,18651,,,1,70,,18660,,,1,100,,18665,,,1,30,,18652,,,1,70,,18666,,,1,30,,18653,,,1,70,,18674,,,1,30,,18654,,,1,100,,18655,,,1
301,'20260411',815,,18688,,,1,100,,18702,,,1,100,,18689,,,1,100,,18690,,,1,100,,18691,,,1,100,,18692,,,1,100,,18693,,,1,30,,18679,,,1,70,,18694,,,1,30,,18680,,,1,70,,18695,,,1,30,,18681,,,1,70,,18703,,,1,30,,18682,,,1,70,,18696,,,1,30,,18683,,,1,70,,18697,,,1,30,,18684,,,1,70,,18698,,,1,30,,18685,,,1,70,,18699,,,1,30,,18686,,,1,70,,18700,,,1,30,,18687,,,1,70,,18701,,,1
301,'20260412',815,,18713,,,1,100,,18727,,,1,100,,18714,,,1,100,,18715,,,1,100,,18716,,,1,100,,18717,,,1,100,,18718,,,1,30,,18704,,,1,70,,18719,,,1,30,,18705,,,1,70,,18720,,,1,30,,18706,,,1,70,,18728,,,1,30,,18707,,,1,70,,18721,,,1,30,,18708,,,1,70,,18722,,,1,30,,18709,,,1,70,,18723,,,1,30,,18710,,,1,70,,18724,,,1,30,,18711,,,1,70,,18725,,,1,30,,18712,,,1,70,,18726,,,1
301,'20260413',615,,18756,,,1,30,,18758,,,1,70,,18745,,,1,30,,18729,,,1,70,,18746,,,1,30,,18730,,,1,70,,18747,,,1,30,,18731,,,1,70,,18748,,,1,30,,18732,,,1,70,,18750,,,1,30,,18733,,,1,70,,18751,,,1,30,,18734,,,1,70,,18761,,,1,30,,18735,,,1,70,,18752,,,1,30,,18736,,,1,70,,18753,,,1,30,,18737,,,1,70,,18762,,,1,30,,18738,,,1,100,,18739,,,1,100,,18740,,,1,70,,18749,,,1,100,,18754,,,1,30,,18741,,,1,70,,18755,,,1,30,,18742,,,1,70,,18763,,,1,30,,18743,,,1,100,,18744,,,1
301,'20260414',615,,18795,,,1,30,,18797,,,1,70,,18784,,,1,30,,18768,,,1,70,,18785,,,1,30,,18769,,,1,70,,18786,,,1,30,,18770,,,1,70,,18787,,,1,30,,18771,,,1,70,,18789,,,1,30,,18772,,,1,70,,18790,,,1,30,,18773,,,1,70,,18800,,,1,30,,18774,,,1,70,,18791,,,1,30,,18775,,,1,70,,18792,,,1,30,,18776,,,1,70,,18801,,,1,30,,18777,,,1,100,,18778,,,1,100,,18779,,,1,70,,18788,,,1,100,,18793,,,1,30,,18780,,,1,70,,18794,,,1,30,,18781,,,1,70,,18802,,,1,30,,18782,,,1,100,,18783,,,1
301,'20260415',615,,18834,,,1,30,,18836,,,1,70,,18823,,,1,30,,18807,,,1,70,,18824,,,1,30,,18808,,,1,70,,18825,,,1,30,,18809,,,1,70,,18826,,,1,30,,18810,,,1,70,,18828,,,1,30,,18811,,,1,70,,18829,,,1,30,,18812,,,1,70,,18839,,,1,30,,18813,,,1,70,,18830,,,1,30,,18814,,,1,70,,18831,,,1,30,,18815,,,1,70,,18840,,,1,30,,18816,,,1,100,,18817,,,1,100,,18818,,,1,70,,18827,,,1,100,,18832,,,1,30,,18819,,,1,70,,18833,,,1,30,,18820,,,1,70,,18841,,,1,30,,18821,,,1,100,,18822,,,1
301,'20260416',615,,18873,,,1,30,,18875,,,1,70,,18862,,,1,30,,18846,,,1,70,,18863,,,1,30,,18847,,,1,70,,18864,,,1,30,,18848,,,1,70,,18865,,,1,30,,18849,,,1,70,,18867,,,1,30,,18850,,,1,70,,18868,,,1,30,,18851,,,1,70,,18878,,,1,30,,18852,,,1,70,,18869,,,1,30,,18853,,,1,70,,18870,,,1,30,,18854,,,1,70,,18879,,,1,30,,18855,,,1,100,,18856,,,1,100,,18857,,,1,70,,18866,,,1,100,,18871,,,1,30,,18858,,,1,70,,18872,,,1,30,,18859,,,1,70,,18880,,,1,30,,18860,,,1,100,,18861,,,1
301,'20260417',615,,18912,,,1,30,,18914,,,1,70,,18901,,,1,30,,18885,,,1,70,,18902,,,1,30,,18886,,,1,70,,18903,,,1,30,,18887,,,1,70,,18904,,,1,30,,18888,,,1,70,,18906,,,1,30,,18889,,,1,70,,18907,,,1,30,,18890,,,1,70,,18917,,,1,30,,18891,,,1,70,,18908,,,1,30,,18892,,,1,70,,18909,,,1,30,,18893,,,1,70,,18918,,,1,30,,18894,,,1,100,,18895,,,1,100,,18896,,,1,70,,18905,,,1,100,,18910,,,1,30,,18897,,,1,70,,18911,,,1,30,,18898,,,1,70,,18919,,,1,30,,18899,,,1,100,,18900,,,1
301,'20260418',815,,18933,,,1,100,,18947,,,1,100,,18934,,,1,100,,18935,,,1,100,,18936,,,1,100,,18937,,,1,100,,18938,,,1,30,,18924,,,1,70,,18939,,,1,30,,18925,,,1,70,,18940,,,1,30,,18926,,,1,70,,18948,,,1,30,,18927,,,1,70,,18941,,,1,30,,18928,,,1,70,,18942,,,1,30,,18929,,,1,70,,18943,,,1,30,,18930,,,1,70,,18944,,,1,30,,18931,,,1,70,,18945,,,1,30,,18932,,,1,70,,18946,,,1
301,'20260419',815,,18958,,,1,100,,18972,,,1,100,,18959,,,1,100,,18960,,,1,100,,18961,,,1,100,,18962,,,1,100,,18963,,,1,30,,18949,,,1,70,,18964,,,1,30,,18950,,,1,70,,18965,,,1,30,,18951,,,1,70,,18973,,,1,30,,18952,,,1,70,,18966,,,1,30,,18953,,,1,70,,18967,,,1,30,,18954,,,1,70,,18968,,,1,30,,18955,,,1,70,,18969,,,1,30,,18956,,,1,70,,18970,,,1,30,,18957,,,1,70,,18971,,,1
301,'20260420',615,,19001,,,1,30,,19003,,,1,70,,18990,,,1,30,,18974,,,1,70,,18991,,,1,30,,18975,,,1,70,,18992,,,1,30,,18976,,,1,70,,18993,,,1,30,,18977,,,1,70,,18995,,,1,30,,18978,,,1,70,,18996,,,1,30,,18979,,,1,70,,19006,,,1,30,,18980,,,1,70,,18997,,,1,30,,18981,,,1,70,,18998,,,1,30,,18982,,,1,70,,19007,,,1,30,,18983,,,1,100,,18984,,,1,100,,18985,,,1,70,,18994,,,1,100,,18999,,,1,30,,18986,,,1,70,,19000,,,1,30,,18987,,,1,70,,19008,,,1,30,,18988,,,1,100,,18989,,,1
301,'20260421',615,,19040,,,1,30,,19042,,,1,70,,19029,,,1,30,,19013,,,1,70,,19030,,,1,30,,19014,,,1,70,,19031,,,1,30,,19015,,,1,70,,19032,,,1,30,,19016,,,1,70,,19034,,,1,30,,19017,,,1,70,,19035,,,1,30,,19018,,,1,70,,19045,,,1,30,,19019,,,1,70,,19036,,,1,30,,19020,,,1,70,,19037,,,1,30,,19021,,,1,70,,19046,,,1,30,,19022,,,1,100,,19023,,,1,100,,19024,,,1,70,,19033,,,1,100,,19038,,,1,30,,19025,,,1,70,,19039,,,1,30,,19026,,,1,70,,19047,,,1,30,,19027,,,1,100,,19028,,,1
301,'20260422',615,,19079,,,1,30,,19081,,,1,70,,19068,,,1,30,,19052,,,1,70,,19069,,,1,30,,19053,,,1,70,,19070,,,1,30,,19054,,,1,70,,19071,,,1,30,,19055,,,1,70,,19073,,,1,30,,19056,,,1,70,,19074,,,1,30,,19057,,,1,70,,19084,,,1,30,,19058,,,1,70,,19075,,,1,30,,19059,,,1,70,,19076,,,1,30,,19060,,,1,70,,19085,,,1,30,,19061,,,1,100,,19062,,,1,100,,19063,,,1,70,,19072,,,1,100,,19077,,,1,30,,19064,,,1,70,,19078,,,1,30,,19065,,,1,70,,19086,,,1,30,,19066,,,1,100,,19067,,,1
301,'20260423',615,,19118,,,1,30,,19120,,,1,70,,19107,,,1,30,,19091,,,1,70,,19108,,,1,30,,19092,,,1,70,,19109,,,1,30,,19093,,,1,70,,19110,,,1,30,,19094,,,1,70,,19112,,,1,30,,19095,,,1,70,,19113,,,1,30,,19096,,,1,70,,19123,,,1,30,,19097,,,1,70,,19114,,,1,30,,19098,,,1,70,,19115,,,1,30,,19099,,,1,70,,19124,,,1,30,,19100,,,1,100,,19101,,,1,100,,19102,,,1,70,,19111,,,1,100,,19116,,,1,30,,19103,,,1,70,,19117,,,1,30,,19104,,,1,70,,19125,,,1,30,,19105,,,1,100,,19106,,,1
301,'20260424',615,,19157,,,1,30,,19159,,,1,70,,19146,,,1,30,,19130,,,1,70,,19147,,,1,30,,19131,,,1,70,,19148,,,1,30,,19132,,,1,70,,19149,,,1,30,,19133,,,1,70,,19151,,,1,30,,19134,,,1,70,,19152,,,1,30,,19135,,,1,70,,19162,,,1,30,,19136,,,1,70,,19153,,,1,30,,19137,,,1,70,,19154,,,1,30,,19138,,,1,70,,19163,,,1,30,,19139,,,1,100,,19140,,,1,100,,19141,,,1,70,,19150,,,1,100,,19155,,,1,30,,19142,,,1,70,,19156,,,1,30,,19143,,,1,70,,19164,,,1,30,,19144,,,1,100,,19145,,,1
