100,'20260629',1130,,33425,58,4,,1,798,,33426,58,4,,1,519,,33440,58,4,,1
100,'20260630',1130,,33500,58,4,,1,798,,33501,58,4,,1,519,,33515,58,4,,1
100,'20260701',1130,,33565,58,4,,1,205,,33566,58,4,,1,595,,33567,58,4,,1,215,,33568,58,4,,1
100,'20260702',1130,,33628,58,4,,1,800,,33629,58,4,,1,517,,33643,58,4,,1
100,'20260703',1130,,33703,58,4,,1,798,,33704,58,4,,1,519,,33718,58,4,,1
100,'20260704',1130,,33768,58,4,,1,205,,33769,58,4,,1,595,,33770,58,4,,1,215,,33771,58,4,,1
100,'20260705',1130,,33821,58,4,,1,205,,33822,58,4,,1,595,,33823,58,4,,1,215,,33824,58,4,,1
100,'20260706',1135,,33870,58,4,,1,798,,33871,58,4,,1,504,,33872,58,4,,1
100,'20260707',1135,,33918,58,4,,1,798,,33919,58,4,,1,504,,33920,58,4,,1
100,'20260708',1135,,33966,58,4,,1,798,,33967,58,4,,1,504,,33968,58,4,,1
100,'20260709',1135,,34014,58,4,,1,798,,34015,58,4,,1,504,,34016,58,4,,1
100,'20260710',1135,,34064,58,4,,1,798,,34065,58,4,,1,504,,34066,58,4,,1
100,'20260711',1135,,34116,58,4,,1,205,,34117,58,4,,1,595,,34118,58,4,,1,215,,34119,58,4,,1
100,'20260712',1135,,34169,58,4,,1,205,,34170,58,4,,1,595,,34171,58,4,,1,215,,34172,58,4,,1
100,'20260713',1135,,34218,58,4,,1,798,,34219,58,4,,1,504,,34220,58,4,,1
100,'20260714',1135,,34266,58,4,,1,798,,34267,58,4,,1,504,,34268,58,4,,1
100,'20260715',1135,,34314,58,4,,1,798,,34315,58,4,,1,504,,34316,58,4,,1
100,'20260716',1135,,34362,58,4,,1,798,,34363,58,4,,1,504,,34364,58,4,,1
100,'20260717',1135,,34412,58,4,,1,798,,34413,58,4,,1,504,,34414,58,4,,1
100,'20260718',1135,,34464,58,4,,1,205,,34465,58,4,,1,595,,34466,58,4,,1,215,,34467,58,4,,1
100,'20260719',1135,,34517,58,4,,1,205,,34518,58,4,,1,595,,34519,58,4,,1,215,,34520,58,4,,1
100,'20260720',1135,,34566,58,4,,1,798,,34567,58,4,,1,504,,34568,58,4,,1
100,'20260721',1135,,34614,58,4,,1,798,,34615,58,4,,1,504,,34616,58,4,,1
100,'20260722',1135,,34662,58,4,,1,798,,34663,58,4,,1,504,,34664,58,4,,1
100,'20260723',1135,,34710,58,4,,1,798,,34711,58,4,,1,504,,34712,58,4,,1
100,'20260724',1135,,34760,58,4,,1,798,,34761,58,4,,1,504,,34762,58,4,,1
100,'20260725',1135,,34812,58,4,,1,205,,34813,58,4,,1,595,,34814,58,4,,1,215,,34815,58,4,,1
100,'20260726',1135,,34865,58,4,,1,205,,34866,58,4,,1,595,,34867,58,4,,1,215,,34868,58,4,,1
100,'20260727',1135,,34914,58,4,,1,798,,34915,58,4,,1,504,,34916,58,4,,1
100,'20260728',1135,,34962,58,4,,1,798,,34963,58,4,,1,504,,34964,58,4,,1
100,'20260729',1135,,35010,58,4,,1,798,,35011,58,4,,1,504,,35012,58,4,,1
100,'20260730',1135,,35058,58,4,,1,798,,35059,58,4,,1,504,,35060,58,4,,1
100,'20260731',1135,,35108,58,4,,1,798,,35109,58,4,,1,504,,35110,58,4,,1
100,'20260801',1135,,35160,58,4,,1,205,,35161,58,4,,1,595,,35162,58,4,,1,215,,35163,58,4,,1
100,'20260802',1135,,35213,58,4,,1,205,,35214,58,4,,1,595,,35215,58,4,,1,215,,35216,58,4,,1
100,'20260803',1135,,35262,58,4,,1,798,,35263,58,4,,1,504,,35264,58,4,,1
100,'20260804',1135,,35310,58,4,,1,798,,35311,58,4,,1,504,,35312,58,4,,1
100,'20260805',1135,,35358,58,4,,1,798,,35359,58,4,,1,504,,35360,58,4,,1
100,'20260806',1135,,35406,58,4,,1,798,,35407,58,4,,1,504,,35408,58,4,,1
100,'20260807',1135,,35456,58,4,,1,798,,35457,58,4,,1,504,,35458,58,4,,1
100,'20260808',1135,,35508,58,4,,1,205,,35509,58,4,,1,595,,35510,58,4,,1,215,,35511,58,4,,1
100,'20260809',1135,,35561,58,4,,1,205,,35562,58,4,,1,595,,35563,58,4,,1,215,,35564,58,4,,1
100,'20260810',1135,,35610,58,4,,1,798,,35611,58,4,,1,504,,35612,58,4,,1
100,'20260811',1135,,35658,58,4,,1,798,,35659,58,4,,1,504,,35660,58,4,,1
100,'20260812',1135,,35706,58,4,,1,798,,35707,58,4,,1,504,,35708,58,4,,1
100,'20260813',1135,,35754,58,4,,1,798,,35755,58,4,,1,504,,35756,58,4,,1
100,'20260814',1135,,35804,58,4,,1,798,,35805,58,4,,1,504,,35806,58,4,,1
100,'20260815',1135,,35856,58,4,,1,205,,35857,58,4,,1,595,,35858,58,4,,1,215,,35859,58,4,,1
100,'20260816',1135,,35909,58,4,,1,205,,35910,58,4,,1,595,,35911,58,4,,1,215,,35912,58,4,,1
100,'20260817',1135,,35958,58,4,,1,798,,35959,58,4,,1,504,,35960,58,4,,1
100,'20260818',1135,,36006,58,4,,1,798,,36007,58,4,,1,504,,36008,58,4,,1
100,'20260819',1135,,36054,58,4,,1,798,,36055,58,4,,1,504,,36056,58,4,,1
100,'20260820',1135,,36102,58,4,,1,798,,36103,58,4,,1,504,,36104,58,4,,1
100,'20260821',1135,,36152,58,4,,1,798,,36153,58,4,,1,504,,36154,58,4,,1
100,'20260822',1135,,36204,58,4,,1,205,,36205,58,4,,1,595,,36206,58,4,,1,215,,36207,58,4,,1
100,'20260823',1135,,36257,58,4,,1,205,,36258,58,4,,1,595,,36259,58,4,,1,215,,36260,58,4,,1
100,'20260824',1135,,36306,58,4,,1,798,,36307,58,4,,1,504,,36308,58,4,,1
100,'20260825',1135,,36354,58,4,,1,798,,36355,58,4,,1,504,,36356,58,4,,1
100,'20260826',1135,,36402,58,4,,1,798,,36403,58,4,,1,504,,36404,58,4,,1
100,'20260827',1135,,36450,58,4,,1,798,,36451,58,4,,1,504,,36452,58,4,,1
100,'20260828',1135,,36500,58,4,,1,798,,36501,58,4,,1,504,,36502,58,4,,1
100,'20260829',1135,,36552,58,4,,1,205,,36553,58,4,,1,595,,36554,58,4,,1,215,,36555,58,4,,1
100,'20260830',1135,,36605,58,4,,1,205,,36606,58,4,,1,595,,36607,58,4,,1,215,,36608,58,4,,1
100,'20260831',1135,,36654,58,4,,1,798,,36655,58,4,,1,504,,36656,58,4,,1
100,'20260901',1135,,36702,58,4,,1,798,,36703,58,4,,1,504,,36704,58,4,,1
100,'20260902',1135,,36750,58,4,,1,798,,36751,58,4,,1,504,,36752,58,4,,1
100,'20260903',1135,,36798,58,4,,1,798,,36799,58,4,,1,504,,36800,58,4,,1
100,'20260904',1135,,36848,58,4,,1,798,,36849,58,4,,1,504,,36850,58,4,,1
101,'20260629',641,,38225,1,,,1,666,,38226,1,,,1,711,,38227,1,,,1
101,'20260630',641,,38304,1,,,1,666,,38305,1,,,1,711,,38306,1,,,1
101,'20260701',1200,,38368,1,,,1,402,,38369,1,,,1,398,,38370,1,,,1,202,,38371,1,,,1
101,'20260702',641,,38437,1,,,1,666,,38438,1,,,1,711,,38439,1,,,1
101,'20260703',641,,38516,1,,,1,666,,38517,1,,,1,711,,38518,1,,,1
101,'20260704',1200,,38580,1,,,1,402,,38581,1,,,1,398,,38582,1,,,1,202,,38583,1,,,1
101,'20260705',1200,,38634,1,,,1,402,,38635,1,,,1,398,,38636,1,,,1,202,,38637,1,,,1
101,'20260706',636,,38683,1,,,1,666,,38684,1,,,1,657,,38685,1,,,1
101,'20260707',636,,38731,1,,,1,666,,38732,1,,,1,657,,38733,1,,,1
101,'20260708',636,,38779,1,,,1,666,,38780,1,,,1,657,,38781,1,,,1
101,'20260709',636,,38827,1,,,1,666,,38828,1,,,1,657,,38829,1,,,1
101,'20260710',636,,38877,1,,,1,666,,38878,1,,,1,657,,38879,1,,,1
101,'20260711',1155,,38930,1,,,1,402,,38931,1,,,1,398,,38932,1,,,1,255,,38933,1,,,1
101,'20260712',1155,,38984,1,,,1,402,,38985,1,,,1,398,,38986,1,,,1,255,,38987,1,,,1
101,'20260713',636,,39033,1,,,1,666,,39034,1,,,1,657,,39035,1,,,1
101,'20260714',636,,39081,1,,,1,666,,39082,1,,,1,657,,39083,1,,,1
101,'20260715',636,,39129,1,,,1,666,,39130,1,,,1,657,,39131,1,,,1
101,'20260716',636,,39177,1,,,1,666,,39178,1,,,1,657,,39179,1,,,1
101,'20260717',636,,39227,1,,,1,666,,39228,1,,,1,657,,39229,1,,,1
101,'20260718',1155,,39280,1,,,1,402,,39281,1,,,1,398,,39282,1,,,1,255,,39283,1,,,1
101,'20260719',1155,,39334,1,,,1,402,,39335,1,,,1,398,,39336,1,,,1,255,,39337,1,,,1
101,'20260720',636,,39383,1,,,1,666,,39384,1,,,1,657,,39385,1,,,1
101,'20260721',636,,39431,1,,,1,666,,39432,1,,,1,657,,39433,1,,,1
101,'20260722',636,,39479,1,,,1,666,,39480,1,,,1,657,,39481,1,,,1
101,'20260723',636,,39527,1,,,1,666,,39528,1,,,1,657,,39529,1,,,1
101,'20260724',636,,39577,1,,,1,666,,39578,1,,,1,657,,39579,1,,,1
101,'20260725',1155,,39630,1,,,1,402,,39631,1,,,1,398,,39632,1,,,1,255,,39633,1,,,1
101,'20260726',1155,,39684,1,,,1,402,,39685,1,,,1,398,,39686,1,,,1,255,,39687,1,,,1
101,'20260727',636,,39733,1,,,1,666,,39734,1,,,1,657,,39735,1,,,1
101,'20260728',636,,39781,1,,,1,666,,39782,1,,,1,657,,39783,1,,,1
101,'20260729',636,,39829,1,,,1,666,,39830,1,,,1,657,,39831,1,,,1
101,'20260730',636,,39877,1,,,1,666,,39878,1,,,1,657,,39879,1,,,1
101,'20260731',636,,39927,1,,,1,666,,39928,1,,,1,657,,39929,1,,,1
101,'20260801',1155,,39980,1,,,1,402,,39981,1,,,1,398,,39982,1,,,1,255,,39983,1,,,1
101,'20260802',1155,,40034,1,,,1,402,,40035,1,,,1,398,,40036,1,,,1,255,,40037,1,,,1
101,'20260803',636,,40083,1,,,1,666,,40084,1,,,1,657,,40085,1,,,1
101,'20260804',636,,40131,1,,,1,666,,40132,1,,,1,657,,40133,1,,,1
101,'20260805',636,,40179,1,,,1,666,,40180,1,,,1,657,,40181,1,,,1
101,'20260806',636,,40227,1,,,1,666,,40228,1,,,1,657,,40229,1,,,1
101,'20260807',636,,40277,1,,,1,666,,40278,1,,,1,657,,40279,1,,,1
101,'20260808',1155,,40330,1,,,1,402,,40331,1,,,1,398,,40332,1,,,1,255,,40333,1,,,1
101,'20260809',1155,,40384,1,,,1,402,,40385,1,,,1,398,,40386,1,,,1,255,,40387,1,,,1
101,'20260810',636,,40433,1,,,1,666,,40434,1,,,1,657,,40435,1,,,1
101,'20260811',636,,40481,1,,,1,666,,40482,1,,,1,657,,40483,1,,,1
101,'20260812',636,,40529,1,,,1,666,,40530,1,,,1,657,,40531,1,,,1
101,'20260813',636,,40577,1,,,1,666,,40578,1,,,1,657,,40579,1,,,1
101,'20260814',636,,40627,1,,,1,666,,40628,1,,,1,657,,40629,1,,,1
101,'20260815',1155,,40680,1,,,1,402,,40681,1,,,1,398,,40682,1,,,1,255,,40683,1,,,1
101,'20260816',1155,,40734,1,,,1,402,,40735,1,,,1,398,,40736,1,,,1,255,,40737,1,,,1
101,'20260817',636,,40783,1,,,1,666,,40784,1,,,1,657,,40785,1,,,1
101,'20260818',636,,40831,1,,,1,666,,40832,1,,,1,657,,40833,1,,,1
101,'20260819',636,,40879,1,,,1,666,,40880,1,,,1,657,,40881,1,,,1
101,'20260820',636,,40927,1,,,1,666,,40928,1,,,1,657,,40929,1,,,1
101,'20260821',636,,40977,1,,,1,666,,40978,1,,,1,657,,40979,1,,,1
101,'20260822',1155,,41030,1,,,1,402,,41031,1,,,1,398,,41032,1,,,1,255,,41033,1,,,1
101,'20260823',1155,,41084,1,,,1,402,,41085,1,,,1,398,,41086,1,,,1,255,,41087,1,,,1
101,'20260824',636,,41133,1,,,1,666,,41134,1,,,1,657,,41135,1,,,1
101,'20260825',636,,41181,1,,,1,666,,41182,1,,,1,657,,41183,1,,,1
101,'20260826',636,,41229,1,,,1,666,,41230,1,,,1,657,,41231,1,,,1
101,'20260827',636,,41277,1,,,1,666,,41278,1,,,1,657,,41279,1,,,1
101,'20260828',636,,41327,1,,,1,666,,41328,1,,,1,657,,41329,1,,,1
101,'20260829',1155,,41380,1,,,1,402,,41381,1,,,1,398,,41382,1,,,1,255,,41383,1,,,1
101,'20260830',1155,,41434,1,,,1,402,,41435,1,,,1,398,,41436,1,,,1,255,,41437,1,,,1
101,'20260831',636,,41483,1,,,1,666,,41484,1,,,1,657,,41485,1,,,1
101,'20260901',636,,41531,1,,,1,666,,41532,1,,,1,657,,41533,1,,,1
101,'20260902',636,,41579,1,,,1,666,,41580,1,,,1,657,,41581,1,,,1
101,'20260903',636,,41627,1,,,1,666,,41628,1,,,1,657,,41629,1,,,1
101,'20260904',636,,41677,1,,,1,666,,41678,1,,,1,657,,41679,1,,,1
