500,'20260722',1128,,49514,31,,,1,407,,49515,31,,,1,196,,49516,31,,,1,85,,49513,31,,,1,30,,49511,31,,,1,55,,49512,31,,,1,30,,49517,31,,,1,404,,49518,31,,,1,93,,49519,31,,,1
500,'20260723',1128,,49531,31,,,1,407,,49532,31,,,1,196,,49533,31,,,1,85,,49530,31,,,1,30,,49528,31,,,1,55,,49529,31,,,1,30,,49534,31,,,1,404,,49535,31,,,1,93,,49536,31,,,1
500,'20260724',1128,,49548,31,,,1,407,,49549,31,,,1,196,,49550,31,,,1,85,,49547,31,,,1,30,,49545,31,,,1,55,,49546,31,,,1,30,,49551,31,,,1,404,,49552,31,,,1,93,,49553,31,,,1
500,'20260727',1129,,49595,31,,,1,407,,49596,31,,,1,196,,49597,31,,,1,85,,49594,31,,,1,30,,49592,31,,,1,55,,49593,31,,,1,30,,49598,31,,,1,404,,49599,31,,,1,93,,49600,31,,,1
500,'20260728',1128,,49612,31,,,1,407,,49613,31,,,1,196,,49614,31,,,1,85,,49611,31,,,1,30,,49609,31,,,1,55,,49610,31,,,1,30,,49615,31,,,1,404,,49616,31,,,1,93,,49617,31,,,1
500,'20260729',1128,,49629,31,,,1,407,,49630,31,,,1,196,,49631,31,,,1,85,,49628,31,,,1,30,,49626,31,,,1,55,,49627,31,,,1,30,,49632,31,,,1,404,,49633,31,,,1,93,,49634,31,,,1
500,'20260730',1128,,49646,31,,,1,407,,49647,31,,,1,196,,49648,31,,,1,85,,49645,31,,,1,30,,49643,31,,,1,55,,49644,31,,,1,30,,49649,31,,,1,404,,49650,31,,,1,93,,49651,31,,,1
500,'20260731',1128,,49663,31,,,1,407,,49664,31,,,1,196,,49665,31,,,1,85,,49662,31,,,1,30,,49660,31,,,1,55,,49661,31,,,1,30,,49666,31,,,1,404,,49667,31,,,1,93,,49668,31,,,1
500,'20260801',1026,,49678,31,,,1,302,,49679,31,,,1,300,,49680,31,,,1,300,,49681,31,,,1,304,,49682,31,,,1,196,,49683,31,,,1
500,'20260802',1026,,49693,31,,,1,302,,49694,31,,,1,300,,49695,31,,,1,300,,49696,31,,,1,304,,49697,31,,,1,196,,49698,31,,,1
500,'20260803',1026,,64334,31,,,1,302,,64335,31,,,1,300,,64336,31,,,1,300,,49713,31,,,1,304,,64337,31,,,1,196,,49715,31,,,1
500,'20260804',1128,,49727,31,,,1,407,,49728,31,,,1,196,,49729,31,,,1,85,,49726,31,,,1,30,,49724,31,,,1,55,,49725,31,,,1,30,,49730,31,,,1,404,,49731,31,,,1,93,,49732,31,,,1
500,'20260805',1128,,49744,31,,,1,407,,49745,31,,,1,196,,49746,31,,,1,85,,49743,31,,,1,30,,49741,31,,,1,55,,49742,31,,,1,30,,49747,31,,,1,404,,49748,31,,,1,93,,49749,31,,,1
500,'20260806',1128,,49761,31,,,1,407,,49762,31,,,1,196,,49763,31,,,1,85,,49760,31,,,1,30,,49758,31,,,1,55,,49759,31,,,1,30,,49764,31,,,1,404,,49765,31,,,1,93,,49766,31,,,1
500,'20260807',1128,,49778,31,,,1,407,,49779,31,,,1,196,,49780,31,,,1,85,,49777,31,,,1,30,,49775,31,,,1,55,,49776,31,,,1,30,,49781,31,,,1,404,,49782,31,,,1,93,,49783,31,,,1
500,'20260808',1026,,49793,31,,,1,302,,49794,31,,,1,300,,49795,31,,,1,300,,49796,31,,,1,304,,49797,31,,,1,196,,49798,31,,,1
500,'20260809',1026,,49808,31,,,1,302,,49809,31,,,1,300,,49810,31,,,1,300,,49811,31,,,1,304,,49812,31,,,1,196,,49813,31,,,1
500,'20260810',1128,,65133,31,,,1,407,,65134,31,,,1,196,,65135,31,,,1,85,,65132,31,,,1,30,,65130,31,,,1,55,,65131,31,,,1,30,,49828,31,,,1,404,,65136,31,,,1,93,,49830,31,,,1
500,'20260811',1128,,49842,31,,,1,407,,49843,31,,,1,196,,49844,31,,,1,85,,49841,31,,,1,30,,49839,31,,,1,55,,49840,31,,,1,30,,49845,31,,,1,404,,49846,31,,,1,93,,49847,31,,,1
500,'20260812',1128,,49859,31,,,1,407,,49860,31,,,1,196,,49861,31,,,1,85,,49858,31,,,1,30,,49856,31,,,1,55,,49857,31,,,1,30,,49862,31,,,1,404,,49863,31,,,1,93,,49864,31,,,1
500,'20260813',1128,,49876,31,,,1,407,,49877,31,,,1,196,,49878,31,,,1,85,,49875,31,,,1,30,,49873,31,,,1,55,,49874,31,,,1,30,,49879,31,,,1,404,,49880,31,,,1,93,,49881,31,,,1
500,'20260814',1128,,49893,31,,,1,407,,49894,31,,,1,196,,49895,31,,,1,85,,49892,31,,,1,30,,49890,31,,,1,55,,49891,31,,,1,30,,49896,31,,,1,404,,49897,31,,,1,93,,49898,31,,,1
500,'20260815',1026,,49908,31,,,1,302,,49909,31,,,1,300,,49910,31,,,1,300,,49911,31,,,1,304,,49912,31,,,1,196,,49913,31,,,1
500,'20260816',1026,,49923,31,,,1,302,,49924,31,,,1,300,,49925,31,,,1,300,,49926,31,,,1,304,,49927,31,,,1,196,,49928,31,,,1
500,'20260817',1128,,65143,31,,,1,407,,65144,31,,,1,196,,65145,31,,,1,85,,65142,31,,,1,30,,65140,31,,,1,55,,65141,31,,,1,30,,49943,31,,,1,404,,65146,31,,,1,93,,49945,31,,,1
500,'20260818',1128,,49957,31,,,1,407,,49958,31,,,1,196,,49959,31,,,1,85,,49956,31,,,1,30,,49954,31,,,1,55,,49955,31,,,1,30,,49960,31,,,1,404,,49961,31,,,1,93,,49962,31,,,1
500,'20260819',1128,,49974,31,,,1,407,,49975,31,,,1,196,,49976,31,,,1,85,,49973,31,,,1,30,,49971,31,,,1,55,,49972,31,,,1,30,,49977,31,,,1,404,,49978,31,,,1,93,,49979,31,,,1
500,'20260820',1128,,49991,31,,,1,407,,49992,31,,,1,196,,49993,31,,,1,85,,49990,31,,,1,30,,49988,31,,,1,55,,49989,31,,,1,30,,49994,31,,,1,404,,49995,31,,,1,93,,49996,31,,,1
500,'20260821',1128,,50008,31,,,1,407,,50009,31,,,1,196,,50010,31,,,1,85,,50007,31,,,1,30,,50005,31,,,1,55,,50006,31,,,1,30,,50011,31,,,1,404,,50012,31,,,1,93,,50013,31,,,1
500,'20260822',1026,,50023,31,,,1,302,,50024,31,,,1,300,,50025,31,,,1,300,,50026,31,,,1,304,,50027,31,,,1,196,,50028,31,,,1
500,'20260823',1026,,50038,31,,,1,302,,50039,31,,,1,300,,50040,31,,,1,300,,50041,31,,,1,304,,50042,31,,,1,196,,50043,31,,,1
500,'20260824',1128,,65153,31,,,1,407,,65154,31,,,1,196,,65155,31,,,1,85,,65152,31,,,1,30,,65150,31,,,1,55,,65151,31,,,1,30,,50058,31,,,1,404,,65156,31,,,1,93,,50060,31,,,1
500,'20260825',1128,,50072,31,,,1,407,,50073,31,,,1,196,,50074,31,,,1,85,,50071,31,,,1,30,,50069,31,,,1,55,,50070,31,,,1,30,,50075,31,,,1,404,,50076,31,,,1,93,,50077,31,,,1
500,'20260826',1128,,50089,31,,,1,407,,50090,31,,,1,196,,50091,31,,,1,85,,50088,31,,,1,30,,50086,31,,,1,55,,50087,31,,,1,30,,50092,31,,,1,404,,50093,31,,,1,93,,50094,31,,,1
500,'20260827',1128,,50106,31,,,1,407,,50107,31,,,1,196,,50108,31,,,1,85,,50105,31,,,1,30,,50103,31,,,1,55,,50104,31,,,1,30,,50109,31,,,1,404,,50110,31,,,1,93,,50111,31,,,1
500,'20260828',1128,,50123,31,,,1,407,,50124,31,,,1,196,,50125,31,,,1,85,,50122,31,,,1,30,,50120,31,,,1,55,,50121,31,,,1,30,,50126,31,,,1,404,,50127,31,,,1,93,,50128,31,,,1
500,'20260829',1026,,50138,31,,,1,302,,50139,31,,,1,300,,50140,31,,,1,300,,50141,31,,,1,304,,50142,31,,,1,196,,50143,31,,,1
500,'20260830',1026,,50153,31,,,1,302,,50154,31,,,1,300,,50155,31,,,1,300,,50156,31,,,1,304,,50157,31,,,1,196,,50158,31,,,1
500,'20260831',1128,,65163,31,,,1,407,,65164,31,,,1,196,,65165,31,,,1,85,,65162,31,,,1,30,,65160,31,,,1,55,,65161,31,,,1,30,,50173,31,,,1,404,,65166,31,,,1,93,,50175,31,,,1
500,'20260901',1128,,50187,31,,,1,407,,50188,31,,,1,196,,50189,31,,,1,85,,50186,31,,,1,30,,50184,31,,,1,55,,50185,31,,,1,30,,50190,31,,,1,404,,50191,31,,,1,93,,50192,31,,,1
500,'20260902',1128,,50204,31,,,1,407,,50205,31,,,1,196,,50206,31,,,1,85,,50203,31,,,1,30,,50201,31,,,1,55,,50202,31,,,1,30,,50207,31,,,1,404,,50208,31,,,1,93,,50209,31,,,1
500,'20260903',1128,,50221,31,,,1,407,,50222,31,,,1,196,,50223,31,,,1,85,,50220,31,,,1,30,,50218,31,,,1,55,,50219,31,,,1,30,,50224,31,,,1,404,,50225,31,,,1,93,,50226,31,,,1
500,'20260904',1128,,50238,31,,,1,407,,50239,31,,,1,196,,50240,31,,,1,85,,50237,31,,,1,30,,50235,31,,,1,55,,50236,31,,,1,30,,50241,31,,,1,404,,50242,31,,,1,93,,50243,31,,,1
501,'20260722',521,,50923,5,,,1,30,,50925,5,,,1,70,,50924,5,,,1,80,,50926,5,,,1,15,,50927,5,,,1,94,,50928,5,,,1,100,,50929,5,,,1,407,,50930,5,,,1,801,,50931,5,,,1
501,'20260723',521,,50940,5,,,1,30,,50942,5,,,1,70,,50941,5,,,1,80,,50943,5,,,1,15,,50944,5,,,1,94,,50945,5,,,1,100,,50946,5,,,1,407,,50947,5,,,1,801,,50948,5,,,1
501,'20260724',521,,50957,5,,,1,30,,50959,5,,,1,70,,50958,5,,,1,80,,50960,5,,,1,15,,50961,5,,,1,94,,50962,5,,,1,100,,50963,5,,,1,407,,50964,5,,,1,801,,50965,5,,,1
501,'20260727',519,,51004,5,,,1,30,,51006,5,,,1,70,,51005,5,,,1,40,,51007,5,,,1,55,,51008,5,,,1,94,,51009,5,,,1,100,,51010,5,,,1,407,,51011,5,,,1,801,,51012,5,,,1
501,'20260728',521,,51021,5,,,1,30,,51023,5,,,1,70,,51022,5,,,1,80,,51024,5,,,1,15,,51025,5,,,1,94,,51026,5,,,1,100,,51027,5,,,1,407,,51028,5,,,1,801,,51029,5,,,1
501,'20260729',521,,51038,5,,,1,30,,51040,5,,,1,70,,51039,5,,,1,80,,51041,5,,,1,15,,51042,5,,,1,94,,51043,5,,,1,100,,51044,5,,,1,407,,51045,5,,,1,801,,51046,5,,,1
501,'20260730',521,,51055,5,,,1,30,,51057,5,,,1,70,,51056,5,,,1,80,,51058,5,,,1,15,,51059,5,,,1,94,,51060,5,,,1,100,,51061,5,,,1,407,,51062,5,,,1,801,,51063,5,,,1
501,'20260731',521,,51072,5,,,1,30,,51074,5,,,1,70,,51073,5,,,1,80,,51075,5,,,1,15,,51076,5,,,1,94,,51077,5,,,1,100,,51078,5,,,1,407,,51079,5,,,1,801,,51080,5,,,1
501,'20260801',709,,51090,5,,,1,100,,51091,5,,,1,304,,51092,5,,,1,300,,51093,5,,,1,300,,51094,5,,,1,303,,51095,5,,,1
501,'20260802',709,,51105,5,,,1,100,,51106,5,,,1,304,,51107,5,,,1,300,,51108,5,,,1,300,,51109,5,,,1,303,,51110,5,,,1
501,'20260803',709,,51122,5,,,1,100,,51124,5,,,1,304,,64376,5,,,1,300,,64377,5,,,1,300,,64378,5,,,1,303,,64379,5,,,1
501,'20260804',521,,51136,5,,,1,30,,51138,5,,,1,70,,51137,5,,,1,80,,51139,5,,,1,15,,51140,5,,,1,94,,51141,5,,,1,100,,51142,5,,,1,407,,51143,5,,,1,801,,51144,5,,,1
501,'20260805',521,,51153,5,,,1,30,,51155,5,,,1,70,,51154,5,,,1,80,,51156,5,,,1,15,,51157,5,,,1,94,,51158,5,,,1,100,,51159,5,,,1,407,,51160,5,,,1,801,,51161,5,,,1
501,'20260806',521,,51170,5,,,1,30,,51172,5,,,1,70,,51171,5,,,1,80,,51173,5,,,1,15,,51174,5,,,1,94,,51175,5,,,1,100,,51176,5,,,1,407,,51177,5,,,1,801,,51178,5,,,1
501,'20260807',521,,51187,5,,,1,30,,51189,5,,,1,70,,51188,5,,,1,80,,51190,5,,,1,15,,51191,5,,,1,94,,51192,5,,,1,100,,51193,5,,,1,407,,51194,5,,,1,801,,51195,5,,,1
501,'20260808',709,,51205,5,,,1,100,,51206,5,,,1,304,,51207,5,,,1,300,,51208,5,,,1,300,,51209,5,,,1,303,,51210,5,,,1
501,'20260809',709,,51220,5,,,1,100,,51221,5,,,1,304,,51222,5,,,1,300,,51223,5,,,1,300,,51224,5,,,1,303,,51225,5,,,1
501,'20260810',521,,65172,5,,,1,30,,65174,5,,,1,70,,65173,5,,,1,80,,51237,5,,,1,15,,65175,5,,,1,94,,51239,5,,,1,100,,65176,5,,,1,407,,65177,5,,,1,801,,65178,5,,,1
501,'20260811',521,,51251,5,,,1,30,,51253,5,,,1,70,,51252,5,,,1,80,,51254,5,,,1,15,,51255,5,,,1,94,,51256,5,,,1,100,,51257,5,,,1,407,,51258,5,,,1,801,,51259,5,,,1
501,'20260812',521,,51268,5,,,1,30,,51270,5,,,1,70,,51269,5,,,1,80,,51271,5,,,1,15,,51272,5,,,1,94,,51273,5,,,1,100,,51274,5,,,1,407,,51275,5,,,1,801,,51276,5,,,1
501,'20260813',521,,51285,5,,,1,30,,51287,5,,,1,70,,51286,5,,,1,80,,51288,5,,,1,15,,51289,5,,,1,94,,51290,5,,,1,100,,51291,5,,,1,407,,51292,5,,,1,801,,51293,5,,,1
501,'20260814',521,,51302,5,,,1,30,,51304,5,,,1,70,,51303,5,,,1,80,,51305,5,,,1,15,,51306,5,,,1,94,,51307,5,,,1,100,,51308,5,,,1,407,,51309,5,,,1,801,,51310,5,,,1
501,'20260815',709,,51320,5,,,1,100,,51321,5,,,1,304,,51322,5,,,1,300,,51323,5,,,1,300,,51324,5,,,1,303,,51325,5,,,1
501,'20260816',709,,51335,5,,,1,100,,51336,5,,,1,304,,51337,5,,,1,300,,51338,5,,,1,300,,51339,5,,,1,303,,51340,5,,,1
501,'20260817',521,,65184,5,,,1,30,,65186,5,,,1,70,,65185,5,,,1,80,,51352,5,,,1,15,,65187,5,,,1,94,,51354,5,,,1,100,,65188,5,,,1,407,,65189,5,,,1,801,,65190,5,,,1
501,'20260818',521,,51366,5,,,1,30,,51368,5,,,1,70,,51367,5,,,1,80,,51369,5,,,1,15,,51370,5,,,1,94,,51371,5,,,1,100,,51372,5,,,1,407,,51373,5,,,1,801,,51374,5,,,1
501,'20260819',521,,51383,5,,,1,30,,51385,5,,,1,70,,51384,5,,,1,80,,51386,5,,,1,15,,51387,5,,,1,94,,51388,5,,,1,100,,51389,5,,,1,407,,51390,5,,,1,801,,51391,5,,,1
501,'20260820',521,,51400,5,,,1,30,,51402,5,,,1,70,,51401,5,,,1,80,,51403,5,,,1,15,,51404,5,,,1,94,,51405,5,,,1,100,,51406,5,,,1,407,,51407,5,,,1,801,,51408,5,,,1
501,'20260821',521,,51417,5,,,1,30,,51419,5,,,1,70,,51418,5,,,1,80,,51420,5,,,1,15,,51421,5,,,1,94,,51422,5,,,1,100,,51423,5,,,1,407,,51424,5,,,1,801,,51425,5,,,1
501,'20260822',709,,51435,5,,,1,100,,51436,5,,,1,304,,51437,5,,,1,300,,51438,5,,,1,300,,51439,5,,,1,303,,51440,5,,,1
501,'20260823',709,,51450,5,,,1,100,,51451,5,,,1,304,,51452,5,,,1,300,,51453,5,,,1,300,,51454,5,,,1,303,,51455,5,,,1
501,'20260824',521,,65196,5,,,1,30,,65198,5,,,1,70,,65197,5,,,1,80,,51467,5,,,1,15,,65199,5,,,1,94,,51469,5,,,1,100,,65200,5,,,1,407,,65201,5,,,1,801,,65202,5,,,1
501,'20260825',521,,51481,5,,,1,30,,51483,5,,,1,70,,51482,5,,,1,80,,51484,5,,,1,15,,51485,5,,,1,94,,51486,5,,,1,100,,51487,5,,,1,407,,51488,5,,,1,801,,51489,5,,,1
501,'20260826',521,,51498,5,,,1,30,,51500,5,,,1,70,,51499,5,,,1,80,,51501,5,,,1,15,,51502,5,,,1,94,,51503,5,,,1,100,,51504,5,,,1,407,,51505,5,,,1,801,,51506,5,,,1
501,'20260827',521,,51515,5,,,1,30,,51517,5,,,1,70,,51516,5,,,1,80,,51518,5,,,1,15,,51519,5,,,1,94,,51520,5,,,1,100,,51521,5,,,1,407,,51522,5,,,1,801,,51523,5,,,1
501,'20260828',521,,51532,5,,,1,30,,51534,5,,,1,70,,51533,5,,,1,80,,51535,5,,,1,15,,51536,5,,,1,94,,51537,5,,,1,100,,51538,5,,,1,407,,51539,5,,,1,801,,51540,5,,,1
501,'20260829',709,,51550,5,,,1,100,,51551,5,,,1,304,,51552,5,,,1,300,,51553,5,,,1,300,,51554,5,,,1,303,,51555,5,,,1
501,'20260830',709,,51565,5,,,1,100,,51566,5,,,1,304,,51567,5,,,1,300,,51568,5,,,1,300,,51569,5,,,1,303,,51570,5,,,1
501,'20260831',521,,65208,5,,,1,30,,65210,5,,,1,70,,65209,5,,,1,80,,51582,5,,,1,15,,65211,5,,,1,94,,51584,5,,,1,100,,65212,5,,,1,407,,65213,5,,,1,801,,65214,5,,,1
501,'20260901',521,,51596,5,,,1,30,,51598,5,,,1,70,,51597,5,,,1,80,,51599,5,,,1,15,,51600,5,,,1,94,,51601,5,,,1,100,,51602,5,,,1,407,,51603,5,,,1,801,,51604,5,,,1
501,'20260902',521,,51613,5,,,1,30,,51615,5,,,1,70,,51614,5,,,1,80,,51616,5,,,1,15,,51617,5,,,1,94,,51618,5,,,1,100,,51619,5,,,1,407,,51620,5,,,1,801,,51621,5,,,1
501,'20260903',521,,51630,5,,,1,30,,51632,5,,,1,70,,51631,5,,,1,80,,51633,5,,,1,15,,51634,5,,,1,94,,51635,5,,,1,100,,51636,5,,,1,407,,51637,5,,,1,801,,51638,5,,,1
501,'20260904',521,,51647,5,,,1,30,,51649,5,,,1,70,,51648,5,,,1,80,,51650,5,,,1,15,,51651,5,,,1,94,,51652,5,,,1,100,,51653,5,,,1,407,,51654,5,,,1,801,,51655,5,,,1
