600,'20260611',1632,,25696,23,,,1,100,,25697,23,,,1,70,,25695,23,,,1,30,,25698,23,,,1,100,,25699,23,,,1
600,'20260612',1632,,25701,23,,,1,100,,25702,23,,,1,70,,25700,23,,,1,30,,25703,23,,,1,100,,25704,23,,,1
600,'20260615',1632,,51657,23,,,1,100,,51658,23,,,1,70,,51656,23,,,1,30,,51659,23,,,1,100,,51660,23,,,1
600,'20260616',1632,,51662,23,,,1,100,,51663,23,,,1,70,,51661,23,,,1,30,,51664,23,,,1,100,,51665,23,,,1
600,'20260617',1632,,51667,23,,,1,100,,51668,23,,,1,70,,51666,23,,,1,30,,51669,23,,,1,100,,51670,23,,,1
600,'20260618',1632,,51672,23,,,1,100,,51673,23,,,1,70,,51671,23,,,1,30,,51674,23,,,1,100,,51675,23,,,1
600,'20260619',1632,,51677,23,,,1,100,,51678,23,,,1,70,,51676,23,,,1,30,,51679,23,,,1,100,,51680,23,,,1
600,'20260622',1632,,51682,23,,,1,100,,51683,23,,,1,70,,51681,23,,,1,30,,51684,23,,,1,100,,51685,23,,,1
600,'20260623',1632,,51687,23,,,1,100,,51688,23,,,1,70,,51686,23,,,1,30,,51689,23,,,1,100,,51690,23,,,1
600,'20260624',1632,,51692,23,,,1,100,,51693,23,,,1,70,,51691,23,,,1,30,,51694,23,,,1,100,,51695,23,,,1
600,'20260625',1632,,51697,23,,,1,100,,51698,23,,,1,70,,51696,23,,,1,30,,51699,23,,,1,100,,51700,23,,,1
600,'20260626',1632,,51702,23,,,1,100,,51703,23,,,1,70,,51701,23,,,1,30,,51704,23,,,1,100,,51705,23,,,1
600,'20260629',1632,,51707,23,,,1,100,,51708,23,,,1,70,,51706,23,,,1,30,,51709,23,,,1,100,,51710,23,,,1
600,'20260630',1632,,51712,23,,,1,100,,51713,23,,,1,70,,51711,23,,,1,30,,51714,23,,,1,100,,51715,23,,,1
600,'20260702',1632,,51717,23,,,1,100,,51718,23,,,1,70,,51716,23,,,1,30,,51719,23,,,1,100,,51720,23,,,1
600,'20260703',1632,,51722,23,,,1,100,,51723,23,,,1,70,,51721,23,,,1,30,,51724,23,,,1,100,,51725,23,,,1
600,'20260706',1632,,51727,23,,,1,100,,51728,23,,,1,70,,51726,23,,,1,30,,51729,23,,,1,100,,51730,23,,,1
600,'20260707',1632,,51732,23,,,1,100,,51733,23,,,1,70,,51731,23,,,1,30,,51734,23,,,1,100,,51735,23,,,1
600,'20260708',1632,,51737,23,,,1,100,,51738,23,,,1,70,,51736,23,,,1,30,,51739,23,,,1,100,,51740,23,,,1
600,'20260709',1632,,51742,23,,,1,100,,51743,23,,,1,70,,51741,23,,,1,30,,51744,23,,,1,100,,51745,23,,,1
600,'20260710',1632,,51747,23,,,1,100,,51748,23,,,1,70,,51746,23,,,1,30,,51749,23,,,1,100,,51750,23,,,1
600,'20260713',1632,,51752,23,,,1,100,,51753,23,,,1,70,,51751,23,,,1,30,,51754,23,,,1,100,,51755,23,,,1
600,'20260714',1632,,51757,23,,,1,100,,51758,23,,,1,70,,51756,23,,,1,30,,51759,23,,,1,100,,51760,23,,,1
600,'20260715',1632,,51762,23,,,1,100,,51763,23,,,1,70,,51761,23,,,1,30,,51764,23,,,1,100,,51765,23,,,1
600,'20260716',1632,,51767,23,,,1,100,,51768,23,,,1,70,,51766,23,,,1,30,,51769,23,,,1,100,,51770,23,,,1
600,'20260717',1632,,51772,23,,,1,100,,51773,23,,,1,70,,51771,23,,,1,30,,51774,23,,,1,100,,51775,23,,,1
600,'20260720',1632,,51777,23,,,1,100,,51778,23,,,1,70,,51776,23,,,1,30,,51779,23,,,1,100,,51780,23,,,1
600,'20260721',1632,,51782,23,,,1,100,,51783,23,,,1,70,,51781,23,,,1,30,,51784,23,,,1,100,,51785,23,,,1
600,'20260722',1632,,51787,23,,,1,100,,51788,23,,,1,70,,51786,23,,,1,30,,51789,23,,,1,100,,51790,23,,,1
600,'20260723',1632,,51792,23,,,1,100,,51793,23,,,1,70,,51791,23,,,1,30,,51794,23,,,1,100,,51795,23,,,1
600,'20260724',1632,,51797,23,,,1,100,,51798,23,,,1,70,,51796,23,,,1,30,,51799,23,,,1,100,,51800,23,,,1
600,'20260727',1632,,51802,23,,,1,100,,51803,23,,,1,70,,51801,23,,,1,30,,51804,23,,,1,100,,51805,23,,,1
600,'20260728',1632,,51807,23,,,1,100,,51808,23,,,1,70,,51806,23,,,1,30,,51809,23,,,1,100,,51810,23,,,1
600,'20260729',1632,,51812,23,,,1,100,,51813,23,,,1,70,,51811,23,,,1,30,,51814,23,,,1,100,,51815,23,,,1
600,'20260730',1632,,51817,23,,,1,100,,51818,23,,,1,70,,51816,23,,,1,30,,51819,23,,,1,100,,51820,23,,,1
600,'20260731',1632,,51822,23,,,1,100,,51823,23,,,1,70,,51821,23,,,1,30,,51824,23,,,1,100,,51825,23,,,1
600,'20260803',1632,,51827,23,,,1,100,,51828,23,,,1,70,,51826,23,,,1,30,,51829,23,,,1,100,,51830,23,,,1
600,'20260804',1632,,51832,23,,,1,100,,51833,23,,,1,70,,51831,23,,,1,30,,51834,23,,,1,100,,51835,23,,,1
600,'20260805',1632,,51837,23,,,1,100,,51838,23,,,1,70,,51836,23,,,1,30,,51839,23,,,1,100,,51840,23,,,1
600,'20260806',1632,,51842,23,,,1,100,,51843,23,,,1,70,,51841,23,,,1,30,,51844,23,,,1,100,,51845,23,,,1
600,'20260807',1632,,51847,23,,,1,100,,51848,23,,,1,70,,51846,23,,,1,30,,51849,23,,,1,100,,51850,23,,,1
600,'20260810',1632,,51852,23,,,1,100,,51853,23,,,1,70,,51851,23,,,1,30,,51854,23,,,1,100,,51855,23,,,1
600,'20260811',1632,,51857,23,,,1,100,,51858,23,,,1,70,,51856,23,,,1,30,,51859,23,,,1,100,,51860,23,,,1
600,'20260812',1632,,51862,23,,,1,100,,51863,23,,,1,70,,51861,23,,,1,30,,51864,23,,,1,100,,51865,23,,,1
600,'20260813',1632,,51867,23,,,1,100,,51868,23,,,1,70,,51866,23,,,1,30,,51869,23,,,1,100,,51870,23,,,1
600,'20260814',1632,,51872,23,,,1,100,,51873,23,,,1,70,,51871,23,,,1,30,,51874,23,,,1,100,,51875,23,,,1
600,'20260817',1632,,51877,23,,,1,100,,51878,23,,,1,70,,51876,23,,,1,30,,51879,23,,,1,100,,51880,23,,,1
600,'20260818',1632,,51882,23,,,1,100,,51883,23,,,1,70,,51881,23,,,1,30,,51884,23,,,1,100,,51885,23,,,1
600,'20260819',1632,,51887,23,,,1,100,,51888,23,,,1,70,,51886,23,,,1,30,,51889,23,,,1,100,,51890,23,,,1
600,'20260820',1632,,51892,23,,,1,100,,51893,23,,,1,70,,51891,23,,,1,30,,51894,23,,,1,100,,51895,23,,,1
600,'20260821',1632,,51897,23,,,1,100,,51898,23,,,1,70,,51896,23,,,1,30,,51899,23,,,1,100,,51900,23,,,1
600,'20260824',1632,,51902,23,,,1,100,,51903,23,,,1,70,,51901,23,,,1,30,,51904,23,,,1,100,,51905,23,,,1
600,'20260825',1632,,51907,23,,,1,100,,51908,23,,,1,70,,51906,23,,,1,30,,51909,23,,,1,100,,51910,23,,,1
600,'20260826',1632,,51912,23,,,1,100,,51913,23,,,1,70,,51911,23,,,1,30,,51914,23,,,1,100,,51915,23,,,1
600,'20260827',1632,,51917,23,,,1,100,,51918,23,,,1,70,,51916,23,,,1,30,,51919,23,,,1,100,,51920,23,,,1
600,'20260828',1632,,51922,23,,,1,100,,51923,23,,,1,70,,51921,23,,,1,30,,51924,23,,,1,100,,51925,23,,,1
600,'20260831',1632,,51927,23,,,1,100,,51928,23,,,1,70,,51926,23,,,1,30,,51929,23,,,1,100,,51930,23,,,1
600,'20260901',1632,,51932,23,,,1,100,,51933,23,,,1,70,,51931,23,,,1,30,,51934,23,,,1,100,,51935,23,,,1
600,'20260902',1632,,51937,23,,,1,100,,51938,23,,,1,70,,51936,23,,,1,30,,51939,23,,,1,100,,51940,23,,,1
600,'20260903',1632,,51942,23,,,1,100,,51943,23,,,1,70,,51941,23,,,1,30,,51944,23,,,1,100,,51945,23,,,1
600,'20260904',1632,,51947,23,,,1,100,,51948,23,,,1,70,,51946,23,,,1,30,,51949,23,,,1,100,,51950,23,,,1
601,'20260611',609,,25833,7,,,1,101,,25834,7,,,1,30,,25836,7,,,1,70,,25835,7,,,1
601,'20260612',609,,25837,7,,,1,101,,25838,7,,,1,30,,25840,7,,,1,70,,25839,7,,,1
601,'20260615',609,,51951,7,,,1,101,,51952,7,,,1,30,,51954,7,,,1,70,,51953,7,,,1
601,'20260616',609,,51955,7,,,1,101,,51956,7,,,1,30,,51958,7,,,1,70,,51957,7,,,1
601,'20260617',609,,51959,7,,,1,101,,51960,7,,,1,30,,51962,7,,,1,70,,51961,7,,,1
601,'20260618',609,,51963,7,,,1,101,,51964,7,,,1,30,,51966,7,,,1,70,,51965,7,,,1
601,'20260619',609,,51967,7,,,1,101,,51968,7,,,1,30,,51970,7,,,1,70,,51969,7,,,1
601,'20260622',609,,51971,7,,,1,101,,51972,7,,,1,30,,51974,7,,,1,70,,51973,7,,,1
601,'20260623',609,,51975,7,,,1,101,,51976,7,,,1,30,,51978,7,,,1,70,,51977,7,,,1
601,'20260624',609,,51979,7,,,1,101,,51980,7,,,1,30,,51982,7,,,1,70,,51981,7,,,1
601,'20260625',609,,51983,7,,,1,101,,51984,7,,,1,30,,51986,7,,,1,70,,51985,7,,,1
601,'20260626',609,,51987,7,,,1,101,,51988,7,,,1,30,,51990,7,,,1,70,,51989,7,,,1
601,'20260629',609,,51991,7,,,1,101,,51992,7,,,1,30,,51994,7,,,1,70,,51993,7,,,1
601,'20260630',609,,51995,7,,,1,101,,51996,7,,,1,30,,51998,7,,,1,70,,51997,7,,,1
601,'20260702',609,,51999,7,,,1,101,,52000,7,,,1,30,,52002,7,,,1,70,,52001,7,,,1
601,'20260703',609,,52003,7,,,1,101,,52004,7,,,1,30,,52006,7,,,1,70,,52005,7,,,1
601,'20260706',609,,52007,7,,,1,101,,52008,7,,,1,30,,52010,7,,,1,70,,52009,7,,,1
601,'20260707',609,,52011,7,,,1,101,,52012,7,,,1,30,,52014,7,,,1,70,,52013,7,,,1
601,'20260708',609,,52015,7,,,1,101,,52016,7,,,1,30,,52018,7,,,1,70,,52017,7,,,1
601,'20260709',609,,52019,7,,,1,101,,52020,7,,,1,30,,52022,7,,,1,70,,52021,7,,,1
601,'20260710',609,,52023,7,,,1,101,,52024,7,,,1,30,,52026,7,,,1,70,,52025,7,,,1
601,'20260713',609,,52027,7,,,1,101,,52028,7,,,1,30,,52030,7,,,1,70,,52029,7,,,1
601,'20260714',609,,52031,7,,,1,101,,52032,7,,,1,30,,52034,7,,,1,70,,52033,7,,,1
601,'20260715',609,,52035,7,,,1,101,,52036,7,,,1,30,,52038,7,,,1,70,,52037,7,,,1
601,'20260716',609,,52039,7,,,1,101,,52040,7,,,1,30,,52042,7,,,1,70,,52041,7,,,1
601,'20260717',609,,52043,7,,,1,101,,52044,7,,,1,30,,52046,7,,,1,70,,52045,7,,,1
601,'20260720',609,,52047,7,,,1,101,,52048,7,,,1,30,,52050,7,,,1,70,,52049,7,,,1
601,'20260721',609,,52051,7,,,1,101,,52052,7,,,1,30,,52054,7,,,1,70,,52053,7,,,1
601,'20260722',609,,52055,7,,,1,101,,52056,7,,,1,30,,52058,7,,,1,70,,52057,7,,,1
601,'20260723',609,,52059,7,,,1,101,,52060,7,,,1,30,,52062,7,,,1,70,,52061,7,,,1
601,'20260724',609,,52063,7,,,1,101,,52064,7,,,1,30,,52066,7,,,1,70,,52065,7,,,1
601,'20260727',609,,52067,7,,,1,101,,52068,7,,,1,30,,52070,7,,,1,70,,52069,7,,,1
601,'20260728',609,,52071,7,,,1,101,,52072,7,,,1,30,,52074,7,,,1,70,,52073,7,,,1
601,'20260729',609,,52075,7,,,1,101,,52076,7,,,1,30,,52078,7,,,1,70,,52077,7,,,1
601,'20260730',609,,52079,7,,,1,101,,52080,7,,,1,30,,52082,7,,,1,70,,52081,7,,,1
601,'20260731',609,,52083,7,,,1,101,,52084,7,,,1,30,,52086,7,,,1,70,,52085,7,,,1
601,'20260803',609,,52087,7,,,1,101,,52088,7,,,1,30,,52090,7,,,1,70,,52089,7,,,1
601,'20260804',609,,52091,7,,,1,101,,52092,7,,,1,30,,52094,7,,,1,70,,52093,7,,,1
601,'20260805',609,,52095,7,,,1,101,,52096,7,,,1,30,,52098,7,,,1,70,,52097,7,,,1
601,'20260806',609,,52099,7,,,1,101,,52100,7,,,1,30,,52102,7,,,1,70,,52101,7,,,1
601,'20260807',609,,52103,7,,,1,101,,52104,7,,,1,30,,52106,7,,,1,70,,52105,7,,,1
601,'20260810',609,,52107,7,,,1,101,,52108,7,,,1,30,,52110,7,,,1,70,,52109,7,,,1
601,'20260811',609,,52111,7,,,1,101,,52112,7,,,1,30,,52114,7,,,1,70,,52113,7,,,1
601,'20260812',609,,52115,7,,,1,101,,52116,7,,,1,30,,52118,7,,,1,70,,52117,7,,,1
601,'20260813',609,,52119,7,,,1,101,,52120,7,,,1,30,,52122,7,,,1,70,,52121,7,,,1
601,'20260814',609,,52123,7,,,1,101,,52124,7,,,1,30,,52126,7,,,1,70,,52125,7,,,1
601,'20260817',609,,52127,7,,,1,101,,52128,7,,,1,30,,52130,7,,,1,70,,52129,7,,,1
601,'20260818',609,,52131,7,,,1,101,,52132,7,,,1,30,,52134,7,,,1,70,,52133,7,,,1
601,'20260819',609,,52135,7,,,1,101,,52136,7,,,1,30,,52138,7,,,1,70,,52137,7,,,1
601,'20260820',609,,52139,7,,,1,101,,52140,7,,,1,30,,52142,7,,,1,70,,52141,7,,,1
601,'20260821',609,,52143,7,,,1,101,,52144,7,,,1,30,,52146,7,,,1,70,,52145,7,,,1
601,'20260824',609,,52147,7,,,1,101,,52148,7,,,1,30,,52150,7,,,1,70,,52149,7,,,1
601,'20260825',609,,52151,7,,,1,101,,52152,7,,,1,30,,52154,7,,,1,70,,52153,7,,,1
601,'20260826',609,,52155,7,,,1,101,,52156,7,,,1,30,,52158,7,,,1,70,,52157,7,,,1
601,'20260827',609,,52159,7,,,1,101,,52160,7,,,1,30,,52162,7,,,1,70,,52161,7,,,1
601,'20260828',609,,52163,7,,,1,101,,52164,7,,,1,30,,52166,7,,,1,70,,52165,7,,,1
601,'20260831',609,,52167,7,,,1,101,,52168,7,,,1,30,,52170,7,,,1,70,,52169,7,,,1
601,'20260901',609,,52171,7,,,1,101,,52172,7,,,1,30,,52174,7,,,1,70,,52173,7,,,1
601,'20260902',609,,52175,7,,,1,101,,52176,7,,,1,30,,52178,7,,,1,70,,52177,7,,,1
601,'20260903',609,,52179,7,,,1,101,,52180,7,,,1,30,,52182,7,,,1,70,,52181,7,,,1
601,'20260904',609,,52183,7,,,1,101,,52184,7,,,1,30,,52186,7,,,1,70,,52185,7,,,1
