300,'20260401',649,,5455,9,0,7,1,70,,5440,9,0,7,1,30,,5456,9,0,7,1,70,,5441,9,0,7,1,30,,5457,9,0,7,1,70,,5442,9,0,7,1,30,,5472,9,,,1,70,,5443,9,0,7,1,30,,5459,9,0,23 26,1,70,,5444,9,0,7,1,30,,5460,9,0,23 26,1,70,,5445,9,0,7,1,30,,5473,9,,,1,70,,5446,9,0,7,1,30,,5461,9,0,23 26,1,70,,5447,9,0,7,1,30,,5462,9,0,23 26,1,70,,5448,9,0,7,1,30,,5474,9,,,1,70,,5449,9,0,7,1,30,,5467,9,0,27,1,70,,5468,9,0,27,1,30,,5458,9,0,7,1,70,,5450,9,0,7,1,30,,5463,9,0,23 26,1,70,,5451,9,0,7,1,30,,5464,9,0,23 26,1,70,,5452,9,0,7,1,30,,5465,9,0,23 26,1,70,,5453,9,0,7,1,30,,5475,9,,,1,70,,5454,9,0,7,1,30,,5476,9,,,1,100,,5466,9,0,23 26,1
300,'20260402',649,,5494,9,0,7,1,70,,5479,9,0,7,1,30,,5495,9,0,7,1,70,,5480,9,0,7,1,30,,5496,9,0,7,1,70,,5481,9,0,7,1,30,,5511,9,,,1,70,,5482,9,0,7,1,30,,5498,9,0,23 26,1,70,,5483,9,0,7,1,30,,5499,9,0,23 26,1,70,,5484,9,0,7,1,30,,5512,9,,,1,70,,5485,9,0,7,1,30,,5500,9,0,23 26,1,70,,5486,9,0,7,1,30,,5501,9,0,23 26,1,70,,5487,9,0,7,1,30,,5513,9,,,1,70,,5488,9,0,7,1,30,,5506,9,0,27,1,70,,5507,9,0,27,1,30,,5497,9,0,7,1,70,,5489,9,0,7,1,30,,5502,9,0,23 26,1,70,,5490,9,0,7,1,30,,5503,9,0,23 26,1,70,,5491,9,0,7,1,30,,5504,9,0,23 26,1,70,,5492,9,0,7,1,30,,5514,9,,,1,70,,5493,9,0,7,1,30,,5515,9,,,1,100,,5505,9,0,23 26,1
300,'20260403',903,,5527,9,0,23 26,1,100,,5528,9,0,23 26,1,100,,5529,9,0,23 26,1,100,,5530,9,0,23 26,1,100,,5531,9,0,23 26,1,100,,5532,9,0,23 26,1,100,,5533,9,0,23 26,1,30,,5518,9,0,7,1,70,,5534,9,0,23 26,1,30,,5519,9,0,7,1,70,,5541,9,,,1,30,,5520,9,0,7,1,70,,5535,9,0,23 26,1,30,,5521,9,0,7,1,70,,5536,9,0,23 26,1,30,,5522,9,0,7,1,70,,5537,9,0,23 26,1,30,,5523,9,0,7,1,70,,5538,9,0,23 26,1,30,,5524,9,0,7,1,70,,5539,9,0,23 26,1,30,,5525,9,0,7,1,70,,5542,9,,,1,30,,5526,9,0,7,1,70,,5540,9,0,23 26,1
300,'20260404',903,,5552,9,0,23 26,1,100,,5553,9,0,23 26,1,100,,5554,9,0,23 26,1,100,,5555,9,0,23 26,1,100,,5556,9,0,23 26,1,100,,5557,9,0,23 26,1,100,,5558,9,0,23 26,1,30,,5543,9,0,7,1,70,,5559,9,0,23 26,1,30,,5544,9,0,7,1,70,,5566,9,,,1,30,,5545,9,0,7,1,70,,5560,9,0,23 26,1,30,,5546,9,0,7,1,70,,5561,9,0,23 26,1,30,,5547,9,0,7,1,70,,5562,9,0,23 26,1,30,,5548,9,0,7,1,70,,5563,9,0,23 26,1,30,,5549,9,0,7,1,70,,5564,9,0,23 26,1,30,,5550,9,0,7,1,70,,5567,9,,,1,30,,5551,9,0,7,1,70,,5565,9,0,23 26,1
300,'20260405',903,,5577,9,0,23 26,1,100,,5578,9,0,23 26,1,100,,5579,9,0,23 26,1,100,,5580,9,0,23 26,1,100,,5581,9,0,23 26,1,100,,5582,9,0,23 26,1,100,,5583,9,0,23 26,1,30,,5568,9,0,7,1,70,,5584,9,0,23 26,1,30,,5569,9,0,7,1,70,,5591,9,,,1,30,,5570,9,0,7,1,70,,5585,9,0,23 26,1,30,,5571,9,0,7,1,70,,5586,9,0,23 26,1,30,,5572,9,0,7,1,70,,5587,9,0,23 26,1,30,,5573,9,0,7,1,70,,5588,9,0,23 26,1,30,,5574,9,0,7,1,70,,5589,9,0,23 26,1,30,,5575,9,0,7,1,70,,5592,9,,,1,30,,5576,9,0,7,1,70,,5590,9,0,23 26,1
300,'20260406',649,,5608,9,0,7,1,70,,5593,9,0,7,1,30,,5609,9,0,7,1,70,,5594,9,0,7,1,30,,5610,9,0,7,1,70,,5595,9,0,7,1,30,,5625,9,,,1,70,,5596,9,0,7,1,30,,5612,9,0,23 26,1,70,,5597,9,0,7,1,30,,5613,9,0,23 26,1,70,,5598,9,0,7,1,30,,5626,9,,,1,70,,5599,9,0,7,1,30,,5614,9,0,23 26,1,70,,5600,9,0,7,1,30,,5615,9,0,23 26,1,70,,5601,9,0,7,1,30,,5627,9,,,1,70,,5602,9,0,7,1,30,,5620,9,0,27,1,70,,5621,9,0,27,1,30,,5611,9,0,7,1,70,,5603,9,0,7,1,30,,5616,9,0,23 26,1,70,,5604,9,0,7,1,30,,5617,9,0,23 26,1,70,,5605,9,0,7,1,30,,5618,9,0,23 26,1,70,,5606,9,0,7,1,30,,5628,9,,,1,70,,5607,9,0,7,1,30,,5629,9,,,1,100,,5619,9,0,23 26,1
300,'20260407',649,,5647,9,0,7,1,70,,5632,9,0,7,1,30,,5648,9,0,7,1,70,,5633,9,0,7,1,30,,5649,9,0,7,1,70,,5634,9,0,7,1,30,,5664,9,,,1,70,,5635,9,0,7,1,30,,5651,9,0,23 26,1,70,,5636,9,0,7,1,30,,5652,9,0,23 26,1,70,,5637,9,0,7,1,30,,5665,9,,,1,70,,5638,9,0,7,1,30,,5653,9,0,23 26,1,70,,5639,9,0,7,1,30,,5654,9,0,23 26,1,70,,5640,9,0,7,1,30,,5666,9,,,1,70,,5641,9,0,7,1,30,,5659,9,0,27,1,70,,5660,9,0,27,1,30,,5650,9,0,7,1,70,,5642,9,0,7,1,30,,5655,9,0,23 26,1,70,,5643,9,0,7,1,30,,5656,9,0,23 26,1,70,,5644,9,0,7,1,30,,5657,9,0,23 26,1,70,,5645,9,0,7,1,30,,5667,9,,,1,70,,5646,9,0,7,1,30,,5668,9,,,1,100,,5658,9,0,23 26,1
300,'20260408',649,,5686,9,0,7,1,70,,5671,9,0,7,1,30,,5687,9,0,7,1,70,,5672,9,0,7,1,30,,5688,9,0,7,1,70,,5673,9,0,7,1,30,,5703,9,,,1,70,,5674,9,0,7,1,30,,5690,9,0,23 26,1,70,,5675,9,0,7,1,30,,5691,9,0,23 26,1,70,,5676,9,0,7,1,30,,5704,9,,,1,70,,5677,9,0,7,1,30,,5692,9,0,23 26,1,70,,5678,9,0,7,1,30,,5693,9,0,23 26,1,70,,5679,9,0,7,1,30,,5705,9,,,1,70,,5680,9,0,7,1,30,,5698,9,0,27,1,70,,5699,9,0,27,1,30,,5689,9,0,7,1,70,,5681,9,0,7,1,30,,5694,9,0,23 26,1,70,,5682,9,0,7,1,30,,5695,9,0,23 26,1,70,,5683,9,0,7,1,30,,5696,9,0,23 26,1,70,,5684,9,0,7,1,30,,5706,9,,,1,70,,5685,9,0,7,1,30,,5707,9,,,1,100,,5697,9,0,23 26,1
300,'20260409',649,,5725,9,0,7,1,70,,5710,9,0,7,1,30,,5726,9,0,7,1,70,,5711,9,0,7,1,30,,5727,9,0,7,1,70,,5712,9,0,7,1,30,,5742,9,,,1,70,,5713,9,0,7,1,30,,5729,9,0,23 26,1,70,,5714,9,0,7,1,30,,5730,9,0,23 26,1,70,,5715,9,0,7,1,30,,5743,9,,,1,70,,5716,9,0,7,1,30,,5731,9,0,23 26,1,70,,5717,9,0,7,1,30,,5732,9,0,23 26,1,70,,5718,9,0,7,1,30,,5744,9,,,1,70,,5719,9,0,7,1,30,,5737,9,0,27,1,70,,5738,9,0,27,1,30,,5728,9,0,7,1,70,,5720,9,0,7,1,30,,5733,9,0,23 26,1,70,,5721,9,0,7,1,30,,5734,9,0,23 26,1,70,,5722,9,0,7,1,30,,5735,9,0,23 26,1,70,,5723,9,0,7,1,30,,5745,9,,,1,70,,5724,9,0,7,1,30,,5746,9,,,1,100,,5736,9,0,23 26,1
300,'20260410',649,,5764,9,0,7,1,70,,5749,9,0,7,1,30,,5765,9,0,7,1,70,,5750,9,0,7,1,30,,5766,9,0,7,1,70,,5751,9,0,7,1,30,,5781,9,,,1,70,,5752,9,0,7,1,30,,5768,9,0,23 26,1,70,,5753,9,0,7,1,30,,5769,9,0,23 26,1,70,,5754,9,0,7,1,30,,5782,9,,,1,70,,5755,9,0,7,1,30,,5770,9,0,23 26,1,70,,5756,9,0,7,1,30,,5771,9,0,23 26,1,70,,5757,9,0,7,1,30,,5783,9,,,1,70,,5758,9,0,7,1,30,,5776,9,0,27,1,70,,5777,9,0,27,1,30,,5767,9,0,7,1,70,,5759,9,0,7,1,30,,5772,9,0,23 26,1,70,,5760,9,0,7,1,30,,5773,9,0,23 26,1,70,,5761,9,0,7,1,30,,5774,9,0,23 26,1,70,,5762,9,0,7,1,30,,5784,9,,,1,70,,5763,9,0,7,1,30,,5785,9,,,1,100,,5775,9,0,23 26,1
300,'20260411',903,,5797,9,0,23 26,1,100,,5798,9,0,23 26,1,100,,5799,9,0,23 26,1,100,,5800,9,0,23 26,1,100,,5801,9,0,23 26,1,100,,5802,9,0,23 26,1,100,,5803,9,0,23 26,1,30,,5788,9,0,7,1,70,,5804,9,0,23 26,1,30,,5789,9,0,7,1,70,,5811,9,,,1,30,,5790,9,0,7,1,70,,5805,9,0,23 26,1,30,,5791,9,0,7,1,70,,5806,9,0,23 26,1,30,,5792,9,0,7,1,70,,5807,9,0,23 26,1,30,,5793,9,0,7,1,70,,5808,9,0,23 26,1,30,,5794,9,0,7,1,70,,5809,9,0,23 26,1,30,,5795,9,0,7,1,70,,5812,9,,,1,30,,5796,9,0,7,1,70,,5810,9,0,23 26,1
300,'20260412',903,,5822,9,0,23 26,1,100,,5823,9,0,23 26,1,100,,5824,9,0,23 26,1,100,,5825,9,0,23 26,1,100,,5826,9,0,23 26,1,100,,5827,9,0,23 26,1,100,,5828,9,0,23 26,1,30,,5813,9,0,7,1,70,,5829,9,0,23 26,1,30,,5814,9,0,7,1,70,,5836,9,,,1,30,,5815,9,0,7,1,70,,5830,9,0,23 26,1,30,,5816,9,0,7,1,70,,5831,9,0,23 26,1,30,,5817,9,0,7,1,70,,5832,9,0,23 26,1,30,,5818,9,0,7,1,70,,5833,9,0,23 26,1,30,,5819,9,0,7,1,70,,5834,9,0,23 26,1,30,,5820,9,0,7,1,70,,5837,9,,,1,30,,5821,9,0,7,1,70,,5835,9,0,23 26,1
300,'20260413',649,,5853,9,0,7,1,70,,5838,9,0,7,1,30,,5854,9,0,7,1,70,,5839,9,0,7,1,30,,5855,9,0,7,1,70,,5840,9,0,7,1,30,,5870,9,,,1,70,,5841,9,0,7,1,30,,5857,9,0,23 26,1,70,,5842,9,0,7,1,30,,5858,9,0,23 26,1,70,,5843,9,0,7,1,30,,5871,9,,,1,70,,5844,9,0,7,1,30,,5859,9,0,23 26,1,70,,5845,9,0,7,1,30,,5860,9,0,23 26,1,70,,5846,9,0,7,1,30,,5872,9,,,1,70,,5847,9,0,7,1,30,,5865,9,0,27,1,70,,5866,9,0,27,1,30,,5856,9,0,7,1,70,,5848,9,0,7,1,30,,5861,9,0,23 26,1,70,,5849,9,0,7,1,30,,5862,9,0,23 26,1,70,,5850,9,0,7,1,30,,5863,9,0,23 26,1,70,,5851,9,0,7,1,30,,5873,9,,,1,70,,5852,9,0,7,1,30,,5874,9,,,1,100,,5864,9,0,23 26,1
300,'20260414',649,,5892,9,0,7,1,70,,5877,9,0,7,1,30,,5893,9,0,7,1,70,,5878,9,0,7,1,30,,5894,9,0,7,1,70,,5879,9,0,7,1,30,,5909,9,,,1,70,,5880,9,0,7,1,30,,5896,9,0,23 26,1,70,,5881,9,0,7,1,30,,5897,9,0,23 26,1,70,,5882,9,0,7,1,30,,5910,9,,,1,70,,5883,9,0,7,1,30,,5898,9,0,23 26,1,70,,5884,9,0,7,1,30,,5899,9,0,23 26,1,70,,5885,9,0,7,1,30,,5911,9,,,1,70,,5886,9,0,7,1,30,,5904,9,0,27,1,70,,5905,9,0,27,1,30,,5895,9,0,7,1,70,,5887,9,0,7,1,30,,5900,9,0,23 26,1,70,,5888,9,0,7,1,30,,5901,9,0,23 26,1,70,,5889,9,0,7,1,30,,5902,9,0,23 26,1,70,,5890,9,0,7,1,30,,5912,9,,,1,70,,5891,9,0,7,1,30,,5913,9,,,1,100,,5903,9,0,23 26,1
300,'20260415',649,,5931,9,0,7,1,70,,5916,9,0,7,1,30,,5932,9,0,7,1,70,,5917,9,0,7,1,30,,5933,9,0,7,1,70,,5918,9,0,7,1,30,,5948,9,,,1,70,,5919,9,0,7,1,30,,5935,9,0,23 26,1,70,,5920,9,0,7,1,30,,5936,9,0,23 26,1,70,,5921,9,0,7,1,30,,5949,9,,,1,70,,5922,9,0,7,1,30,,5937,9,0,23 26,1,70,,5923,9,0,7,1,30,,5938,9,0,23 26,1,70,,5924,9,0,7,1,30,,5950,9,,,1,70,,5925,9,0,7,1,30,,5943,9,0,27,1,70,,5944,9,0,27,1,30,,5934,9,0,7,1,70,,5926,9,0,7,1,30,,5939,9,0,23 26,1,70,,5927,9,0,7,1,30,,5940,9,0,23 26,1,70,,5928,9,0,7,1,30,,5941,9,0,23 26,1,70,,5929,9,0,7,1,30,,5951,9,,,1,70,,5930,9,0,7,1,30,,5952,9,,,1,100,,5942,9,0,23 26,1
300,'20260416',649,,5970,9,0,7,1,70,,5955,9,0,7,1,30,,5971,9,0,7,1,70,,5956,9,0,7,1,30,,5972,9,0,7,1,70,,5957,9,0,7,1,30,,5987,9,,,1,70,,5958,9,0,7,1,30,,5974,9,0,23 26,1,70,,5959,9,0,7,1,30,,5975,9,0,23 26,1,70,,5960,9,0,7,1,30,,5988,9,,,1,70,,5961,9,0,7,1,30,,5976,9,0,23 26,1,70,,5962,9,0,7,1,30,,5977,9,0,23 26,1,70,,5963,9,0,7,1,30,,5989,9,,,1,70,,5964,9,0,7,1,30,,5982,9,0,27,1,70,,5983,9,0,27,1,30,,5973,9,0,7,1,70,,5965,9,0,7,1,30,,5978,9,0,23 26,1,70,,5966,9,0,7,1,30,,5979,9,0,23 26,1,70,,5967,9,0,7,1,30,,5980,9,0,23 26,1,70,,5968,9,0,7,1,30,,5990,9,,,1,70,,5969,9,0,7,1,30,,5991,9,,,1,100,,5981,9,0,23 26,1
300,'20260417',649,,6009,9,0,7,1,70,,5994,9,0,7,1,30,,6010,9,0,7,1,70,,5995,9,0,7,1,30,,6011,9,0,7,1,70,,5996,9,0,7,1,30,,6026,9,,,1,70,,5997,9,0,7,1,30,,6013,9,0,23 26,1,70,,5998,9,0,7,1,30,,6014,9,0,23 26,1,70,,5999,9,0,7,1,30,,6027,9,,,1,70,,6000,9,0,7,1,30,,6015,9,0,23 26,1,70,,6001,9,0,7,1,30,,6016,9,0,23 26,1,70,,6002,9,0,7,1,30,,6028,9,,,1,70,,6003,9,0,7,1,30,,6021,9,0,27,1,70,,6022,9,0,27,1,30,,6012,9,0,7,1,70,,6004,9,0,7,1,30,,6017,9,0,23 26,1,70,,6005,9,0,7,1,30,,6018,9,0,23 26,1,70,,6006,9,0,7,1,30,,6019,9,0,23 26,1,70,,6007,9,0,7,1,30,,6029,9,,,1,70,,6008,9,0,7,1,30,,6030,9,,,1
300,'20260420',649,,6098,9,0,7,1,70,,6083,9,0,7,1,30,,6099,9,0,7,1,70,,6084,9,0,7,1,30,,6100,9,0,7,1,70,,6085,9,0,7,1,30,,6115,9,,,1,70,,6086,9,0,7,1,30,,6102,9,0,23 26,1,70,,6087,9,0,7,1,30,,6103,9,0,23 26,1,70,,6088,9,0,7,1,30,,6116,9,,,1,70,,6089,9,0,7,1,30,,6104,9,0,23 26,1,70,,6090,9,0,7,1,30,,6105,9,0,23 26,1,70,,6091,9,0,7,1,30,,6117,9,,,1,70,,6092,9,0,7,1,30,,6110,9,0,27,1,70,,6111,9,0,27,1,30,,6101,9,0,7,1,70,,6093,9,0,7,1,30,,6106,9,0,23 26,1,70,,6094,9,0,7,1,30,,6107,9,0,23 26,1,70,,6095,9,0,7,1,30,,6108,9,0,23 26,1,70,,6096,9,0,7,1,30,,6118,9,,,1,70,,6097,9,0,7,1,30,,6119,9,,,1,100,,6109,9,0,23 26,1
300,'20260421',649,,6137,9,0,7,1,70,,6122,9,0,7,1,30,,6138,9,0,7,1,70,,6123,9,0,7,1,30,,6139,9,0,7,1,70,,6124,9,0,7,1,30,,6154,9,,,1,70,,6125,9,0,7,1,30,,6141,9,0,23 26,1,70,,6126,9,0,7,1,30,,6142,9,0,23 26,1,70,,6127,9,0,7,1,30,,6155,9,,,1,70,,6128,9,0,7,1,30,,6143,9,0,23 26,1,70,,6129,9,0,7,1,30,,6144,9,0,23 26,1,70,,6130,9,0,7,1,30,,6156,9,,,1,70,,6131,9,0,7,1,30,,6149,9,0,27,1,70,,6150,9,0,27,1,30,,6140,9,0,7,1,70,,6132,9,0,7,1,30,,6145,9,0,23 26,1,70,,6133,9,0,7,1,30,,6146,9,0,23 26,1,70,,6134,9,0,7,1,30,,6147,9,0,23 26,1,70,,6135,9,0,7,1,30,,6157,9,,,1,70,,6136,9,0,7,1,30,,6158,9,,,1,100,,6148,9,0,23 26,1
300,'20260422',649,,6176,9,0,7,1,70,,6161,9,0,7,1,30,,6177,9,0,7,1,70,,6162,9,0,7,1,30,,6178,9,0,7,1,70,,6163,9,0,7,1,30,,6193,9,,,1,70,,6164,9,0,7,1,30,,6180,9,0,23 26,1,70,,6165,9,0,7,1,30,,6181,9,0,23 26,1,70,,6166,9,0,7,1,30,,6194,9,,,1,70,,6167,9,0,7,1,30,,6182,9,0,23 26,1,70,,6168,9,0,7,1,30,,6183,9,0,23 26,1,70,,6169,9,0,7,1,30,,6195,9,,,1,70,,6170,9,0,7,1,30,,6188,9,0,27,1,70,,6189,9,0,27,1,30,,6179,9,0,7,1,70,,6171,9,0,7,1,30,,6184,9,0,23 26,1,70,,6172,9,0,7,1,30,,6185,9,0,23 26,1,70,,6173,9,0,7,1,30,,6186,9,0,23 26,1,70,,6174,9,0,7,1,30,,6196,9,,,1,70,,6175,9,0,7,1,30,,6197,9,,,1,100,,6187,9,0,23 26,1
300,'20260423',649,,6215,9,0,7,1,70,,6200,9,0,7,1,30,,6216,9,0,7,1,70,,6201,9,0,7,1,30,,6217,9,0,7,1,70,,6202,9,0,7,1,30,,6232,9,,,1,70,,6203,9,0,7,1,30,,6219,9,0,23 26,1,70,,6204,9,0,7,1,30,,6220,9,0,23 26,1,70,,6205,9,0,7,1,30,,6233,9,,,1,70,,6206,9,0,7,1,30,,6221,9,0,23 26,1,70,,6207,9,0,7,1,30,,6222,9,0,23 26,1,70,,6208,9,0,7,1,30,,6234,9,,,1,70,,6209,9,0,7,1,30,,6227,9,0,27,1,70,,6228,9,0,27,1,30,,6218,9,0,7,1,70,,6210,9,0,7,1,30,,6223,9,0,23 26,1,70,,6211,9,0,7,1,30,,6224,9,0,23 26,1,70,,6212,9,0,7,1,30,,6225,9,0,23 26,1,70,,6213,9,0,7,1,30,,6235,9,,,1,70,,6214,9,0,7,1,30,,6236,9,,,1,100,,6226,9,0,23 26,1
300,'20260424',649,,6254,9,0,7,1,70,,6239,9,0,7,1,30,,6255,9,0,7,1,70,,6240,9,0,7,1,30,,6256,9,0,7,1,70,,6241,9,0,7,1,30,,6271,9,,,1,70,,6242,9,0,7,1,30,,6258,9,0,23 26,1,70,,6243,9,0,7,1,30,,6259,9,0,23 26,1,70,,6244,9,0,7,1,30,,6272,9,,,1,70,,6245,9,0,7,1,30,,6260,9,0,23 26,1,70,,6246,9,0,7,1,30,,6261,9,0,23 26,1,70,,6247,9,0,7,1,30,,6273,9,,,1,70,,6248,9,0,7,1,30,,6266,9,0,27,1,70,,6267,9,0,27,1,30,,6257,9,0,7,1,70,,6249,9,0,7,1,30,,6262,9,0,23 26,1,70,,6250,9,0,7,1,30,,6263,9,0,23 26,1,70,,6251,9,0,7,1,30,,6264,9,0,23 26,1,70,,6252,9,0,7,1,30,,6274,9,,,1,70,,6253,9,0,7,1,30,,6275,9,,,1,100,,6265,9,0,23 26,1
301,'20260401',619,,7059,21,,,1,30,,7061,34,,,1,70,,7048,10,,,1,30,,7032,10,,,1,70,,7049,10,,,1,30,,7033,10,,,1,70,,7050,10,,,1,30,,7034,10,,,1,70,,7051,10,,,1,30,,7035,10,,,1,70,,7053,16,,,1,30,,7036,10,,,1,70,,7054,16,,,1,30,,7037,10,,,1,70,,7064,34,,,1,30,,7038,10,,,1,70,,7055,16,,,1,30,,7039,10,,,1,70,,7056,16,,,1,30,,7040,10,,,1,70,,7065,34,,,1,30,,7041,10,,,1,100,,7042,10,,,1,100,,7043,10,,,1,70,,7052,10,,,1,100,,7057,16,,,1,30,,7044,10,,,1,70,,7058,16,,,1,30,,7045,10,,,1,70,,7066,34,,,1,30,,7046,10,,,1,100,,7047,10,,,1
301,'20260402',619,,7098,21,,,1,30,,7100,34,,,1,70,,7087,10,,,1,30,,7071,10,,,1,70,,7088,10,,,1,30,,7072,10,,,1,70,,7089,10,,,1,30,,7073,10,,,1,70,,7090,10,,,1,30,,7074,10,,,1,70,,7092,16,,,1,30,,7075,10,,,1,70,,7093,16,,,1,30,,7076,10,,,1,70,,7103,34,,,1,30,,7077,10,,,1,70,,7094,16,,,1,30,,7078,10,,,1,70,,7095,16,,,1,30,,7079,10,,,1,70,,7104,34,,,1,30,,7080,10,,,1,100,,7081,10,,,1,100,,7082,10,,,1,70,,7091,10,,,1,100,,7096,16,,,1,30,,7083,10,,,1,70,,7097,16,,,1,30,,7084,10,,,1,70,,7105,34,,,1,30,,7085,10,,,1,100,,7086,10,,,1
301,'20260403',819,,7119,16,,,1,100,,7133,34,,,1,100,,7120,16,,,1,100,,7121,16,,,1,100,,7122,16,,,1,100,,7123,16,,,1,100,,7124,16,,,1,30,,7110,10,,,1,70,,7125,16,,,1,30,,7111,10,,,1,70,,7126,16,,,1,30,,7112,10,,,1,70,,7134,34,,,1,30,,7113,10,,,1,70,,7127,16,,,1,30,,7114,10,,,1,70,,7128,16,,,1,30,,7115,10,,,1,70,,7129,16,,,1,30,,7116,10,,,1,70,,7130,16,,,1,30,,7117,10,,,1,70,,7131,16,,,1,30,,7118,10,,,1,70,,7132,16,,,1
301,'20260404',819,,7144,16,,,1,100,,7158,34,,,1,100,,7145,16,,,1,100,,7146,16,,,1,100,,7147,16,,,1,100,,7148,16,,,1,100,,7149,16,,,1,30,,7135,10,,,1,70,,7150,16,,,1,30,,7136,10,,,1,70,,7151,16,,,1,30,,7137,10,,,1,70,,7159,34,,,1,30,,7138,10,,,1,70,,7152,16,,,1,30,,7139,10,,,1,70,,7153,16,,,1,30,,7140,10,,,1,70,,7154,16,,,1,30,,7141,10,,,1,70,,7155,16,,,1,30,,7142,10,,,1,70,,7156,16,,,1,30,,7143,10,,,1,70,,7157,16,,,1
301,'20260405',819,,7169,16,,,1,100,,7183,34,,,1,100,,7170,16,,,1,100,,7171,16,,,1,100,,7172,16,,,1,100,,7173,16,,,1,100,,7174,16,,,1,30,,7160,10,,,1,70,,7175,16,,,1,30,,7161,10,,,1,70,,7176,16,,,1,30,,7162,10,,,1,70,,7184,34,,,1,30,,7163,10,,,1,70,,7177,16,,,1,30,,7164,10,,,1,70,,7178,16,,,1,30,,7165,10,,,1,70,,7179,16,,,1,30,,7166,10,,,1,70,,7180,16,,,1,30,,7167,10,,,1,70,,7181,16,,,1,30,,7168,10,,,1,70,,7182,16,,,1
301,'20260406',619,,7212,21,,,1,30,,7214,34,,,1,70,,7201,10,,,1,30,,7185,10,,,1,70,,7202,10,,,1,30,,7186,10,,,1,70,,7203,10,,,1,30,,7187,10,,,1,70,,7204,10,,,1,30,,7188,10,,,1,70,,7206,16,,,1,30,,7189,10,,,1,70,,7207,16,,,1,30,,7190,10,,,1,70,,7217,34,,,1,30,,7191,10,,,1,70,,7208,16,,,1,30,,7192,10,,,1,70,,7209,16,,,1,30,,7193,10,,,1,70,,7218,34,,,1,30,,7194,10,,,1,100,,7195,10,,,1,100,,7196,10,,,1,70,,7205,10,,,1,100,,7210,16,,,1,30,,7197,10,,,1,70,,7211,16,,,1,30,,7198,10,,,1,70,,7219,34,,,1,30,,7199,10,,,1,100,,7200,10,,,1
301,'20260407',619,,7251,21,,,1,30,,7253,34,,,1,70,,7240,10,,,1,30,,7224,10,,,1,70,,7241,10,,,1,30,,7225,10,,,1,70,,7242,10,,,1,30,,7226,10,,,1,70,,7243,10,,,1,30,,7227,10,,,1,70,,7245,16,,,1,30,,7228,10,,,1,70,,7246,16,,,1,30,,7229,10,,,1,70,,7256,34,,,1,30,,7230,10,,,1,70,,7247,16,,,1,30,,7231,10,,,1,70,,7248,16,,,1,30,,7232,10,,,1,70,,7257,34,,,1,30,,7233,10,,,1,100,,7234,10,,,1,100,,7235,10,,,1,70,,7244,10,,,1,100,,7249,16,,,1,30,,7236,10,,,1,70,,7250,16,,,1,30,,7237,10,,,1,70,,7258,34,,,1,30,,7238,10,,,1,100,,7239,10,,,1
301,'20260408',619,,7290,21,,,1,30,,7292,34,,,1,70,,7279,10,,,1,30,,7263,10,,,1,70,,7280,10,,,1,30,,7264,10,,,1,70,,7281,10,,,1,30,,7265,10,,,1,70,,7282,10,,,1,30,,7266,10,,,1,70,,7284,16,,,1,30,,7267,10,,,1,70,,7285,16,,,1,30,,7268,10,,,1,70,,7295,34,,,1,30,,7269,10,,,1,70,,7286,16,,,1,30,,7270,10,,,1,70,,7287,16,,,1,30,,7271,10,,,1,70,,7296,34,,,1,30,,7272,10,,,1,100,,7273,10,,,1,100,,7274,10,,,1,70,,7283,10,,,1,100,,7288,16,,,1,30,,7275,10,,,1,70,,7289,16,,,1,30,,7276,10,,,1,70,,7297,34,,,1,30,,7277,10,,,1,100,,7278,10,,,1
301,'20260409',619,,7329,21,,,1,30,,7331,34,,,1,70,,7318,10,,,1,30,,7302,10,,,1,70,,7319,10,,,1,30,,7303,10,,,1,70,,7320,10,,,1,30,,7304,10,,,1,70,,7321,10,,,1,30,,7305,10,,,1,70,,7323,16,,,1,30,,7306,10,,,1,70,,7324,16,,,1,30,,7307,10,,,1,70,,7334,34,,,1,30,,7308,10,,,1,70,,7325,16,,,1,30,,7309,10,,,1,70,,7326,16,,,1,30,,7310,10,,,1,70,,7335,34,,,1,30,,7311,10,,,1,100,,7312,10,,,1,100,,7313,10,,,1,70,,7322,10,,,1,100,,7327,16,,,1,30,,7314,10,,,1,70,,7328,16,,,1,30,,7315,10,,,1,70,,7336,34,,,1,30,,7316,10,,,1,100,,7317,10,,,1
301,'20260410',619,,7368,21,,,1,30,,7370,34,,,1,70,,7357,10,,,1,30,,7341,10,,,1,70,,7358,10,,,1,30,,7342,10,,,1,70,,7359,10,,,1,30,,7343,10,,,1,70,,7360,10,,,1,30,,7344,10,,,1,70,,7362,16,,,1,30,,7345,10,,,1,70,,7363,16,,,1,30,,7346,10,,,1,70,,7373,34,,,1,30,,7347,10,,,1,70,,7364,16,,,1,30,,7348,10,,,1,70,,7365,16,,,1,30,,7349,10,,,1,70,,7374,34,,,1,30,,7350,10,,,1,100,,7351,10,,,1,100,,7352,10,,,1,70,,7361,10,,,1,100,,7366,16,,,1,30,,7353,10,,,1,70,,7367,16,,,1,30,,7354,10,,,1,70,,7375,34,,,1,30,,7355,10,,,1,100,,7356,10,,,1
301,'20260411',819,,7389,16,,,1,100,,7403,34,,,1,100,,7390,16,,,1,100,,7391,16,,,1,100,,7392,16,,,1,100,,7393,16,,,1,100,,7394,16,,,1,30,,7380,10,,,1,70,,7395,16,,,1,30,,7381,10,,,1,70,,7396,16,,,1,30,,7382,10,,,1,70,,7404,34,,,1,30,,7383,10,,,1,70,,7397,16,,,1,30,,7384,10,,,1,70,,7398,16,,,1,30,,7385,10,,,1,70,,7399,16,,,1,30,,7386,10,,,1,70,,7400,16,,,1,30,,7387,10,,,1,70,,7401,16,,,1,30,,7388,10,,,1,70,,7402,16,,,1
301,'20260412',819,,7414,16,,,1,100,,7428,34,,,1,100,,7415,16,,,1,100,,7416,16,,,1,100,,7417,16,,,1,100,,7418,16,,,1,100,,7419,16,,,1,30,,7405,10,,,1,70,,7420,16,,,1,30,,7406,10,,,1,70,,7421,16,,,1,30,,7407,10,,,1,70,,7429,34,,,1,30,,7408,10,,,1,70,,7422,16,,,1,30,,7409,10,,,1,70,,7423,16,,,1,30,,7410,10,,,1,70,,7424,16,,,1,30,,7411,10,,,1,70,,7425,16,,,1,30,,7412,10,,,1,70,,7426,16,,,1,30,,7413,10,,,1,70,,7427,16,,,1
301,'20260413',619,,7457,21,,,1,30,,7459,34,,,1,70,,7446,10,,,1,30,,7430,10,,,1,70,,7447,10,,,1,30,,7431,10,,,1,70,,7448,10,,,1,30,,7432,10,,,1,70,,7449,10,,,1,30,,7433,10,,,1,70,,7451,16,,,1,30,,7434,10,,,1,70,,7452,16,,,1,30,,7435,10,,,1,70,,7462,34,,,1,30,,7436,10,,,1,70,,7453,16,,,1,30,,7437,10,,,1,70,,7454,16,,,1,30,,7438,10,,,1,70,,7463,34,,,1,30,,7439,10,,,1,100,,7440,10,,,1,100,,7441,10,,,1,70,,7450,10,,,1,100,,7455,16,,,1,30,,7442,10,,,1,70,,7456,16,,,1,30,,7443,10,,,1,70,,7464,34,,,1,30,,7444,10,,,1,100,,7445,10,,,1
301,'20260414',619,,7496,21,,,1,30,,7498,34,,,1,70,,7485,10,,,1,30,,7469,10,,,1,70,,7486,10,,,1,30,,7470,10,,,1,70,,7487,10,,,1,30,,7471,10,,,1,70,,7488,10,,,1,30,,7472,10,,,1,70,,7490,16,,,1,30,,7473,10,,,1,70,,7491,16,,,1,30,,7474,10,,,1,70,,7501,34,,,1,30,,7475,10,,,1,70,,7492,16,,,1,30,,7476,10,,,1,70,,7493,16,,,1,30,,7477,10,,,1,70,,7502,34,,,1,30,,7478,10,,,1,100,,7479,10,,,1,100,,7480,10,,,1,70,,7489,10,,,1,100,,7494,16,,,1,30,,7481,10,,,1,70,,7495,16,,,1,30,,7482,10,,,1,70,,7503,34,,,1,30,,7483,10,,,1,100,,7484,10,,,1
301,'20260415',619,,7535,21,,,1,30,,7537,34,,,1,70,,7524,10,,,1,30,,7508,10,,,1,70,,7525,10,,,1,30,,7509,10,,,1,70,,7526,10,,,1,30,,7510,10,,,1,70,,7527,10,,,1,30,,7511,10,,,1,70,,7529,16,,,1,30,,7512,10,,,1,70,,7530,16,,,1,30,,7513,10,,,1,70,,7540,34,,,1,30,,7514,10,,,1,70,,7531,16,,,1,30,,7515,10,,,1,70,,7532,16,,,1,30,,7516,10,,,1,70,,7541,34,,,1,30,,7517,10,,,1,100,,7518,10,,,1,100,,7519,10,,,1,70,,7528,10,,,1,100,,7533,16,,,1,30,,7520,10,,,1,70,,7534,16,,,1,30,,7521,10,,,1,70,,7542,34,,,1,30,,7522,10,,,1,100,,7523,10,,,1
301,'20260416',619,,7574,21,,,1,30,,7576,34,,,1,70,,7563,10,,,1,30,,7547,10,,,1,70,,7564,10,,,1,30,,7548,10,,,1,70,,7565,10,,,1,30,,7549,10,,,1,70,,7566,10,,,1,30,,7550,10,,,1,70,,7568,16,,,1,30,,7551,10,,,1,70,,7569,16,,,1,30,,7552,10,,,1,70,,7579,34,,,1,30,,7553,10,,,1,70,,7570,16,,,1,30,,7554,10,,,1,70,,7571,16,,,1,30,,7555,10,,,1,70,,7580,34,,,1,30,,7556,10,,,1,100,,7557,10,,,1,100,,7558,10,,,1,70,,7567,10,,,1,100,,7572,16,,,1,30,,7559,10,,,1,70,,7573,16,,,1,30,,7560,10,,,1,70,,7581,34,,,1,30,,7561,10,,,1,100,,7562,10,,,1
301,'20260417',619,,7613,21,,,1,30,,7615,34,,,1,70,,7602,10,,,1,30,,7586,10,,,1,70,,7603,10,,,1,30,,7587,10,,,1,70,,7604,10,,,1,30,,7588,10,,,1,70,,7605,10,,,1,30,,7589,10,,,1,70,,7607,16,,,1,30,,7590,10,,,1,70,,7608,16,,,1,30,,7591,10,,,1,70,,7618,34,,,1,30,,7592,10,,,1,70,,7609,16,,,1,30,,7593,10,,,1,70,,7610,16,,,1,30,,7594,10,,,1,70,,7619,34,,,1,30,,7595,10,,,1,100,,7596,10,,,1,100,,7597,10,,,1,70,,7606,10,,,1,100,,7611,16,,,1,30,,7598,10,,,1,70,,7612,16,,,1,30,,7599,10,,,1,70,,7620,34,,,1,30,,7600,10,,,1,100,,7601,10,,,1
301,'20260420',619,,7702,21,,,1,30,,7704,34,,,1,70,,7691,10,,,1,30,,7675,10,,,1,70,,7692,10,,,1,30,,7676,10,,,1,70,,7693,10,,,1,30,,7677,10,,,1,70,,7694,10,,,1,30,,7678,10,,,1,70,,7696,16,,,1,30,,7679,10,,,1,70,,7697,16,,,1,30,,7680,10,,,1,70,,7707,34,,,1,30,,7681,10,,,1,70,,7698,16,,,1,30,,7682,10,,,1,70,,7699,16,,,1,30,,7683,10,,,1,70,,7708,34,,,1,30,,7684,10,,,1,100,,7685,10,,,1,100,,7686,10,,,1,70,,7695,10,,,1,100,,7700,16,,,1,30,,7687,10,,,1,70,,7701,16,,,1,30,,7688,10,,,1,70,,7709,34,,,1,30,,7689,10,,,1,100,,7690,10,,,1
301,'20260421',619,,7741,21,,,1,30,,7743,34,,,1,70,,7730,10,,,1,30,,7714,10,,,1,70,,7731,10,,,1,30,,7715,10,,,1,70,,7732,10,,,1,30,,7716,10,,,1,70,,7733,10,,,1,30,,7717,10,,,1,70,,7735,16,,,1,30,,7718,10,,,1,70,,7736,16,,,1,30,,7719,10,,,1,70,,7746,34,,,1,30,,7720,10,,,1,70,,7737,16,,,1,30,,7721,10,,,1,70,,7738,16,,,1,30,,7722,10,,,1,70,,7747,34,,,1,30,,7723,10,,,1,100,,7724,10,,,1,100,,7725,10,,,1,70,,7734,10,,,1,100,,7739,16,,,1,30,,7726,10,,,1,70,,7740,16,,,1,30,,7727,10,,,1,70,,7748,34,,,1,30,,7728,10,,,1,100,,7729,10,,,1
301,'20260422',619,,7780,21,,,1,30,,7782,34,,,1,70,,7769,10,,,1,30,,7753,10,,,1,70,,7770,10,,,1,30,,7754,10,,,1,70,,7771,10,,,1,30,,7755,10,,,1,70,,7772,10,,,1,30,,7756,10,,,1,70,,7774,16,,,1,30,,7757,10,,,1,70,,7775,16,,,1,30,,7758,10,,,1,70,,7785,34,,,1,30,,7759,10,,,1,70,,7776,16,,,1,30,,7760,10,,,1,70,,7777,16,,,1,30,,7761,10,,,1,70,,7786,34,,,1,30,,7762,10,,,1,100,,7763,10,,,1,100,,7764,10,,,1,70,,7773,10,,,1,100,,7778,16,,,1,30,,7765,10,,,1,70,,7779,16,,,1,30,,7766,10,,,1,70,,7787,34,,,1,30,,7767,10,,,1,100,,7768,10,,,1
301,'20260423',619,,7819,21,,,1,30,,7821,34,,,1,70,,7808,10,,,1,30,,7792,10,,,1,70,,7809,10,,,1,30,,7793,10,,,1,70,,7810,10,,,1,30,,7794,10,,,1,70,,7811,10,,,1,30,,7795,10,,,1,70,,7813,16,,,1,30,,7796,10,,,1,70,,7814,16,,,1,30,,7797,10,,,1,70,,7824,34,,,1,30,,7798,10,,,1,70,,7815,16,,,1,30,,7799,10,,,1,70,,7816,16,,,1,30,,7800,10,,,1,70,,7825,34,,,1,30,,7801,10,,,1,100,,7802,10,,,1,100,,7803,10,,,1,70,,7812,10,,,1,100,,7817,16,,,1,30,,7804,10,,,1,70,,7818,16,,,1,30,,7805,10,,,1,70,,7826,34,,,1,30,,7806,10,,,1,100,,7807,10,,,1
301,'20260424',619,,7858,21,,,1,30,,7860,34,,,1,70,,7847,10,,,1,30,,7831,10,,,1,70,,7848,10,,,1,30,,7832,10,,,1,70,,7849,10,,,1,30,,7833,10,,,1,70,,7850,10,,,1,30,,7834,10,,,1,70,,7852,16,,,1,30,,7835,10,,,1,70,,7853,16,,,1,30,,7836,10,,,1,70,,7863,34,,,1,30,,7837,10,,,1,70,,7854,16,,,1,30,,7838,10,,,1,70,,7855,16,,,1,30,,7839,10,,,1,70,,7864,34,,,1,30,,7840,10,,,1,100,,7841,10,,,1,100,,7842,10,,,1,70,,7851,10,,,1,100,,7856,16,,,1,30,,7843,10,,,1,70,,7857,16,,,1,30,,7844,10,,,1,70,,7865,34,,,1,30,,7845,10,,,1,100,,7846,10,,,1
