700,'20260508',1613,,26094,28,4,,1,100,,26095,28,4,,1,30,,26099,28,4,,1,70,,26096,28,4,,1,32,,26100,28,4,,1,567,,26097,28,4,,1,100,,26098,28,4,,1
700,'20260509',2212,,26113,28,4,,1,100,,26114,28,4,,1,100,,26115,28,4,,1
700,'20260510',2212,,26128,28,4,,1,100,,26129,28,4,,1,100,,26130,28,4,,1
700,'20260511',1613,,26144,28,4,,1,100,,26145,28,4,,1,30,,26149,28,4,,1,70,,26146,28,4,,1,32,,26150,28,4,,1,567,,26147,28,4,,1,100,,26148,28,4,,1
700,'20260512',1613,,26164,28,4,,1,100,,26165,28,4,,1,30,,26169,28,4,,1,70,,26166,28,4,,1,32,,26170,28,4,,1,567,,26167,28,4,,1,100,,26168,28,4,,1
700,'20260513',1613,,26184,28,4,,1,100,,26185,28,4,,1,30,,26189,28,4,,1,70,,26186,28,4,,1,32,,26190,28,4,,1,567,,26187,28,4,,1,100,,26188,28,4,,1
700,'20260514',1613,,26204,28,4,,1,100,,26205,28,4,,1,30,,26209,28,4,,1,70,,26206,28,4,,1,32,,26210,28,4,,1,567,,26207,28,4,,1,100,,26208,28,4,,1
700,'20260515',1613,,26224,28,4,,1,100,,26225,28,4,,1,30,,26229,28,4,,1,70,,26226,28,4,,1,32,,26230,28,4,,1,567,,26227,28,4,,1,100,,26228,28,4,,1
700,'20260516',2212,,26243,28,4,,1,100,,26244,28,4,,1,100,,26245,28,4,,1
700,'20260517',2212,,26258,28,4,,1,100,,26259,28,4,,1,100,,26260,28,4,,1
700,'20260518',2212,,26273,28,4,,1,100,,26274,28,4,,1,100,,26275,28,4,,1
700,'20260519',1613,,26289,28,4,,1,100,,26290,28,4,,1,30,,26294,28,4,,1,70,,26291,28,4,,1,32,,26295,28,4,,1,567,,26292,28,4,,1,100,,26293,28,4,,1
700,'20260520',1613,,26309,28,4,,1,100,,26310,28,4,,1,30,,26314,28,4,,1,70,,26311,28,4,,1,32,,26315,28,4,,1,567,,26312,28,4,,1,100,,26313,28,4,,1
700,'20260521',1613,,26329,28,4,,1,100,,26330,28,4,,1,30,,26334,28,4,,1,70,,26331,28,4,,1,32,,26335,28,4,,1,567,,26332,28,4,,1,100,,26333,28,4,,1
700,'20260522',1613,,26349,28,4,,1,100,,26350,28,4,,1,30,,26354,28,4,,1,70,,26351,28,4,,1,32,,26355,28,4,,1,567,,26352,28,4,,1,100,,26353,28,4,,1
700,'20260523',2212,,26368,28,4,,1,100,,26369,28,4,,1,100,,26370,28,4,,1
700,'20260524',2212,,26383,28,4,,1,100,,26384,28,4,,1,100,,26385,28,4,,1
700,'20260525',1613,,26399,28,4,,1,100,,26400,28,4,,1,30,,26404,28,4,,1,70,,26401,28,4,,1,32,,26405,28,4,,1,567,,26402,28,4,,1,100,,26403,28,4,,1
700,'20260526',1613,,26419,28,4,,1,100,,26420,28,4,,1,30,,26424,28,4,,1,70,,26421,28,4,,1,32,,26425,28,4,,1,567,,26422,28,4,,1,100,,26423,28,4,,1
700,'20260527',1613,,26439,28,4,,1,100,,26440,28,4,,1,30,,26444,28,4,,1,70,,26441,28,4,,1,32,,26445,28,4,,1,567,,26442,28,4,,1,100,,26443,28,4,,1
700,'20260528',1613,,26459,28,4,,1,100,,26460,28,4,,1,30,,26464,28,4,,1,70,,26461,28,4,,1,32,,26465,28,4,,1,567,,26462,28,4,,1,100,,26463,28,4,,1
700,'20260529',1613,,26479,28,4,,1,100,,26480,28,4,,1,30,,26484,28,4,,1,70,,26481,28,4,,1,32,,26485,28,4,,1,567,,26482,28,4,,1,100,,26483,28,4,,1
700,'20260530',2212,,26498,28,4,,1,100,,26499,28,4,,1,100,,26500,28,4,,1
700,'20260531',2212,,26513,28,4,,1,100,,26514,28,4,,1,100,,26515,28,4,,1
700,'20260601',1613,,26529,28,4,,1,100,,26530,28,4,,1,30,,26534,28,4,,1,70,,26531,28,4,,1,32,,26535,28,4,,1,567,,26532,28,4,,1,100,,26533,28,4,,1
700,'20260602',1613,,26549,28,4,,1,100,,26550,28,4,,1,30,,26554,28,4,,1,70,,26551,28,4,,1,32,,26555,28,4,,1,567,,26552,28,4,,1,100,,26553,28,4,,1
700,'20260603',1613,,26569,28,4,,1,100,,26570,28,4,,1,30,,26574,28,4,,1,70,,26571,28,4,,1,32,,26575,28,4,,1,567,,26572,28,4,,1,100,,26573,28,4,,1
700,'20260604',1613,,26589,28,4,,1,100,,26590,28,4,,1,30,,26594,28,4,,1,70,,26591,28,4,,1,32,,26595,28,4,,1,567,,26592,28,4,,1,100,,26593,28,4,,1
700,'20260605',1613,,26609,28,4,,1,100,,26610,28,4,,1,30,,26614,28,4,,1,70,,26611,28,4,,1,32,,26615,28,4,,1,467,,52187,28,4,,1,100,,26612,28,4,,1
700,'20260608',1613,,26659,28,4,,1,100,,26660,28,4,,1,30,,26664,28,4,,1,70,,26661,28,4,,1,32,,26665,28,4,,1,567,,26662,28,4,,1,100,,26663,28,4,,1
700,'20260609',1613,,26679,28,4,,1,100,,26680,28,4,,1,30,,26684,28,4,,1,70,,26681,28,4,,1,32,,26685,28,4,,1,567,,26682,28,4,,1,100,,26683,28,4,,1
700,'20260610',1613,,26699,28,4,,1,100,,26700,28,4,,1,30,,26704,28,4,,1,70,,26701,28,4,,1,32,,26705,28,4,,1,567,,26702,28,4,,1,100,,26703,28,4,,1
700,'20260611',1613,,26719,28,4,,1,100,,26720,28,4,,1,30,,26724,28,4,,1,70,,26721,28,4,,1,32,,26725,28,4,,1,567,,26722,28,4,,1,100,,26723,28,4,,1
700,'20260612',1613,,26739,28,4,,1,100,,26740,28,4,,1,30,,26744,28,4,,1,70,,26741,28,4,,1,32,,26745,28,4,,1,567,,26742,28,4,,1,100,,26743,28,4,,1
700,'20260613',2212,,52200,28,4,,1,100,,52201,28,4,,1,100,,52202,28,4,,1
700,'20260614',2212,,52215,28,4,,1,100,,52216,28,4,,1,100,,52217,28,4,,1
700,'20260615',1613,,52231,28,4,,1,100,,52232,28,4,,1,30,,52236,28,4,,1,70,,52233,28,4,,1,32,,52237,28,4,,1,567,,52234,28,4,,1,100,,52235,28,4,,1
700,'20260616',1613,,52251,28,4,,1,100,,52252,28,4,,1,30,,52256,28,4,,1,70,,52253,28,4,,1,32,,52257,28,4,,1,567,,52254,28,4,,1,100,,52255,28,4,,1
700,'20260617',1613,,52271,28,4,,1,100,,52272,28,4,,1,30,,52276,28,4,,1,70,,52273,28,4,,1,32,,52277,28,4,,1,567,,52274,28,4,,1,100,,52275,28,4,,1
700,'20260618',1613,,52291,28,4,,1,100,,52292,28,4,,1,30,,52296,28,4,,1,70,,52293,28,4,,1,32,,52297,28,4,,1,567,,52294,28,4,,1,100,,52295,28,4,,1
700,'20260619',1613,,52311,28,4,,1,100,,52312,28,4,,1,30,,52316,28,4,,1,70,,52313,28,4,,1,32,,52317,28,4,,1,567,,52314,28,4,,1,100,,52315,28,4,,1
700,'20260620',2212,,52330,28,4,,1,100,,52331,28,4,,1,100,,52332,28,4,,1
700,'20260621',2212,,52345,28,4,,1,100,,52346,28,4,,1,100,,52347,28,4,,1
700,'20260622',1613,,52361,28,4,,1,100,,52362,28,4,,1,30,,52366,28,4,,1,70,,52363,28,4,,1,32,,52367,28,4,,1,567,,52364,28,4,,1,100,,52365,28,4,,1
700,'20260623',1613,,52381,28,4,,1,100,,52382,28,4,,1,30,,52386,28,4,,1,70,,52383,28,4,,1,32,,52387,28,4,,1,567,,52384,28,4,,1,100,,52385,28,4,,1
700,'20260624',1613,,52401,28,4,,1,100,,52402,28,4,,1,30,,52406,28,4,,1,70,,52403,28,4,,1,32,,52407,28,4,,1,567,,52404,28,4,,1,100,,52405,28,4,,1
700,'20260625',1613,,52421,28,4,,1,100,,52422,28,4,,1,30,,52426,28,4,,1,70,,52423,28,4,,1,32,,52427,28,4,,1,567,,52424,28,4,,1,100,,52425,28,4,,1
700,'20260626',1613,,52441,28,4,,1,100,,52442,28,4,,1,30,,52446,28,4,,1,70,,52443,28,4,,1,32,,52447,28,4,,1,567,,52444,28,4,,1,100,,52445,28,4,,1
700,'20260627',2212,,52460,28,4,,1,100,,52461,28,4,,1,100,,52462,28,4,,1
700,'20260628',2212,,52475,28,4,,1,100,,52476,28,4,,1,100,,52477,28,4,,1
700,'20260629',1613,,52491,28,4,,1,100,,52492,28,4,,1,30,,52496,28,4,,1,70,,52493,28,4,,1,32,,52497,28,4,,1,567,,52494,28,4,,1,100,,52495,28,4,,1
700,'20260630',1613,,52511,28,4,,1,100,,52512,28,4,,1,30,,52516,28,4,,1,70,,52513,28,4,,1,32,,52517,28,4,,1,567,,52514,28,4,,1,100,,52515,28,4,,1
700,'20260701',2212,,52530,28,4,,1,100,,52531,28,4,,1,100,,52532,28,4,,1
700,'20260702',1613,,52546,28,4,,1,100,,52547,28,4,,1,30,,52551,28,4,,1,70,,52548,28,4,,1,32,,52552,28,4,,1,567,,52549,28,4,,1,100,,52550,28,4,,1
700,'20260703',1613,,52566,28,4,,1,100,,52567,28,4,,1,30,,52571,28,4,,1,70,,52568,28,4,,1,32,,52572,28,4,,1,567,,52569,28,4,,1,100,,52570,28,4,,1
700,'20260704',2212,,52585,28,4,,1,100,,52586,28,4,,1,100,,52587,28,4,,1
700,'20260705',2212,,52600,28,4,,1,100,,52601,28,4,,1,100,,52602,28,4,,1
700,'20260706',1613,,52616,28,4,,1,100,,52617,28,4,,1,30,,52621,28,4,,1,70,,52618,28,4,,1,32,,52622,28,4,,1,567,,52619,28,4,,1,100,,52620,28,4,,1
700,'20260707',1613,,52636,28,4,,1,100,,52637,28,4,,1,30,,52641,28,4,,1,70,,52638,28,4,,1,32,,52642,28,4,,1,567,,52639,28,4,,1,100,,52640,28,4,,1
700,'20260708',1613,,52656,28,4,,1,100,,52657,28,4,,1,30,,52661,28,4,,1,70,,52658,28,4,,1,32,,52662,28,4,,1,567,,52659,28,4,,1,100,,52660,28,4,,1
700,'20260709',1613,,52676,28,4,,1,100,,52677,28,4,,1,30,,52681,28,4,,1,70,,52678,28,4,,1,32,,52682,28,4,,1,567,,52679,28,4,,1,100,,52680,28,4,,1
700,'20260710',1613,,52696,28,4,,1,100,,52697,28,4,,1,30,,52701,28,4,,1,70,,52698,28,4,,1,32,,52702,28,4,,1,567,,52699,28,4,,1,100,,52700,28,4,,1
700,'20260711',2212,,52715,28,4,,1,100,,52716,28,4,,1,100,,52717,28,4,,1
700,'20260712',2212,,52730,28,4,,1,100,,52731,28,4,,1,100,,52732,28,4,,1
700,'20260713',1613,,52746,28,4,,1,100,,52747,28,4,,1,30,,52751,28,4,,1,70,,52748,28,4,,1,32,,52752,28,4,,1,567,,52749,28,4,,1,100,,52750,28,4,,1
700,'20260714',1613,,52766,28,4,,1,100,,52767,28,4,,1,30,,52771,28,4,,1,70,,52768,28,4,,1,32,,52772,28,4,,1,567,,52769,28,4,,1,100,,52770,28,4,,1
700,'20260715',1613,,52786,28,4,,1,100,,52787,28,4,,1,30,,52791,28,4,,1,70,,52788,28,4,,1,32,,52792,28,4,,1,567,,52789,28,4,,1,100,,52790,28,4,,1
700,'20260716',1613,,52806,28,4,,1,100,,52807,28,4,,1,30,,52811,28,4,,1,70,,52808,28,4,,1,32,,52812,28,4,,1,567,,52809,28,4,,1,100,,52810,28,4,,1
700,'20260717',1613,,52826,28,4,,1,100,,52827,28,4,,1,30,,52831,28,4,,1,70,,52828,28,4,,1,32,,52832,28,4,,1,567,,52829,28,4,,1,100,,52830,28,4,,1
700,'20260718',2212,,52845,28,4,,1,100,,52846,28,4,,1,100,,52847,28,4,,1
700,'20260719',2212,,52860,28,4,,1,100,,52861,28,4,,1,100,,52862,28,4,,1
700,'20260720',1613,,52876,28,4,,1,100,,52877,28,4,,1,30,,52881,28,4,,1,70,,52878,28,4,,1,32,,52882,28,4,,1,567,,52879,28,4,,1,100,,52880,28,4,,1
700,'20260721',1613,,52896,28,4,,1,100,,52897,28,4,,1,30,,52901,28,4,,1,70,,52898,28,4,,1,32,,52902,28,4,,1,567,,52899,28,4,,1,100,,52900,28,4,,1
700,'20260722',1613,,52916,28,4,,1,100,,52917,28,4,,1,30,,52921,28,4,,1,70,,52918,28,4,,1,32,,52922,28,4,,1,567,,52919,28,4,,1,100,,52920,28,4,,1
700,'20260723',1613,,52936,28,4,,1,100,,52937,28,4,,1,30,,52941,28,4,,1,70,,52938,28,4,,1,32,,52942,28,4,,1,567,,52939,28,4,,1,100,,52940,28,4,,1
700,'20260724',1613,,52956,28,4,,1,100,,52957,28,4,,1,30,,52961,28,4,,1,70,,52958,28,4,,1,32,,52962,28,4,,1,567,,52959,28,4,,1,100,,52960,28,4,,1
700,'20260725',2212,,52975,28,4,,1,100,,52976,28,4,,1,100,,52977,28,4,,1
700,'20260726',2212,,52990,28,4,,1,100,,52991,28,4,,1,100,,52992,28,4,,1
700,'20260727',1613,,53006,28,4,,1,100,,53007,28,4,,1,30,,53011,28,4,,1,70,,53008,28,4,,1,32,,53012,28,4,,1,567,,53009,28,4,,1,100,,53010,28,4,,1
700,'20260728',1613,,53026,28,4,,1,100,,53027,28,4,,1,30,,53031,28,4,,1,70,,53028,28,4,,1,32,,53032,28,4,,1,567,,53029,28,4,,1,100,,53030,28,4,,1
700,'20260729',1613,,53046,28,4,,1,100,,53047,28,4,,1,30,,53051,28,4,,1,70,,53048,28,4,,1,32,,53052,28,4,,1,567,,53049,28,4,,1,100,,53050,28,4,,1
700,'20260730',1613,,53066,28,4,,1,100,,53067,28,4,,1,30,,53071,28,4,,1,70,,53068,28,4,,1,32,,53072,28,4,,1,567,,53069,28,4,,1,100,,53070,28,4,,1
700,'20260731',1613,,53086,28,4,,1,100,,53087,28,4,,1,30,,53091,28,4,,1,70,,53088,28,4,,1,32,,53092,28,4,,1,567,,53089,28,4,,1,100,,53090,28,4,,1
700,'20260801',2212,,53105,28,4,,1,100,,53106,28,4,,1,100,,53107,28,4,,1
700,'20260802',2212,,53120,28,4,,1,100,,53121,28,4,,1,100,,53122,28,4,,1
700,'20260803',1613,,53136,28,4,,1,100,,53137,28,4,,1,30,,53141,28,4,,1,70,,53138,28,4,,1,32,,53142,28,4,,1,567,,53139,28,4,,1,100,,53140,28,4,,1
700,'20260804',1613,,53156,28,4,,1,100,,53157,28,4,,1,30,,53161,28,4,,1,70,,53158,28,4,,1,32,,53162,28,4,,1,567,,53159,28,4,,1,100,,53160,28,4,,1
700,'20260805',1613,,53176,28,4,,1,100,,53177,28,4,,1,30,,53181,28,4,,1,70,,53178,28,4,,1,32,,53182,28,4,,1,567,,53179,28,4,,1,100,,53180,28,4,,1
700,'20260806',1613,,53196,28,4,,1,100,,53197,28,4,,1,30,,53201,28,4,,1,70,,53198,28,4,,1,32,,53202,28,4,,1,567,,53199,28,4,,1,100,,53200,28,4,,1
700,'20260807',1613,,53216,28,4,,1,100,,53217,28,4,,1,30,,53221,28,4,,1,70,,53218,28,4,,1,32,,53222,28,4,,1,567,,53219,28,4,,1,100,,53220,28,4,,1
700,'20260808',2212,,53235,28,4,,1,100,,53236,28,4,,1,100,,53237,28,4,,1
700,'20260809',2212,,53250,28,4,,1,100,,53251,28,4,,1,100,,53252,28,4,,1
700,'20260810',1613,,53266,28,4,,1,100,,53267,28,4,,1,30,,53271,28,4,,1,70,,53268,28,4,,1,32,,53272,28,4,,1,567,,53269,28,4,,1,100,,53270,28,4,,1
700,'20260811',1613,,53286,28,4,,1,100,,53287,28,4,,1,30,,53291,28,4,,1,70,,53288,28,4,,1,32,,53292,28,4,,1,567,,53289,28,4,,1,100,,53290,28,4,,1
700,'20260812',1613,,53306,28,4,,1,100,,53307,28,4,,1,30,,53311,28,4,,1,70,,53308,28,4,,1,32,,53312,28,4,,1,567,,53309,28,4,,1,100,,53310,28,4,,1
700,'20260813',1613,,53326,28,4,,1,100,,53327,28,4,,1,30,,53331,28,4,,1,70,,53328,28,4,,1,32,,53332,28,4,,1,567,,53329,28,4,,1,100,,53330,28,4,,1
700,'20260814',1613,,53346,28,4,,1,100,,53347,28,4,,1,30,,53351,28,4,,1,70,,53348,28,4,,1,32,,53352,28,4,,1,567,,53349,28,4,,1,100,,53350,28,4,,1
700,'20260815',2212,,53365,28,4,,1,100,,53366,28,4,,1,100,,53367,28,4,,1
700,'20260816',2212,,53380,28,4,,1,100,,53381,28,4,,1,100,,53382,28,4,,1
700,'20260817',1613,,53396,28,4,,1,100,,53397,28,4,,1,30,,53401,28,4,,1,70,,53398,28,4,,1,32,,53402,28,4,,1,567,,53399,28,4,,1,100,,53400,28,4,,1
700,'20260818',1613,,53416,28,4,,1,100,,53417,28,4,,1,30,,53421,28,4,,1,70,,53418,28,4,,1,32,,53422,28,4,,1,567,,53419,28,4,,1,100,,53420,28,4,,1
700,'20260819',1613,,53436,28,4,,1,100,,53437,28,4,,1,30,,53441,28,4,,1,70,,53438,28,4,,1,32,,53442,28,4,,1,567,,53439,28,4,,1,100,,53440,28,4,,1
700,'20260820',1613,,53456,28,4,,1,100,,53457,28,4,,1,30,,53461,28,4,,1,70,,53458,28,4,,1,32,,53462,28,4,,1,567,,53459,28,4,,1,100,,53460,28,4,,1
700,'20260821',1613,,53476,28,4,,1,100,,53477,28,4,,1,30,,53481,28,4,,1,70,,53478,28,4,,1,32,,53482,28,4,,1,567,,53479,28,4,,1,100,,53480,28,4,,1
700,'20260822',2212,,53495,28,4,,1,100,,53496,28,4,,1,100,,53497,28,4,,1
700,'20260823',2212,,53510,28,4,,1,100,,53511,28,4,,1,100,,53512,28,4,,1
700,'20260824',1613,,53526,28,4,,1,100,,53527,28,4,,1,30,,53531,28,4,,1,70,,53528,28,4,,1,32,,53532,28,4,,1,567,,53529,28,4,,1,100,,53530,28,4,,1
700,'20260825',1613,,53546,28,4,,1,100,,53547,28,4,,1,30,,53551,28,4,,1,70,,53548,28,4,,1,32,,53552,28,4,,1,567,,53549,28,4,,1,100,,53550,28,4,,1
700,'20260826',1613,,53566,28,4,,1,100,,53567,28,4,,1,30,,53571,28,4,,1,70,,53568,28,4,,1,32,,53572,28,4,,1,567,,53569,28,4,,1,100,,53570,28,4,,1
700,'20260827',1613,,53586,28,4,,1,100,,53587,28,4,,1,30,,53591,28,4,,1,70,,53588,28,4,,1,32,,53592,28,4,,1,567,,53589,28,4,,1,100,,53590,28,4,,1
700,'20260828',1613,,53606,28,4,,1,100,,53607,28,4,,1,30,,53611,28,4,,1,70,,53608,28,4,,1,32,,53612,28,4,,1,567,,53609,28,4,,1,100,,53610,28,4,,1
700,'20260829',2212,,53625,28,4,,1,100,,53626,28,4,,1,100,,53627,28,4,,1
700,'20260830',2212,,53640,28,4,,1,100,,53641,28,4,,1,100,,53642,28,4,,1
700,'20260831',1613,,53656,28,4,,1,100,,53657,28,4,,1,30,,53661,28,4,,1,70,,53658,28,4,,1,32,,53662,28,4,,1,567,,53659,28,4,,1,100,,53660,28,4,,1
700,'20260901',1613,,53676,28,4,,1,100,,53677,28,4,,1,30,,53681,28,4,,1,70,,53678,28,4,,1,32,,53682,28,4,,1,567,,53679,28,4,,1,100,,53680,28,4,,1
700,'20260902',1613,,53696,28,4,,1,100,,53697,28,4,,1,30,,53701,28,4,,1,70,,53698,28,4,,1,32,,53702,28,4,,1,567,,53699,28,4,,1,100,,53700,28,4,,1
700,'20260903',1613,,53716,28,4,,1,100,,53717,28,4,,1,30,,53721,28,4,,1,70,,53718,28,4,,1,32,,53722,28,4,,1,567,,53719,28,4,,1,100,,53720,28,4,,1
700,'20260904',1613,,53736,28,4,,1,100,,53737,28,4,,1,30,,53741,28,4,,1,70,,53738,28,4,,1,32,,53742,28,4,,1,567,,53739,28,4,,1,100,,53740,28,4,,1
701,'20260508',508,,26989,1,,,1,100,,26990,1,,,1,30,,26994,1,,,1,70,,26991,1,,,1,30,,26995,1,,,1,70,,26992,1,,,1,100,,26993,1,,,1
701,'20260509',709,,27008,1,,,1,100,,27009,1,,,1,100,,27010,1,,,1
701,'20260510',709,,27023,1,,,1,100,,27024,1,,,1,100,,27025,1,,,1
701,'20260511',508,,27038,1,,,1,100,,27039,1,,,1,30,,27043,1,,,1,70,,27040,1,,,1,30,,27044,1,,,1,70,,27041,1,,,1,100,,27042,1,,,1
701,'20260512',508,,27057,1,,,1,100,,27058,1,,,1,30,,27062,1,,,1,70,,27059,1,,,1,30,,27063,1,,,1,70,,27060,1,,,1,100,,27061,1,,,1
701,'20260513',508,,27076,1,,,1,100,,27077,1,,,1,30,,27081,1,,,1,70,,27078,1,,,1,30,,27082,1,,,1,70,,27079,1,,,1,100,,27080,1,,,1
701,'20260514',508,,27095,1,,,1,100,,27096,1,,,1,30,,27100,1,,,1,70,,27097,1,,,1,30,,27101,1,,,1,70,,27098,1,,,1,100,,27099,1,,,1
701,'20260515',508,,27114,1,,,1,100,,27115,1,,,1,30,,27119,1,,,1,70,,27116,1,,,1,30,,27120,1,,,1,70,,27117,1,,,1,100,,27118,1,,,1
701,'20260516',709,,27133,1,,,1,100,,27134,1,,,1,100,,27135,1,,,1
701,'20260517',709,,27148,1,,,1,100,,27149,1,,,1,100,,27150,1,,,1
701,'20260518',709,,27163,1,,,1,100,,27164,1,,,1,100,,27165,1,,,1
701,'20260519',508,,27178,1,,,1,100,,27179,1,,,1,30,,27183,1,,,1,70,,27180,1,,,1,30,,27184,1,,,1,70,,27181,1,,,1,100,,27182,1,,,1
701,'20260520',508,,27197,1,,,1,100,,27198,1,,,1,30,,27202,1,,,1,70,,27199,1,,,1,30,,27203,1,,,1,70,,27200,1,,,1,100,,27201,1,,,1
701,'20260521',508,,27216,1,,,1,100,,27217,1,,,1,30,,27221,1,,,1,70,,27218,1,,,1,30,,27222,1,,,1,70,,27219,1,,,1,100,,27220,1,,,1
701,'20260522',508,,27235,1,,,1,100,,27236,1,,,1,30,,27240,1,,,1,70,,27237,1,,,1,30,,27241,1,,,1,70,,27238,1,,,1,100,,27239,1,,,1
701,'20260523',709,,27254,1,,,1,100,,27255,1,,,1,100,,27256,1,,,1
701,'20260524',709,,27269,1,,,1,100,,27270,1,,,1,100,,27271,1,,,1
701,'20260525',508,,27284,1,,,1,100,,27285,1,,,1,30,,27289,1,,,1,70,,27286,1,,,1,30,,27290,1,,,1,70,,27287,1,,,1,100,,27288,1,,,1
701,'20260526',508,,27303,1,,,1,100,,27304,1,,,1,30,,27308,1,,,1,70,,27305,1,,,1,30,,27309,1,,,1,70,,27306,1,,,1,100,,27307,1,,,1
701,'20260527',508,,27322,1,,,1,100,,27323,1,,,1,30,,27327,1,,,1,70,,27324,1,,,1,30,,27328,1,,,1,70,,27325,1,,,1,100,,27326,1,,,1
701,'20260528',508,,27341,1,,,1,100,,27342,1,,,1,30,,27346,1,,,1,70,,27343,1,,,1,30,,27347,1,,,1,70,,27344,1,,,1,100,,27345,1,,,1
701,'20260529',508,,27360,1,,,1,100,,27361,1,,,1,30,,27365,1,,,1,70,,27362,1,,,1,30,,27366,1,,,1,70,,27363,1,,,1,100,,27364,1,,,1
701,'20260530',709,,27379,1,,,1,100,,27380,1,,,1,100,,27381,1,,,1
701,'20260531',709,,27394,1,,,1,100,,27395,1,,,1,100,,27396,1,,,1
701,'20260601',508,,27409,1,,,1,100,,27410,1,,,1,30,,27414,1,,,1,70,,27411,1,,,1,30,,27415,1,,,1,70,,27412,1,,,1,100,,27413,1,,,1
701,'20260602',508,,27428,1,,,1,100,,27429,1,,,1,30,,27433,1,,,1,70,,27430,1,,,1,30,,27434,1,,,1,70,,27431,1,,,1,100,,27432,1,,,1
701,'20260603',508,,27447,1,,,1,100,,27448,1,,,1,30,,27452,1,,,1,70,,27449,1,,,1,30,,27453,1,,,1,70,,27450,1,,,1,100,,27451,1,,,1
701,'20260604',508,,27466,1,,,1,100,,27467,1,,,1,30,,27471,1,,,1,70,,27468,1,,,1,30,,27472,1,,,1,70,,27469,1,,,1,100,,27470,1,,,1
701,'20260605',508,,27485,1,,,1,100,,27486,1,,,1,30,,27490,1,,,1,70,,27487,1,,,1,30,,27491,1,,,1,70,,27488,1,,,1,100,,27489,1,,,1
701,'20260608',508,,27534,1,,,1,100,,27535,1,,,1,30,,27539,1,,,1,70,,27536,1,,,1,30,,27540,1,,,1,70,,27537,1,,,1,100,,27538,1,,,1
701,'20260609',508,,27553,1,,,1,100,,27554,1,,,1,30,,27558,1,,,1,70,,27555,1,,,1,30,,27559,1,,,1,70,,27556,1,,,1,100,,27557,1,,,1
701,'20260610',508,,27572,1,,,1,100,,27573,1,,,1,30,,27577,1,,,1,70,,27574,1,,,1,30,,27578,1,,,1,70,,27575,1,,,1,100,,27576,1,,,1
701,'20260611',508,,27591,1,,,1,100,,27592,1,,,1,30,,27596,1,,,1,70,,27593,1,,,1,30,,27597,1,,,1,70,,27594,1,,,1,100,,27595,1,,,1
701,'20260612',508,,27610,1,,,1,100,,27611,1,,,1,30,,27615,1,,,1,70,,27612,1,,,1,30,,27616,1,,,1,70,,27613,1,,,1,100,,27614,1,,,1
701,'20260613',709,,53758,1,,,1,100,,53759,1,,,1,100,,53760,1,,,1
701,'20260614',709,,53773,1,,,1,100,,53774,1,,,1,100,,53775,1,,,1
701,'20260615',508,,53789,1,,,1,100,,53790,1,,,1,30,,53794,1,,,1,70,,53791,1,,,1,30,,53795,1,,,1,70,,53792,1,,,1,100,,53793,1,,,1
701,'20260616',508,,53809,1,,,1,100,,53810,1,,,1,30,,53814,1,,,1,70,,53811,1,,,1,30,,53815,1,,,1,70,,53812,1,,,1,100,,53813,1,,,1
701,'20260617',508,,53829,1,,,1,100,,53830,1,,,1,30,,53834,1,,,1,70,,53831,1,,,1,30,,53835,1,,,1,70,,53832,1,,,1,100,,53833,1,,,1
701,'20260618',508,,53849,1,,,1,100,,53850,1,,,1,30,,53854,1,,,1,70,,53851,1,,,1,30,,53855,1,,,1,70,,53852,1,,,1,100,,53853,1,,,1
701,'20260619',508,,53869,1,,,1,100,,53870,1,,,1,30,,53874,1,,,1,70,,53871,1,,,1,30,,53875,1,,,1,70,,53872,1,,,1,100,,53873,1,,,1
701,'20260620',709,,53888,1,,,1,100,,53889,1,,,1,100,,53890,1,,,1
701,'20260621',709,,53903,1,,,1,100,,53904,1,,,1,100,,53905,1,,,1
701,'20260622',508,,53919,1,,,1,100,,53920,1,,,1,30,,53924,1,,,1,70,,53921,1,,,1,30,,53925,1,,,1,70,,53922,1,,,1,100,,53923,1,,,1
701,'20260623',508,,53939,1,,,1,100,,53940,1,,,1,30,,53944,1,,,1,70,,53941,1,,,1,30,,53945,1,,,1,70,,53942,1,,,1,100,,53943,1,,,1
701,'20260624',508,,53959,1,,,1,100,,53960,1,,,1,30,,53964,1,,,1,70,,53961,1,,,1,30,,53965,1,,,1,70,,53962,1,,,1,100,,53963,1,,,1
701,'20260625',508,,53979,1,,,1,100,,53980,1,,,1,30,,53984,1,,,1,70,,53981,1,,,1,30,,53985,1,,,1,70,,53982,1,,,1,100,,53983,1,,,1
701,'20260626',508,,53999,1,,,1,100,,54000,1,,,1,30,,54004,1,,,1,70,,54001,1,,,1,30,,54005,1,,,1,70,,54002,1,,,1,100,,54003,1,,,1
701,'20260627',709,,54018,1,,,1,100,,54019,1,,,1,100,,54020,1,,,1
701,'20260628',709,,54033,1,,,1,100,,54034,1,,,1,100,,54035,1,,,1
701,'20260629',508,,54049,1,,,1,100,,54050,1,,,1,30,,54054,1,,,1,70,,54051,1,,,1,30,,54055,1,,,1,70,,54052,1,,,1,100,,54053,1,,,1
701,'20260630',508,,54069,1,,,1,100,,54070,1,,,1,30,,54074,1,,,1,70,,54071,1,,,1,30,,54075,1,,,1,70,,54072,1,,,1,100,,54073,1,,,1
701,'20260701',709,,54088,1,,,1,100,,54089,1,,,1,100,,54090,1,,,1
701,'20260702',508,,54104,1,,,1,100,,54105,1,,,1,30,,54109,1,,,1,70,,54106,1,,,1,30,,54110,1,,,1,70,,54107,1,,,1,100,,54108,1,,,1
701,'20260703',508,,54124,1,,,1,100,,54125,1,,,1,30,,54129,1,,,1,70,,54126,1,,,1,30,,54130,1,,,1,70,,54127,1,,,1,100,,54128,1,,,1
701,'20260704',709,,54143,1,,,1,100,,54144,1,,,1,100,,54145,1,,,1
701,'20260705',709,,54158,1,,,1,100,,54159,1,,,1,100,,54160,1,,,1
701,'20260706',508,,54173,1,,,1,100,,54174,1,,,1,30,,54178,1,,,1,70,,54175,1,,,1,30,,54179,1,,,1,70,,54176,1,,,1,100,,54177,1,,,1
701,'20260707',508,,54192,1,,,1,100,,54193,1,,,1,30,,54197,1,,,1,70,,54194,1,,,1,30,,54198,1,,,1,70,,54195,1,,,1,100,,54196,1,,,1
701,'20260708',508,,54211,1,,,1,100,,54212,1,,,1,30,,54216,1,,,1,70,,54213,1,,,1,30,,54217,1,,,1,70,,54214,1,,,1,100,,54215,1,,,1
701,'20260709',508,,54230,1,,,1,100,,54231,1,,,1,30,,54235,1,,,1,70,,54232,1,,,1,30,,54236,1,,,1,70,,54233,1,,,1,100,,54234,1,,,1
701,'20260710',508,,54249,1,,,1,100,,54250,1,,,1,30,,54254,1,,,1,70,,54251,1,,,1,30,,54255,1,,,1,70,,54252,1,,,1,100,,54253,1,,,1
701,'20260711',709,,54268,1,,,1,100,,54269,1,,,1,100,,54270,1,,,1
701,'20260712',709,,54283,1,,,1,100,,54284,1,,,1,100,,54285,1,,,1
701,'20260713',508,,54298,1,,,1,100,,54299,1,,,1,30,,54303,1,,,1,70,,54300,1,,,1,30,,54304,1,,,1,70,,54301,1,,,1,100,,54302,1,,,1
701,'20260714',508,,54317,1,,,1,100,,54318,1,,,1,30,,54322,1,,,1,70,,54319,1,,,1,30,,54323,1,,,1,70,,54320,1,,,1,100,,54321,1,,,1
701,'20260715',508,,54336,1,,,1,100,,54337,1,,,1,30,,54341,1,,,1,70,,54338,1,,,1,30,,54342,1,,,1,70,,54339,1,,,1,100,,54340,1,,,1
701,'20260716',508,,54355,1,,,1,100,,54356,1,,,1,30,,54360,1,,,1,70,,54357,1,,,1,30,,54361,1,,,1,70,,54358,1,,,1,100,,54359,1,,,1
701,'20260717',508,,54374,1,,,1,100,,54375,1,,,1,30,,54379,1,,,1,70,,54376,1,,,1,30,,54380,1,,,1,70,,54377,1,,,1,100,,54378,1,,,1
701,'20260718',709,,54393,1,,,1,100,,54394,1,,,1,100,,54395,1,,,1
701,'20260719',709,,54408,1,,,1,100,,54409,1,,,1,100,,54410,1,,,1
701,'20260720',508,,54423,1,,,1,100,,54424,1,,,1,30,,54428,1,,,1,70,,54425,1,,,1,30,,54429,1,,,1,70,,54426,1,,,1,100,,54427,1,,,1
701,'20260721',508,,54442,1,,,1,100,,54443,1,,,1,30,,54447,1,,,1,70,,54444,1,,,1,30,,54448,1,,,1,70,,54445,1,,,1,100,,54446,1,,,1
701,'20260722',508,,54461,1,,,1,100,,54462,1,,,1,30,,54466,1,,,1,70,,54463,1,,,1,30,,54467,1,,,1,70,,54464,1,,,1,100,,54465,1,,,1
701,'20260723',508,,54480,1,,,1,100,,54481,1,,,1,30,,54485,1,,,1,70,,54482,1,,,1,30,,54486,1,,,1,70,,54483,1,,,1,100,,54484,1,,,1
701,'20260724',508,,54499,1,,,1,100,,54500,1,,,1,30,,54504,1,,,1,70,,54501,1,,,1,30,,54505,1,,,1,70,,54502,1,,,1,100,,54503,1,,,1
701,'20260725',709,,54518,1,,,1,100,,54519,1,,,1,100,,54520,1,,,1
701,'20260726',709,,54533,1,,,1,100,,54534,1,,,1,100,,54535,1,,,1
701,'20260727',508,,54548,1,,,1,100,,54549,1,,,1,30,,54553,1,,,1,70,,54550,1,,,1,30,,54554,1,,,1,70,,54551,1,,,1,100,,54552,1,,,1
701,'20260728',508,,54567,1,,,1,100,,54568,1,,,1,30,,54572,1,,,1,70,,54569,1,,,1,30,,54573,1,,,1,70,,54570,1,,,1,100,,54571,1,,,1
701,'20260729',508,,54586,1,,,1,100,,54587,1,,,1,30,,54591,1,,,1,70,,54588,1,,,1,30,,54592,1,,,1,70,,54589,1,,,1,100,,54590,1,,,1
701,'20260730',508,,54605,1,,,1,100,,54606,1,,,1,30,,54610,1,,,1,70,,54607,1,,,1,30,,54611,1,,,1,70,,54608,1,,,1,100,,54609,1,,,1
701,'20260731',508,,54624,1,,,1,100,,54625,1,,,1,30,,54629,1,,,1,70,,54626,1,,,1,30,,54630,1,,,1,70,,54627,1,,,1,100,,54628,1,,,1
701,'20260801',709,,54643,1,,,1,100,,54644,1,,,1,100,,54645,1,,,1
701,'20260802',709,,54658,1,,,1,100,,54659,1,,,1,100,,54660,1,,,1
701,'20260803',508,,54673,1,,,1,100,,54674,1,,,1,30,,54678,1,,,1,70,,54675,1,,,1,30,,54679,1,,,1,70,,54676,1,,,1,100,,54677,1,,,1
701,'20260804',508,,54692,1,,,1,100,,54693,1,,,1,30,,54697,1,,,1,70,,54694,1,,,1,30,,54698,1,,,1,70,,54695,1,,,1,100,,54696,1,,,1
701,'20260805',508,,54711,1,,,1,100,,54712,1,,,1,30,,54716,1,,,1,70,,54713,1,,,1,30,,54717,1,,,1,70,,54714,1,,,1,100,,54715,1,,,1
701,'20260806',508,,54730,1,,,1,100,,54731,1,,,1,30,,54735,1,,,1,70,,54732,1,,,1,30,,54736,1,,,1,70,,54733,1,,,1,100,,54734,1,,,1
701,'20260807',508,,54749,1,,,1,100,,54750,1,,,1,30,,54754,1,,,1,70,,54751,1,,,1,30,,54755,1,,,1,70,,54752,1,,,1,100,,54753,1,,,1
701,'20260808',709,,54768,1,,,1,100,,54769,1,,,1,100,,54770,1,,,1
701,'20260809',709,,54783,1,,,1,100,,54784,1,,,1,100,,54785,1,,,1
701,'20260810',508,,54798,1,,,1,100,,54799,1,,,1,30,,54803,1,,,1,70,,54800,1,,,1,30,,54804,1,,,1,70,,54801,1,,,1,100,,54802,1,,,1
701,'20260811',508,,54817,1,,,1,100,,54818,1,,,1,30,,54822,1,,,1,70,,54819,1,,,1,30,,54823,1,,,1,70,,54820,1,,,1,100,,54821,1,,,1
701,'20260812',508,,54836,1,,,1,100,,54837,1,,,1,30,,54841,1,,,1,70,,54838,1,,,1,30,,54842,1,,,1,70,,54839,1,,,1,100,,54840,1,,,1
701,'20260813',508,,54855,1,,,1,100,,54856,1,,,1,30,,54860,1,,,1,70,,54857,1,,,1,30,,54861,1,,,1,70,,54858,1,,,1,100,,54859,1,,,1
701,'20260814',508,,54874,1,,,1,100,,54875,1,,,1,30,,54879,1,,,1,70,,54876,1,,,1,30,,54880,1,,,1,70,,54877,1,,,1,100,,54878,1,,,1
701,'20260815',709,,54893,1,,,1,100,,54894,1,,,1,100,,54895,1,,,1
701,'20260816',709,,54908,1,,,1,100,,54909,1,,,1,100,,54910,1,,,1
701,'20260817',508,,54923,1,,,1,100,,54924,1,,,1,30,,54928,1,,,1,70,,54925,1,,,1,30,,54929,1,,,1,70,,54926,1,,,1,100,,54927,1,,,1
701,'20260818',508,,54942,1,,,1,100,,54943,1,,,1,30,,54947,1,,,1,70,,54944,1,,,1,30,,54948,1,,,1,70,,54945,1,,,1,100,,54946,1,,,1
701,'20260819',508,,54961,1,,,1,100,,54962,1,,,1,30,,54966,1,,,1,70,,54963,1,,,1,30,,54967,1,,,1,70,,54964,1,,,1,100,,54965,1,,,1
701,'20260820',508,,54980,1,,,1,100,,54981,1,,,1,30,,54985,1,,,1,70,,54982,1,,,1,30,,54986,1,,,1,70,,54983,1,,,1,100,,54984,1,,,1
701,'20260821',508,,54999,1,,,1,100,,55000,1,,,1,30,,55004,1,,,1,70,,55001,1,,,1,30,,55005,1,,,1,70,,55002,1,,,1,100,,55003,1,,,1
701,'20260822',709,,55018,1,,,1,100,,55019,1,,,1,100,,55020,1,,,1
701,'20260823',709,,55033,1,,,1,100,,55034,1,,,1,100,,55035,1,,,1
701,'20260824',508,,55048,1,,,1,100,,55049,1,,,1,30,,55053,1,,,1,70,,55050,1,,,1,30,,55054,1,,,1,70,,55051,1,,,1,100,,55052,1,,,1
701,'20260825',508,,55067,1,,,1,100,,55068,1,,,1,30,,55072,1,,,1,70,,55069,1,,,1,30,,55073,1,,,1,70,,55070,1,,,1,100,,55071,1,,,1
701,'20260826',508,,55086,1,,,1,100,,55087,1,,,1,30,,55091,1,,,1,70,,55088,1,,,1,30,,55092,1,,,1,70,,55089,1,,,1,100,,55090,1,,,1
701,'20260827',508,,55105,1,,,1,100,,55106,1,,,1,30,,55110,1,,,1,70,,55107,1,,,1,30,,55111,1,,,1,70,,55108,1,,,1,100,,55109,1,,,1
701,'20260828',508,,55124,1,,,1,100,,55125,1,,,1,30,,55129,1,,,1,70,,55126,1,,,1,30,,55130,1,,,1,70,,55127,1,,,1,100,,55128,1,,,1
701,'20260829',709,,55143,1,,,1,100,,55144,1,,,1,100,,55145,1,,,1
701,'20260830',709,,55158,1,,,1,100,,55159,1,,,1,100,,55160,1,,,1
701,'20260831',508,,55173,1,,,1,100,,55174,1,,,1,30,,55178,1,,,1,70,,55175,1,,,1,30,,55179,1,,,1,70,,55176,1,,,1,100,,55177,1,,,1
701,'20260901',508,,55192,1,,,1,100,,55193,1,,,1,30,,55197,1,,,1,70,,55194,1,,,1,30,,55198,1,,,1,70,,55195,1,,,1,100,,55196,1,,,1
701,'20260902',508,,55211,1,,,1,100,,55212,1,,,1,30,,55216,1,,,1,70,,55213,1,,,1,30,,55217,1,,,1,70,,55214,1,,,1,100,,55215,1,,,1
701,'20260903',508,,55230,1,,,1,100,,55231,1,,,1,30,,55235,1,,,1,70,,55232,1,,,1,30,,55236,1,,,1,70,,55233,1,,,1,100,,55234,1,,,1
701,'20260904',508,,55249,1,,,1,100,,55250,1,,,1,30,,55254,1,,,1,70,,55251,1,,,1,30,,55255,1,,,1,70,,55252,1,,,1,100,,55253,1,,,1
