100,'20260629',1102,,33425,53,0,19 20,1,798,,33426,53,0,19 20,1,519,,33440,53,0,19 20,1
100,'20260630',1102,,33500,53,0,19 20,1,798,,33501,53,0,19 20,1,519,,33515,53,0,19 20,1
100,'20260701',1102,,33565,53,0,19 20,1,205,,33566,53,0,19 20,1,595,,33567,53,0,19 20,1,215,,33568,53,0,19 20,1
100,'20260702',1102,,33628,53,0,19 20,1,800,,33629,53,0,19 20,1,517,,33643,53,0,19 20,1
100,'20260703',1102,,33703,53,0,19 20,1,798,,33704,53,0,19 20,1,519,,33718,53,0,19 20,1
100,'20260704',1102,,33768,53,0,19 20,1,205,,33769,53,0,19 20,1,595,,33770,53,0,19 20,1,215,,33771,53,0,19 20,1
100,'20260705',1102,,33821,53,0,19 20,1,205,,33822,53,0,19 20,1,595,,33823,53,0,19 20,1,215,,33824,53,0,19 20,1
100,'20260706',1105,,33870,53,0,19 20,1,798,,33871,53,0,19 20,1,504,,33872,53,0,19 20,1
100,'20260707',1105,,33918,53,0,19 20,1,798,,33919,53,0,19 20,1,504,,33920,53,0,19 20,1
100,'20260708',1105,,33966,53,0,19 20,1,798,,33967,53,0,19 20,1,504,,33968,53,0,19 20,1
100,'20260709',1105,,34014,53,0,19 20,1,798,,34015,53,0,19 20,1,504,,34016,53,0,19 20,1
100,'20260710',1105,,34064,53,0,19 20,1,798,,34065,53,0,19 20,1,504,,34066,53,0,19 20,1
100,'20260711',1105,,34116,53,0,19 20,1,205,,34117,53,0,19 20,1,595,,34118,53,0,19 20,1,215,,34119,53,0,19 20,1
100,'20260712',1105,,34169,53,0,19 20,1,205,,34170,53,0,19 20,1,595,,34171,53,0,19 20,1,215,,34172,53,0,19 20,1
100,'20260713',1105,,34218,53,0,19 20,1,798,,34219,53,0,19 20,1,504,,34220,53,0,19 20,1
100,'20260714',1105,,34266,53,0,19 20,1,798,,34267,53,0,19 20,1,504,,34268,53,0,19 20,1
100,'20260715',1105,,34314,53,0,19 20,1,798,,34315,53,0,19 20,1,504,,34316,53,0,19 20,1
100,'20260716',1105,,34362,53,0,19 20,1,798,,34363,53,0,19 20,1,504,,34364,53,0,19 20,1
100,'20260717',1105,,34412,53,0,19 20,1,798,,34413,53,0,19 20,1,504,,34414,53,0,19 20,1
100,'20260718',1105,,34464,53,0,19 20,1,205,,34465,53,0,19 20,1,595,,34466,53,0,19 20,1,215,,34467,53,0,19 20,1
100,'20260719',1105,,34517,53,0,19 20,1,205,,34518,53,0,19 20,1,595,,34519,53,0,19 20,1,215,,34520,53,0,19 20,1
100,'20260720',1105,,34566,53,0,19 20,1,798,,34567,53,0,19 20,1,504,,34568,53,0,19 20,1
100,'20260721',1105,,34614,53,0,19 20,1,798,,34615,53,0,19 20,1,504,,34616,53,0,19 20,1
100,'20260722',1105,,34662,53,0,19 20,1,798,,34663,53,0,19 20,1,504,,34664,53,0,19 20,1
100,'20260723',1105,,34710,53,0,19 20,1,798,,34711,53,0,19 20,1,504,,34712,53,0,19 20,1
100,'20260724',1105,,34760,53,0,19 20,1,798,,34761,53,0,19 20,1,504,,34762,53,0,19 20,1
100,'20260725',1105,,34812,53,0,19 20,1,205,,34813,53,0,19 20,1,595,,34814,53,0,19 20,1,215,,34815,53,0,19 20,1
100,'20260726',1105,,34865,53,0,19 20,1,205,,34866,53,0,19 20,1,595,,34867,53,0,19 20,1,215,,34868,53,0,19 20,1
100,'20260727',1105,,34914,53,0,19 20,1,798,,34915,53,0,19 20,1,504,,34916,53,0,19 20,1
100,'20260728',1105,,34962,53,0,19 20,1,798,,34963,53,0,19 20,1,504,,34964,53,0,19 20,1
100,'20260729',1105,,35010,53,0,19 20,1,798,,35011,53,0,19 20,1,504,,35012,53,0,19 20,1
100,'20260730',1105,,35058,53,0,19 20,1,798,,35059,53,0,19 20,1,504,,35060,53,0,19 20,1
100,'20260731',1105,,35108,53,0,19 20,1,798,,35109,53,0,19 20,1,504,,35110,53,0,19 20,1
100,'20260801',1105,,35160,53,0,19 20,1,205,,35161,53,0,19 20,1,595,,35162,53,0,19 20,1,215,,35163,53,0,19 20,1
100,'20260802',1105,,35213,53,0,19 20,1,205,,35214,53,0,19 20,1,595,,35215,53,0,19 20,1,215,,35216,53,0,19 20,1
100,'20260803',1105,,35262,53,0,19 20,1,798,,35263,53,0,19 20,1,504,,35264,53,0,19 20,1
100,'20260804',1105,,35310,53,0,19 20,1,798,,35311,53,0,19 20,1,504,,35312,53,0,19 20,1
100,'20260805',1105,,35358,53,0,19 20,1,798,,35359,53,0,19 20,1,504,,35360,53,0,19 20,1
100,'20260806',1105,,35406,53,0,19 20,1,798,,35407,53,0,19 20,1,504,,35408,53,0,19 20,1
100,'20260807',1105,,35456,53,0,19 20,1,798,,35457,53,0,19 20,1,504,,35458,53,0,19 20,1
100,'20260808',1105,,35508,53,0,19 20,1,205,,35509,53,0,19 20,1,595,,35510,53,0,19 20,1,215,,35511,53,0,19 20,1
100,'20260809',1105,,35561,53,0,19 20,1,205,,35562,53,0,19 20,1,595,,35563,53,0,19 20,1,215,,35564,53,0,19 20,1
100,'20260810',1105,,35610,53,0,19 20,1,798,,35611,53,0,19 20,1,504,,35612,53,0,19 20,1
100,'20260811',1105,,35658,53,0,19 20,1,798,,35659,53,0,19 20,1,504,,35660,53,0,19 20,1
100,'20260812',1105,,35706,53,0,19 20,1,798,,35707,53,0,19 20,1,504,,35708,53,0,19 20,1
100,'20260813',1105,,35754,53,0,19 20,1,798,,35755,53,0,19 20,1,504,,35756,53,0,19 20,1
100,'20260814',1105,,35804,53,0,19 20,1,798,,35805,53,0,19 20,1,504,,35806,53,0,19 20,1
100,'20260815',1105,,35856,53,0,19 20,1,205,,35857,53,0,19 20,1,595,,35858,53,0,19 20,1,215,,35859,53,0,19 20,1
100,'20260816',1105,,35909,53,0,19 20,1,205,,35910,53,0,19 20,1,595,,35911,53,0,19 20,1,215,,35912,53,0,19 20,1
100,'20260817',1105,,35958,53,0,19 20,1,798,,35959,53,0,19 20,1,504,,35960,53,0,19 20,1
100,'20260818',1105,,36006,53,0,19 20,1,798,,36007,53,0,19 20,1,504,,36008,53,0,19 20,1
100,'20260819',1105,,36054,53,0,19 20,1,798,,36055,53,0,19 20,1,504,,36056,53,0,19 20,1
100,'20260820',1105,,36102,53,0,19 20,1,798,,36103,53,0,19 20,1,504,,36104,53,0,19 20,1
100,'20260821',1105,,36152,53,0,19 20,1,798,,36153,53,0,19 20,1,504,,36154,53,0,19 20,1
100,'20260822',1105,,36204,53,0,19 20,1,205,,36205,53,0,19 20,1,595,,36206,53,0,19 20,1,215,,36207,53,0,19 20,1
100,'20260823',1105,,36257,53,0,19 20,1,205,,36258,53,0,19 20,1,595,,36259,53,0,19 20,1,215,,36260,53,0,19 20,1
100,'20260824',1105,,36306,53,0,19 20,1,798,,36307,53,0,19 20,1,504,,36308,53,0,19 20,1
100,'20260825',1105,,36354,53,0,19 20,1,798,,36355,53,0,19 20,1,504,,36356,53,0,19 20,1
100,'20260826',1105,,36402,53,0,19 20,1,798,,36403,53,0,19 20,1,504,,36404,53,0,19 20,1
100,'20260827',1105,,36450,53,0,19 20,1,798,,36451,53,0,19 20,1,504,,36452,53,0,19 20,1
100,'20260828',1105,,36500,53,0,19 20,1,798,,36501,53,0,19 20,1,504,,36502,53,0,19 20,1
100,'20260829',1105,,36552,53,0,19 20,1,205,,36553,53,0,19 20,1,595,,36554,53,0,19 20,1,215,,36555,53,0,19 20,1
100,'20260830',1105,,36605,53,0,19 20,1,205,,36606,53,0,19 20,1,595,,36607,53,0,19 20,1,215,,36608,53,0,19 20,1
100,'20260831',1105,,36654,53,0,19 20,1,798,,36655,53,0,19 20,1,504,,36656,53,0,19 20,1
100,'20260901',1105,,36702,53,0,19 20,1,798,,36703,53,0,19 20,1,504,,36704,53,0,19 20,1
100,'20260902',1105,,36750,53,0,19 20,1,798,,36751,53,0,19 20,1,504,,36752,53,0,19 20,1
100,'20260903',1105,,36798,53,0,19 20,1,798,,36799,53,0,19 20,1,504,,36800,53,0,19 20,1
100,'20260904',1105,,36848,53,0,19 20,1,798,,36849,53,0,19 20,1,504,,36850,53,0,19 20,1
101,'20260629',706,,38225,6,0,21,1,626,,38226,6,0,21,1,712,,38227,6,0,21,1
101,'20260630',706,,38304,6,0,21,1,626,,38305,6,0,21,1,712,,38306,6,0,21,1
101,'20260701',1224,,38368,6,0,21,1,402,,38369,6,0,21,1,398,,38370,6,0,21,1,202,,38371,6,0,21,1
101,'20260702',706,,38437,6,0,21,1,626,,38438,6,0,21,1,712,,38439,6,0,21,1
101,'20260703',706,,38516,6,0,21,1,626,,38517,6,0,21,1,712,,38518,6,0,21,1
101,'20260704',1224,,38580,6,0,21,1,402,,38581,6,0,21,1,398,,38582,6,0,21,1,202,,38583,6,0,21,1
101,'20260705',1224,,38634,6,0,21,1,402,,38635,6,0,21,1,398,,38636,6,0,21,1,202,,38637,6,0,21,1
101,'20260706',703,,38683,6,0,21,1,626,,38684,6,0,21,1,698,,38685,6,0,21,1
101,'20260707',703,,38731,6,0,21,1,626,,38732,6,0,21,1,698,,38733,6,0,21,1
101,'20260708',703,,38779,6,0,21,1,626,,38780,6,0,21,1,698,,38781,6,0,21,1
101,'20260709',703,,38827,6,0,21,1,626,,38828,6,0,21,1,698,,38829,6,0,21,1
101,'20260710',703,,38877,6,0,21,1,626,,38878,6,0,21,1,698,,38879,6,0,21,1
101,'20260711',1221,,38930,6,0,21,1,402,,38931,6,0,21,1,398,,38932,6,0,21,1,215,,38933,6,0,21,1
101,'20260712',1221,,38984,6,0,21,1,402,,38985,6,0,21,1,398,,38986,6,0,21,1,215,,38987,6,0,21,1
101,'20260713',703,,39033,6,0,21,1,626,,39034,6,0,21,1,698,,39035,6,0,21,1
101,'20260714',703,,39081,6,0,21,1,626,,39082,6,0,21,1,698,,39083,6,0,21,1
101,'20260715',703,,39129,6,0,21,1,626,,39130,6,0,21,1,698,,39131,6,0,21,1
101,'20260716',703,,39177,6,0,21,1,626,,39178,6,0,21,1,698,,39179,6,0,21,1
101,'20260717',703,,39227,6,0,21,1,626,,39228,6,0,21,1,698,,39229,6,0,21,1
101,'20260718',1221,,39280,6,0,21,1,402,,39281,6,0,21,1,398,,39282,6,0,21,1,215,,39283,6,0,21,1
101,'20260719',1221,,39334,6,0,21,1,402,,39335,6,0,21,1,398,,39336,6,0,21,1,215,,39337,6,0,21,1
101,'20260720',703,,39383,6,0,21,1,626,,39384,6,0,21,1,698,,39385,6,0,21,1
101,'20260721',703,,39431,6,0,21,1,626,,39432,6,0,21,1,698,,39433,6,0,21,1
101,'20260722',703,,39479,6,0,21,1,626,,39480,6,0,21,1,698,,39481,6,0,21,1
101,'20260723',703,,39527,6,0,21,1,626,,39528,6,0,21,1,698,,39529,6,0,21,1
101,'20260724',703,,39577,6,0,21,1,626,,39578,6,0,21,1,698,,39579,6,0,21,1
101,'20260725',1221,,39630,6,0,21,1,402,,39631,6,0,21,1,398,,39632,6,0,21,1,215,,39633,6,0,21,1
101,'20260726',1221,,39684,6,0,21,1,402,,39685,6,0,21,1,398,,39686,6,0,21,1,215,,39687,6,0,21,1
101,'20260727',703,,39733,6,0,21,1,626,,39734,6,0,21,1,698,,39735,6,0,21,1
101,'20260728',703,,39781,6,0,21,1,626,,39782,6,0,21,1,698,,39783,6,0,21,1
101,'20260729',703,,39829,6,0,21,1,626,,39830,6,0,21,1,698,,39831,6,0,21,1
101,'20260730',703,,39877,6,0,21,1,626,,39878,6,0,21,1,698,,39879,6,0,21,1
101,'20260731',703,,39927,6,0,21,1,626,,39928,6,0,21,1,698,,39929,6,0,21,1
101,'20260801',1221,,39980,6,0,21,1,402,,39981,6,0,21,1,398,,39982,6,0,21,1,215,,39983,6,0,21,1
101,'20260802',1221,,40034,6,0,21,1,402,,40035,6,0,21,1,398,,40036,6,0,21,1,215,,40037,6,0,21,1
101,'20260803',703,,40083,6,0,21,1,626,,40084,6,0,21,1,698,,40085,6,0,21,1
101,'20260804',703,,40131,6,0,21,1,626,,40132,6,0,21,1,698,,40133,6,0,21,1
101,'20260805',703,,40179,6,0,21,1,626,,40180,6,0,21,1,698,,40181,6,0,21,1
101,'20260806',703,,40227,6,0,21,1,626,,40228,6,0,21,1,698,,40229,6,0,21,1
101,'20260807',703,,40277,6,0,21,1,626,,40278,6,0,21,1,698,,40279,6,0,21,1
101,'20260808',1221,,40330,6,0,21,1,402,,40331,6,0,21,1,398,,40332,6,0,21,1,215,,40333,6,0,21,1
101,'20260809',1221,,40384,6,0,21,1,402,,40385,6,0,21,1,398,,40386,6,0,21,1,215,,40387,6,0,21,1
101,'20260810',703,,40433,6,0,21,1,626,,40434,6,0,21,1,698,,40435,6,0,21,1
101,'20260811',703,,40481,6,0,21,1,626,,40482,6,0,21,1,698,,40483,6,0,21,1
101,'20260812',703,,40529,6,0,21,1,626,,40530,6,0,21,1,698,,40531,6,0,21,1
101,'20260813',703,,40577,6,0,21,1,626,,40578,6,0,21,1,698,,40579,6,0,21,1
101,'20260814',703,,40627,6,0,21,1,626,,40628,6,0,21,1,698,,40629,6,0,21,1
101,'20260815',1221,,40680,6,0,21,1,402,,40681,6,0,21,1,398,,40682,6,0,21,1,215,,40683,6,0,21,1
101,'20260816',1221,,40734,6,0,21,1,402,,40735,6,0,21,1,398,,40736,6,0,21,1,215,,40737,6,0,21,1
101,'20260817',703,,40783,6,0,21,1,626,,40784,6,0,21,1,698,,40785,6,0,21,1
101,'20260818',703,,40831,6,0,21,1,626,,40832,6,0,21,1,698,,40833,6,0,21,1
101,'20260819',703,,40879,6,0,21,1,626,,40880,6,0,21,1,698,,40881,6,0,21,1
101,'20260820',703,,40927,6,0,21,1,626,,40928,6,0,21,1,698,,40929,6,0,21,1
101,'20260821',703,,40977,6,0,21,1,626,,40978,6,0,21,1,698,,40979,6,0,21,1
101,'20260822',1221,,41030,6,0,21,1,402,,41031,6,0,21,1,398,,41032,6,0,21,1,215,,41033,6,0,21,1
101,'20260823',1221,,41084,6,0,21,1,402,,41085,6,0,21,1,398,,41086,6,0,21,1,215,,41087,6,0,21,1
101,'20260824',703,,41133,6,0,21,1,626,,41134,6,0,21,1,698,,41135,6,0,21,1
101,'20260825',703,,41181,6,0,21,1,626,,41182,6,0,21,1,698,,41183,6,0,21,1
101,'20260826',703,,41229,6,0,21,1,626,,41230,6,0,21,1,698,,41231,6,0,21,1
101,'20260827',703,,41277,6,0,21,1,626,,41278,6,0,21,1,698,,41279,6,0,21,1
101,'20260828',703,,41327,6,0,21,1,626,,41328,6,0,21,1,698,,41329,6,0,21,1
101,'20260829',1221,,41380,6,0,21,1,402,,41381,6,0,21,1,398,,41382,6,0,21,1,215,,41383,6,0,21,1
101,'20260830',1221,,41434,6,0,21,1,402,,41435,6,0,21,1,398,,41436,6,0,21,1,215,,41437,6,0,21,1
101,'20260831',703,,41483,6,0,21,1,626,,41484,6,0,21,1,698,,41485,6,0,21,1
101,'20260901',703,,41531,6,0,21,1,626,,41532,6,0,21,1,698,,41533,6,0,21,1
101,'20260902',703,,41579,6,0,21,1,626,,41580,6,0,21,1,698,,41581,6,0,21,1
101,'20260903',703,,41627,6,0,21,1,626,,41628,6,0,21,1,698,,41629,6,0,21,1
101,'20260904',703,,41677,6,0,21,1,626,,41678,6,0,21,1,698,,41679,6,0,21,1
