300,'20260514',958,,21371,13,,,1,100,,21358,13,0,23 26,1,100,,21359,13,0,23 26,1,100,,21372,13,,,1,100,,21360,13,0,23 26,1,100,,21361,13,0,23 26,1,100,,21373,13,,,1,70,,21348,13,0,7,1,30,,21366,13,0,27,1,70,,21367,13,0,27,1,81,,21378,13,,,1,19,,21349,13,0,7,1,30,,21362,13,0,23 26,1,100,,21363,13,0,23 26,1,100,,21364,13,0,23 26,1,100,,21374,13,,,1,100,,21375,13,,,1,100,,21365,13,0,23 26,1
300,'20260515',958,,21410,13,,,1,100,,21398,13,0,23 26,1,100,,21399,13,0,23 26,1,100,,21411,13,,,1,100,,21400,13,0,23 26,1,100,,21401,13,0,23 26,1,100,,21412,13,,,1,70,,21388,13,0,7,1,30,,21405,13,0,27,1,70,,21406,13,0,27,1,81,,21417,13,,,1,19,,21389,13,0,7,1,30,,21402,13,0,23 26,1,100,,21403,13,0,23 26,1,100,,21404,13,0,23 26,1,100,,21413,13,,,1,100,,21414,13,,,1
300,'20260519',958,,21450,13,,,1,101,,21437,13,0,23 26,1,100,,21438,13,0,23 26,1,100,,21451,13,,,1,100,,21439,13,0,23 26,1,100,,21440,13,0,23 26,1,100,,21452,13,,,1,70,,21427,13,0,7,1,72,,21445,13,0,27,1,28,,21446,13,0,27,1,82,,21457,13,,,1,18,,21428,13,0,7,1,30,,21441,13,0,23 26,1,100,,21442,13,0,23 26,1,100,,21443,13,0,23 26,1,100,,21453,13,,,1,100,,21454,13,,,1,100,,21444,13,0,23 26,1
300,'20260520',958,,21490,13,,,1,100,,21477,13,0,23 26,1,100,,21478,13,0,23 26,1,100,,21491,13,,,1,100,,21479,13,0,23 26,1,100,,21480,13,0,23 26,1,100,,21492,13,,,1,70,,21467,13,0,7,1,30,,21485,13,0,27,1,70,,21486,13,0,27,1,81,,21497,13,,,1,19,,21468,13,0,7,1,30,,21481,13,0,23 26,1,100,,21482,13,0,23 26,1,100,,21483,13,0,23 26,1,100,,21493,13,,,1,100,,21494,13,,,1,100,,21484,13,0,23 26,1
300,'20260521',958,,21530,13,,,1,100,,21517,13,0,23 26,1,100,,21518,13,0,23 26,1,100,,21531,13,,,1,100,,21519,13,0,23 26,1,100,,21520,13,0,23 26,1,100,,21532,13,,,1,70,,21507,13,0,7,1,30,,21525,13,0,27,1,70,,21526,13,0,27,1,81,,21537,13,,,1,19,,21508,13,0,7,1,30,,21521,13,0,23 26,1,100,,21522,13,0,23 26,1,100,,21523,13,0,23 26,1,100,,21533,13,,,1,100,,21534,13,,,1,100,,21524,13,0,23 26,1
300,'20260522',958,,21570,13,,,1,100,,21557,13,0,23 26,1,100,,21558,13,0,23 26,1,100,,21571,13,,,1,100,,21559,13,0,23 26,1,100,,21560,13,0,23 26,1,100,,21572,13,,,1,70,,21547,13,0,7,1,30,,21565,13,0,27,1,70,,21566,13,0,27,1,81,,21577,13,,,1,19,,21548,13,0,7,1,30,,21561,13,0,23 26,1,100,,21562,13,0,23 26,1,100,,21563,13,0,23 26,1,100,,21573,13,,,1,100,,21574,13,,,1,100,,21564,13,0,23 26,1
300,'20260525',958,,21660,13,,,1,100,,21647,13,0,23 26,1,100,,21648,13,0,23 26,1,100,,21661,13,,,1,100,,21649,13,0,23 26,1,100,,21650,13,0,23 26,1,100,,21662,13,,,1,70,,21637,13,0,7,1,30,,21655,13,0,27,1,70,,21656,13,0,27,1,81,,21667,13,,,1,19,,21638,13,0,7,1,30,,21651,13,0,23 26,1,100,,21652,13,0,23 26,1,100,,21653,13,0,23 26,1,100,,21663,13,,,1,100,,21664,13,,,1,100,,21654,13,0,23 26,1
300,'20260526',958,,21700,13,,,1,100,,21687,13,0,23 26,1,100,,21688,13,0,23 26,1,100,,21701,13,,,1,100,,21689,13,0,23 26,1,100,,21690,13,0,23 26,1,100,,21702,13,,,1,70,,21677,13,0,7,1,30,,21695,13,0,27,1,70,,21696,13,0,27,1,81,,21707,13,,,1,19,,21678,13,0,7,1,30,,21691,13,0,23 26,1,100,,21692,13,0,23 26,1,100,,21693,13,0,23 26,1,100,,21703,13,,,1,100,,21704,13,,,1,100,,21694,13,0,23 26,1
300,'20260527',958,,21740,13,,,1,100,,21727,13,0,23 26,1,100,,21728,13,0,23 26,1,100,,21741,13,,,1,100,,21729,13,0,23 26,1,100,,21730,13,0,23 26,1,100,,21742,13,,,1,70,,21717,13,0,7,1,30,,21735,13,0,27,1,70,,21736,13,0,27,1,81,,21747,13,,,1,19,,21718,13,0,7,1,30,,21731,13,0,23 26,1,100,,21732,13,0,23 26,1,100,,21733,13,0,23 26,1,100,,21743,13,,,1,100,,21744,13,,,1,100,,21734,13,0,23 26,1
300,'20260528',958,,21780,13,,,1,100,,21767,13,0,23 26,1,100,,21768,13,0,23 26,1,100,,21781,13,,,1,100,,21769,13,0,23 26,1,100,,21770,13,0,23 26,1,100,,21782,13,,,1,70,,21757,13,0,7,1,30,,21775,13,0,27,1,70,,21776,13,0,27,1,81,,21787,13,,,1,19,,21758,13,0,7,1,30,,21771,13,0,23 26,1,100,,21772,13,0,23 26,1,100,,21773,13,0,23 26,1,100,,21783,13,,,1,100,,21784,13,,,1,100,,21774,13,0,23 26,1
300,'20260529',958,,21820,13,,,1,100,,21807,13,0,23 26,1,100,,21808,13,0,23 26,1,100,,21821,13,,,1,100,,21809,13,0,23 26,1,100,,21810,13,0,23 26,1,100,,21822,13,,,1,70,,21797,13,0,7,1,30,,21815,13,0,27,1,70,,21816,13,0,27,1,81,,21827,13,,,1,19,,21798,13,0,7,1,30,,21811,13,0,23 26,1,100,,21812,13,0,23 26,1,100,,21813,13,0,23 26,1,100,,21823,13,,,1,100,,21824,13,,,1,100,,21814,13,0,23 26,1
300,'20260601',958,,21910,13,,,1,100,,21897,13,0,23 26,1,100,,21898,13,0,23 26,1,100,,21911,13,,,1,100,,21899,13,0,23 26,1,100,,21900,13,0,23 26,1,100,,21912,13,,,1,70,,21887,13,0,7,1,30,,21905,13,0,27,1,70,,21906,13,0,27,1,81,,21917,13,,,1,19,,21888,13,0,7,1,30,,21901,13,0,23 26,1,100,,21902,13,0,23 26,1,100,,21903,13,0,23 26,1,100,,21913,13,,,1,100,,21914,13,,,1,100,,21904,13,0,23 26,1
300,'20260602',958,,21950,13,,,1,100,,21937,13,0,23 26,1,100,,21938,13,0,23 26,1,100,,21951,13,,,1,100,,21939,13,0,23 26,1,100,,21940,13,0,23 26,1,100,,21952,13,,,1,70,,21927,13,0,7,1,30,,21945,13,0,27,1,70,,21946,13,0,27,1,81,,21957,13,,,1,19,,21928,13,0,7,1,30,,21941,13,0,23 26,1,100,,21942,13,0,23 26,1,100,,21943,13,0,23 26,1,100,,21953,13,,,1,100,,21954,13,,,1,100,,21944,13,0,23 26,1
300,'20260603',958,,21990,13,,,1,100,,21977,13,0,23 26,1,100,,21978,13,0,23 26,1,100,,21991,13,,,1,100,,21979,13,0,23 26,1,100,,21980,13,0,23 26,1,100,,21992,13,,,1,70,,21967,13,0,7,1,30,,21985,13,0,27,1,70,,21986,13,0,27,1,81,,21997,13,,,1,19,,21968,13,0,7,1,30,,21981,13,0,23 26,1,100,,21982,13,0,23 26,1,100,,21983,13,0,23 26,1,100,,21993,13,,,1,100,,21994,13,,,1,100,,21984,13,0,23 26,1
300,'20260604',958,,22030,13,,,1,100,,22017,13,0,23 26,1,100,,22018,13,0,23 26,1,100,,22031,13,,,1,100,,22019,13,0,23 26,1,100,,22020,13,0,23 26,1,100,,22032,13,,,1,70,,22007,13,0,7,1,30,,22025,13,0,27,1,70,,22026,13,0,27,1,81,,22037,13,,,1,19,,22008,13,0,7,1,30,,22021,13,0,23 26,1,100,,22022,13,0,23 26,1,100,,22023,13,0,23 26,1,100,,22033,13,,,1,100,,22034,13,,,1,100,,22024,13,0,23 26,1
300,'20260605',958,,22070,13,,,1,100,,22057,13,0,23 26,1,100,,22058,13,0,23 26,1,100,,22071,13,,,1,100,,22059,13,0,23 26,1,100,,22060,13,0,23 26,1,100,,22072,13,,,1,70,,22047,13,0,7,1,30,,22065,13,0,27,1,70,,22066,13,0,27,1,81,,22077,13,,,1,19,,22048,13,0,7,1,30,,22061,13,0,23 26,1,100,,22062,13,0,23 26,1,100,,22063,13,0,23 26,1,100,,22073,13,,,1,100,,22074,13,,,1,100,,22064,13,0,23 26,1
300,'20260608',958,,22160,13,,,1,100,,22147,13,0,23 26,1,100,,22148,13,0,23 26,1,100,,22161,13,,,1,100,,22149,13,0,23 26,1,100,,22150,13,0,23 26,1,100,,22162,13,,,1,70,,22137,13,0,7,1,30,,22155,13,0,27,1,70,,22156,13,0,27,1,81,,22167,13,,,1,19,,22138,13,0,7,1,30,,22151,13,0,23 26,1,100,,22152,13,0,23 26,1,100,,22153,13,0,23 26,1,100,,22163,13,,,1,100,,22164,13,,,1,100,,22154,13,0,23 26,1
300,'20260609',958,,22200,13,,,1,100,,22187,13,0,23 26,1,100,,22188,13,0,23 26,1,100,,22201,13,,,1,100,,22189,13,0,23 26,1,100,,22190,13,0,23 26,1,100,,22202,13,,,1,70,,22177,13,0,7,1,30,,22195,13,0,27,1,70,,22196,13,0,27,1,81,,22207,13,,,1,19,,22178,13,0,7,1,30,,22191,13,0,23 26,1,100,,22192,13,0,23 26,1,100,,22193,13,0,23 26,1,100,,22203,13,,,1,100,,22204,13,,,1,100,,22194,13,0,23 26,1
300,'20260610',958,,22240,13,,,1,100,,22227,13,0,23 26,1,100,,22228,13,0,23 26,1,100,,22241,13,,,1,100,,22229,13,0,23 26,1,100,,22230,13,0,23 26,1,100,,22242,13,,,1,70,,22217,13,0,7,1,30,,22235,13,0,27,1,70,,22236,13,0,27,1,81,,22247,13,,,1,19,,22218,13,0,7,1,30,,22231,13,0,23 26,1,100,,22232,13,0,23 26,1,100,,22233,13,0,23 26,1,100,,22243,13,,,1,100,,22244,13,,,1,100,,22234,13,0,23 26,1
300,'20260611',958,,22280,13,,,1,100,,22267,13,0,23 26,1,100,,22268,13,0,23 26,1,100,,22281,13,,,1,100,,22269,13,0,23 26,1,100,,22270,13,0,23 26,1,100,,22282,13,,,1,70,,22257,13,0,7,1,30,,22275,13,0,27,1,70,,22276,13,0,27,1,81,,22287,13,,,1,19,,22258,13,0,7,1,30,,22271,13,0,23 26,1,100,,22272,13,0,23 26,1,100,,22273,13,0,23 26,1,100,,22283,13,,,1,100,,22284,13,,,1,100,,22274,13,0,23 26,1
300,'20260612',958,,22320,13,,,1,100,,22307,13,0,23 26,1,100,,22308,13,0,23 26,1,100,,22321,13,,,1,100,,22309,13,0,23 26,1,100,,22310,13,0,23 26,1,100,,22322,13,,,1,70,,22297,13,0,7,1,30,,22315,13,0,27,1,70,,22316,13,0,27,1,81,,22327,13,,,1,19,,22298,13,0,7,1,30,,22311,13,0,23 26,1,100,,22312,13,0,23 26,1,100,,22313,13,0,23 26,1,100,,22323,13,,,1,100,,22324,13,,,1,100,,22314,13,0,23 26,1
300,'20260615',958,,42943,13,,,1,100,,42930,13,0,23 26,1,100,,42931,13,0,23 26,1,100,,42944,13,,,1,100,,42932,13,0,23 26,1,100,,42933,13,0,23 26,1,100,,42945,13,,,1,70,,42920,13,0,7,1,30,,42938,13,0,27,1,70,,42939,13,0,27,1,81,,42950,13,,,1,19,,42921,13,0,7,1,30,,42934,13,0,23 26,1,100,,42935,13,0,23 26,1,100,,42936,13,0,23 26,1,100,,42946,13,,,1,100,,42947,13,,,1,100,,42937,13,0,23 26,1
300,'20260616',958,,42983,13,,,1,100,,42970,13,0,23 26,1,100,,42971,13,0,23 26,1,100,,42984,13,,,1,100,,42972,13,0,23 26,1,100,,42973,13,0,23 26,1,100,,42985,13,,,1,70,,42960,13,0,7,1,30,,42978,13,0,27,1,70,,42979,13,0,27,1,81,,42990,13,,,1,19,,42961,13,0,7,1,30,,42974,13,0,23 26,1,100,,42975,13,0,23 26,1,100,,42976,13,0,23 26,1,100,,42986,13,,,1,100,,42987,13,,,1,100,,42977,13,0,23 26,1
300,'20260617',958,,43023,13,,,1,100,,43010,13,0,23 26,1,100,,43011,13,0,23 26,1,100,,43024,13,,,1,100,,43012,13,0,23 26,1,100,,43013,13,0,23 26,1,100,,43025,13,,,1,70,,43000,13,0,7,1,30,,43018,13,0,27,1,70,,43019,13,0,27,1,81,,43030,13,,,1,19,,43001,13,0,7,1,30,,43014,13,0,23 26,1,100,,43015,13,0,23 26,1,100,,43016,13,0,23 26,1,100,,43026,13,,,1,100,,43027,13,,,1,100,,43017,13,0,23 26,1
300,'20260618',958,,43063,13,,,1,100,,43050,13,0,23 26,1,100,,43051,13,0,23 26,1,100,,43064,13,,,1,100,,43052,13,0,23 26,1,100,,43053,13,0,23 26,1,100,,43065,13,,,1,70,,43040,13,0,7,1,30,,43058,13,0,27,1,70,,43059,13,0,27,1,81,,43070,13,,,1,19,,43041,13,0,7,1,30,,43054,13,0,23 26,1,100,,43055,13,0,23 26,1,100,,43056,13,0,23 26,1,100,,43066,13,,,1,100,,43067,13,,,1,100,,43057,13,0,23 26,1
300,'20260619',958,,43103,13,,,1,100,,43090,13,0,23 26,1,100,,43091,13,0,23 26,1,100,,43104,13,,,1,100,,43092,13,0,23 26,1,100,,43093,13,0,23 26,1,100,,43105,13,,,1,70,,43080,13,0,7,1,30,,43098,13,0,27,1,70,,43099,13,0,27,1,81,,43110,13,,,1,19,,43081,13,0,7,1,30,,43094,13,0,23 26,1,100,,43095,13,0,23 26,1,100,,43096,13,0,23 26,1,100,,43106,13,,,1,100,,43107,13,,,1,100,,43097,13,0,23 26,1
300,'20260622',958,,43193,13,,,1,100,,43180,13,0,23 26,1,100,,43181,13,0,23 26,1,100,,43194,13,,,1,100,,43182,13,0,23 26,1,100,,43183,13,0,23 26,1,100,,43195,13,,,1,70,,43170,13,0,7,1,30,,43188,13,0,27,1,70,,43189,13,0,27,1,81,,43200,13,,,1,19,,43171,13,0,7,1,30,,43184,13,0,23 26,1,100,,43185,13,0,23 26,1,100,,43186,13,0,23 26,1,100,,43196,13,,,1,100,,43197,13,,,1,100,,43187,13,0,23 26,1
300,'20260623',958,,43233,13,,,1,100,,43220,13,0,23 26,1,100,,43221,13,0,23 26,1,100,,43234,13,,,1,100,,43222,13,0,23 26,1,100,,43223,13,0,23 26,1,100,,43235,13,,,1,70,,43210,13,0,7,1,30,,43228,13,0,27,1,70,,43229,13,0,27,1,81,,43240,13,,,1,19,,43211,13,0,7,1,30,,43224,13,0,23 26,1,100,,43225,13,0,23 26,1,100,,43226,13,0,23 26,1,100,,43236,13,,,1,100,,43237,13,,,1,100,,43227,13,0,23 26,1
300,'20260624',958,,43273,13,,,1,100,,43260,13,0,23 26,1,100,,43261,13,0,23 26,1,100,,43274,13,,,1,100,,43262,13,0,23 26,1,100,,43263,13,0,23 26,1,100,,43275,13,,,1,70,,43250,13,0,7,1,30,,43268,13,0,27,1,70,,43269,13,0,27,1,81,,43280,13,,,1,19,,43251,13,0,7,1,30,,43264,13,0,23 26,1,100,,43265,13,0,23 26,1,100,,43266,13,0,23 26,1,100,,43276,13,,,1,100,,43277,13,,,1,100,,43267,13,0,23 26,1
300,'20260625',958,,43313,13,,,1,100,,43300,13,0,23 26,1,100,,43301,13,0,23 26,1,100,,43314,13,,,1,100,,43302,13,0,23 26,1,100,,43303,13,0,23 26,1,100,,43315,13,,,1,70,,43290,13,0,7,1,30,,43308,13,0,27,1,70,,43309,13,0,27,1,81,,43320,13,,,1,19,,43291,13,0,7,1,30,,43304,13,0,23 26,1,100,,43305,13,0,23 26,1,100,,43306,13,0,23 26,1,100,,43316,13,,,1,100,,43317,13,,,1,100,,43307,13,0,23 26,1
300,'20260626',958,,43353,13,,,1,100,,43340,13,0,23 26,1,100,,43341,13,0,23 26,1,100,,43354,13,,,1,100,,43342,13,0,23 26,1,100,,43343,13,0,23 26,1,100,,43355,13,,,1,70,,43330,13,0,7,1,30,,43348,13,0,27,1,70,,43349,13,0,27,1,81,,43360,13,,,1,19,,43331,13,0,7,1,30,,43344,13,0,23 26,1,100,,43345,13,0,23 26,1,100,,43346,13,0,23 26,1,100,,43356,13,,,1,100,,43357,13,,,1,100,,43347,13,0,23 26,1
300,'20260629',958,,43443,13,,,1,100,,43430,13,0,23 26,1,100,,43431,13,0,23 26,1,100,,43444,13,,,1,100,,43432,13,0,23 26,1,100,,43433,13,0,23 26,1,100,,43445,13,,,1,70,,43420,13,0,7,1,30,,43438,13,0,27,1,70,,43439,13,0,27,1,81,,43450,13,,,1,19,,43421,13,0,7,1,30,,43434,13,0,23 26,1,100,,43435,13,0,23 26,1,100,,43436,13,0,23 26,1,100,,43446,13,,,1,100,,43447,13,,,1,100,,43437,13,0,23 26,1
300,'20260630',958,,43483,13,,,1,100,,43470,13,0,23 26,1,100,,43471,13,0,23 26,1,100,,43484,13,,,1,100,,43472,13,0,23 26,1,100,,43473,13,0,23 26,1,100,,43485,13,,,1,70,,43460,13,0,7,1,30,,43478,13,0,27,1,70,,43479,13,0,27,1,81,,43490,13,,,1,19,,43461,13,0,7,1,30,,43474,13,0,23 26,1,100,,43475,13,0,23 26,1,100,,43476,13,0,23 26,1,100,,43486,13,,,1,100,,43487,13,,,1,100,,43477,13,0,23 26,1
300,'20260702',958,,43548,13,,,1,100,,43535,13,0,23 26,1,100,,43536,13,0,23 26,1,100,,43549,13,,,1,100,,43537,13,0,23 26,1,100,,43538,13,0,23 26,1,100,,43550,13,,,1,70,,43525,13,0,7,1,30,,43543,13,0,27,1,70,,43544,13,0,27,1,81,,43555,13,,,1,19,,43526,13,0,7,1,30,,43539,13,0,23 26,1,100,,43540,13,0,23 26,1,100,,43541,13,0,23 26,1,100,,43551,13,,,1,100,,43552,13,,,1,100,,43542,13,0,23 26,1
300,'20260703',958,,43588,13,,,1,100,,43575,13,0,23 26,1,100,,43576,13,0,23 26,1,100,,43589,13,,,1,100,,43577,13,0,23 26,1,100,,43578,13,0,23 26,1,100,,43590,13,,,1,70,,43565,13,0,7,1,30,,43583,13,0,27,1,70,,43584,13,0,27,1,81,,43595,13,,,1,19,,43566,13,0,7,1,30,,43579,13,0,23 26,1,100,,43580,13,0,23 26,1,100,,43581,13,0,23 26,1,100,,43591,13,,,1,100,,43592,13,,,1,100,,43582,13,0,23 26,1
300,'20260706',958,,43678,13,,,1,100,,43665,13,0,23 26,1,100,,43666,13,0,23 26,1,100,,43679,13,,,1,100,,43667,13,0,23 26,1,100,,43668,13,0,23 26,1,100,,43680,13,,,1,70,,43655,13,0,7,1,30,,43673,13,0,27,1,70,,43674,13,0,27,1,81,,43685,13,,,1,19,,43656,13,0,7,1,30,,43669,13,0,23 26,1,100,,43670,13,0,23 26,1,100,,43671,13,0,23 26,1,100,,43681,13,,,1,100,,43682,13,,,1,100,,43672,13,0,23 26,1
300,'20260707',958,,43718,13,,,1,100,,43705,13,0,23 26,1,100,,43706,13,0,23 26,1,100,,43719,13,,,1,100,,43707,13,0,23 26,1,100,,43708,13,0,23 26,1,100,,43720,13,,,1,70,,43695,13,0,7,1,30,,43713,13,0,27,1,70,,43714,13,0,27,1,81,,43725,13,,,1,19,,43696,13,0,7,1,30,,43709,13,0,23 26,1,100,,43710,13,0,23 26,1,100,,43711,13,0,23 26,1,100,,43721,13,,,1,100,,43722,13,,,1,100,,43712,13,0,23 26,1
300,'20260708',958,,43758,13,,,1,100,,43745,13,0,23 26,1,100,,43746,13,0,23 26,1,100,,43759,13,,,1,100,,43747,13,0,23 26,1,100,,43748,13,0,23 26,1,100,,43760,13,,,1,70,,43735,13,0,7,1,30,,43753,13,0,27,1,70,,43754,13,0,27,1,81,,43765,13,,,1,19,,43736,13,0,7,1,30,,43749,13,0,23 26,1,100,,43750,13,0,23 26,1,100,,43751,13,0,23 26,1,100,,43761,13,,,1,100,,43762,13,,,1,100,,43752,13,0,23 26,1
300,'20260709',958,,43798,13,,,1,100,,43785,13,0,23 26,1,100,,43786,13,0,23 26,1,100,,43799,13,,,1,100,,43787,13,0,23 26,1,100,,43788,13,0,23 26,1,100,,43800,13,,,1,70,,43775,13,0,7,1,30,,43793,13,0,27,1,70,,43794,13,0,27,1,81,,43805,13,,,1,19,,43776,13,0,7,1,30,,43789,13,0,23 26,1,100,,43790,13,0,23 26,1,100,,43791,13,0,23 26,1,100,,43801,13,,,1,100,,43802,13,,,1,100,,43792,13,0,23 26,1
300,'20260710',958,,43838,13,,,1,100,,43825,13,0,23 26,1,100,,43826,13,0,23 26,1,100,,43839,13,,,1,100,,43827,13,0,23 26,1,100,,43828,13,0,23 26,1,100,,43840,13,,,1,70,,43815,13,0,7,1,30,,43833,13,0,27,1,70,,43834,13,0,27,1,81,,43845,13,,,1,19,,43816,13,0,7,1,30,,43829,13,0,23 26,1,100,,43830,13,0,23 26,1,100,,43831,13,0,23 26,1,100,,43841,13,,,1,100,,43842,13,,,1,100,,43832,13,0,23 26,1
300,'20260713',958,,43928,13,,,1,100,,43915,13,0,23 26,1,100,,43916,13,0,23 26,1,100,,43929,13,,,1,100,,43917,13,0,23 26,1,100,,43918,13,0,23 26,1,100,,43930,13,,,1,70,,43905,13,0,7,1,30,,43923,13,0,27,1,70,,43924,13,0,27,1,81,,43935,13,,,1,19,,43906,13,0,7,1,30,,43919,13,0,23 26,1,100,,43920,13,0,23 26,1,100,,43921,13,0,23 26,1,100,,43931,13,,,1,100,,43932,13,,,1,100,,43922,13,0,23 26,1
300,'20260714',958,,43968,13,,,1,100,,43955,13,0,23 26,1,100,,43956,13,0,23 26,1,100,,43969,13,,,1,100,,43957,13,0,23 26,1,100,,43958,13,0,23 26,1,100,,43970,13,,,1,70,,43945,13,0,7,1,30,,43963,13,0,27,1,70,,43964,13,0,27,1,81,,43975,13,,,1,19,,43946,13,0,7,1,30,,43959,13,0,23 26,1,100,,43960,13,0,23 26,1,100,,43961,13,0,23 26,1,100,,43971,13,,,1,100,,43972,13,,,1,100,,43962,13,0,23 26,1
300,'20260715',958,,44008,13,,,1,100,,43995,13,0,23 26,1,100,,43996,13,0,23 26,1,100,,44009,13,,,1,100,,43997,13,0,23 26,1,100,,43998,13,0,23 26,1,100,,44010,13,,,1,70,,43985,13,0,7,1,30,,44003,13,0,27,1,70,,44004,13,0,27,1,81,,44015,13,,,1,19,,43986,13,0,7,1,30,,43999,13,0,23 26,1,100,,44000,13,0,23 26,1,100,,44001,13,0,23 26,1,100,,44011,13,,,1,100,,44012,13,,,1,100,,44002,13,0,23 26,1
300,'20260716',958,,44048,13,,,1,100,,44035,13,0,23 26,1,100,,44036,13,0,23 26,1,100,,44049,13,,,1,100,,44037,13,0,23 26,1,100,,44038,13,0,23 26,1,100,,44050,13,,,1,70,,44025,13,0,7,1,30,,44043,13,0,27,1,70,,44044,13,0,27,1,81,,44055,13,,,1,19,,44026,13,0,7,1,30,,44039,13,0,23 26,1,100,,44040,13,0,23 26,1,100,,44041,13,0,23 26,1,100,,44051,13,,,1,100,,44052,13,,,1,100,,44042,13,0,23 26,1
300,'20260717',958,,44088,13,,,1,100,,44075,13,0,23 26,1,100,,44076,13,0,23 26,1,100,,44089,13,,,1,100,,44077,13,0,23 26,1,100,,44078,13,0,23 26,1,100,,44090,13,,,1,70,,44065,13,0,7,1,30,,44083,13,0,27,1,70,,44084,13,0,27,1,81,,44095,13,,,1,19,,44066,13,0,7,1,30,,44079,13,0,23 26,1,100,,44080,13,0,23 26,1,100,,44081,13,0,23 26,1,100,,44091,13,,,1,100,,44092,13,,,1,100,,44082,13,0,23 26,1
300,'20260720',958,,44178,13,,,1,100,,44165,13,0,23 26,1,100,,44166,13,0,23 26,1,100,,44179,13,,,1,100,,44167,13,0,23 26,1,100,,44168,13,0,23 26,1,100,,44180,13,,,1,70,,44155,13,0,7,1,30,,44173,13,0,27,1,70,,44174,13,0,27,1,81,,44185,13,,,1,19,,44156,13,0,7,1,30,,44169,13,0,23 26,1,100,,44170,13,0,23 26,1,100,,44171,13,0,23 26,1,100,,44181,13,,,1,100,,44182,13,,,1,100,,44172,13,0,23 26,1
300,'20260721',958,,44218,13,,,1,100,,44205,13,0,23 26,1,100,,44206,13,0,23 26,1,100,,44219,13,,,1,100,,44207,13,0,23 26,1,100,,44208,13,0,23 26,1,100,,44220,13,,,1,70,,44195,13,0,7,1,30,,44213,13,0,27,1,70,,44214,13,0,27,1,81,,44225,13,,,1,19,,44196,13,0,7,1,30,,44209,13,0,23 26,1,100,,44210,13,0,23 26,1,100,,44211,13,0,23 26,1,100,,44221,13,,,1,100,,44222,13,,,1,100,,44212,13,0,23 26,1
300,'20260722',958,,44258,13,,,1,100,,44245,13,0,23 26,1,100,,44246,13,0,23 26,1,100,,44259,13,,,1,100,,44247,13,0,23 26,1,100,,44248,13,0,23 26,1,100,,44260,13,,,1,70,,44235,13,0,7,1,30,,44253,13,0,27,1,70,,44254,13,0,27,1,81,,44265,13,,,1,19,,44236,13,0,7,1,30,,44249,13,0,23 26,1,100,,44250,13,0,23 26,1,100,,44251,13,0,23 26,1,100,,44261,13,,,1,100,,44262,13,,,1,100,,44252,13,0,23 26,1
300,'20260723',958,,44298,13,,,1,100,,44285,13,0,23 26,1,100,,44286,13,0,23 26,1,100,,44299,13,,,1,100,,44287,13,0,23 26,1,100,,44288,13,0,23 26,1,100,,44300,13,,,1,70,,44275,13,0,7,1,30,,44293,13,0,27,1,70,,44294,13,0,27,1,81,,44305,13,,,1,19,,44276,13,0,7,1,30,,44289,13,0,23 26,1,100,,44290,13,0,23 26,1,100,,44291,13,0,23 26,1,100,,44301,13,,,1,100,,44302,13,,,1,100,,44292,13,0,23 26,1
300,'20260724',958,,44338,13,,,1,100,,44325,13,0,23 26,1,100,,44326,13,0,23 26,1,100,,44339,13,,,1,100,,44327,13,0,23 26,1,100,,44328,13,0,23 26,1,100,,44340,13,,,1,70,,44315,13,0,7,1,30,,44333,13,0,27,1,70,,44334,13,0,27,1,81,,44345,13,,,1,19,,44316,13,0,7,1,30,,44329,13,0,23 26,1,100,,44330,13,0,23 26,1,100,,44331,13,0,23 26,1,100,,44341,13,,,1,100,,44342,13,,,1,100,,44332,13,0,23 26,1
300,'20260727',958,,44428,13,,,1,100,,44415,13,0,23 26,1,100,,44416,13,0,23 26,1,100,,44429,13,,,1,100,,44417,13,0,23 26,1,100,,44418,13,0,23 26,1,100,,44430,13,,,1,70,,44405,13,0,7,1,30,,44423,13,0,27,1,70,,44424,13,0,27,1,81,,44435,13,,,1,19,,44406,13,0,7,1,30,,44419,13,0,23 26,1,100,,44420,13,0,23 26,1,100,,44421,13,0,23 26,1,100,,44431,13,,,1,100,,44432,13,,,1,100,,44422,13,0,23 26,1
300,'20260728',958,,44468,13,,,1,100,,44455,13,0,23 26,1,100,,44456,13,0,23 26,1,100,,44469,13,,,1,100,,44457,13,0,23 26,1,100,,44458,13,0,23 26,1,100,,44470,13,,,1,70,,44445,13,0,7,1,30,,44463,13,0,27,1,70,,44464,13,0,27,1,81,,44475,13,,,1,19,,44446,13,0,7,1,30,,44459,13,0,23 26,1,100,,44460,13,0,23 26,1,100,,44461,13,0,23 26,1,100,,44471,13,,,1,100,,44472,13,,,1,100,,44462,13,0,23 26,1
300,'20260729',958,,44508,13,,,1,100,,44495,13,0,23 26,1,100,,44496,13,0,23 26,1,100,,44509,13,,,1,100,,44497,13,0,23 26,1,100,,44498,13,0,23 26,1,100,,44510,13,,,1,70,,44485,13,0,7,1,30,,44503,13,0,27,1,70,,44504,13,0,27,1,81,,44515,13,,,1,19,,44486,13,0,7,1,30,,44499,13,0,23 26,1,100,,44500,13,0,23 26,1,100,,44501,13,0,23 26,1,100,,44511,13,,,1,100,,44512,13,,,1,100,,44502,13,0,23 26,1
300,'20260730',958,,44548,13,,,1,100,,44535,13,0,23 26,1,100,,44536,13,0,23 26,1,100,,44549,13,,,1,100,,44537,13,0,23 26,1,100,,44538,13,0,23 26,1,100,,44550,13,,,1,70,,44525,13,0,7,1,30,,44543,13,0,27,1,70,,44544,13,0,27,1,81,,44555,13,,,1,19,,44526,13,0,7,1,30,,44539,13,0,23 26,1,100,,44540,13,0,23 26,1,100,,44541,13,0,23 26,1,100,,44551,13,,,1,100,,44552,13,,,1,100,,44542,13,0,23 26,1
300,'20260731',958,,44588,13,,,1,100,,44575,13,0,23 26,1,100,,44576,13,0,23 26,1,100,,44589,13,,,1,100,,44577,13,0,23 26,1,100,,44578,13,0,23 26,1,100,,44590,13,,,1,70,,44565,13,0,7,1,30,,44583,13,0,27,1,70,,44584,13,0,27,1,81,,44595,13,,,1,19,,44566,13,0,7,1,30,,44579,13,0,23 26,1,100,,44580,13,0,23 26,1,100,,44581,13,0,23 26,1,100,,44591,13,,,1,100,,44592,13,,,1,100,,44582,13,0,23 26,1
300,'20260803',958,,44678,13,,,1,100,,44665,13,0,23 26,1,100,,44666,13,0,23 26,1,100,,44679,13,,,1,100,,44667,13,0,23 26,1,100,,44668,13,0,23 26,1,100,,44680,13,,,1,70,,44655,13,0,7,1,30,,44673,13,0,27,1,70,,44674,13,0,27,1,81,,44685,13,,,1,19,,44656,13,0,7,1,30,,44669,13,0,23 26,1,100,,44670,13,0,23 26,1,100,,44671,13,0,23 26,1,100,,44681,13,,,1,100,,44682,13,,,1,100,,44672,13,0,23 26,1
300,'20260804',958,,44718,13,,,1,100,,44705,13,0,23 26,1,100,,44706,13,0,23 26,1,100,,44719,13,,,1,100,,44707,13,0,23 26,1,100,,44708,13,0,23 26,1,100,,44720,13,,,1,70,,44695,13,0,7,1,30,,44713,13,0,27,1,70,,44714,13,0,27,1,81,,44725,13,,,1,19,,44696,13,0,7,1,30,,44709,13,0,23 26,1,100,,44710,13,0,23 26,1,100,,44711,13,0,23 26,1,100,,44721,13,,,1,100,,44722,13,,,1,100,,44712,13,0,23 26,1
300,'20260805',958,,44758,13,,,1,100,,44745,13,0,23 26,1,100,,44746,13,0,23 26,1,100,,44759,13,,,1,100,,44747,13,0,23 26,1,100,,44748,13,0,23 26,1,100,,44760,13,,,1,70,,44735,13,0,7,1,30,,44753,13,0,27,1,70,,44754,13,0,27,1,81,,44765,13,,,1,19,,44736,13,0,7,1,30,,44749,13,0,23 26,1,100,,44750,13,0,23 26,1,100,,44751,13,0,23 26,1,100,,44761,13,,,1,100,,44762,13,,,1,100,,44752,13,0,23 26,1
300,'20260806',958,,44798,13,,,1,100,,44785,13,0,23 26,1,100,,44786,13,0,23 26,1,100,,44799,13,,,1,100,,44787,13,0,23 26,1,100,,44788,13,0,23 26,1,100,,44800,13,,,1,70,,44775,13,0,7,1,30,,44793,13,0,27,1,70,,44794,13,0,27,1,81,,44805,13,,,1,19,,44776,13,0,7,1,30,,44789,13,0,23 26,1,100,,44790,13,0,23 26,1,100,,44791,13,0,23 26,1,100,,44801,13,,,1,100,,44802,13,,,1,100,,44792,13,0,23 26,1
300,'20260807',958,,44838,13,,,1,100,,44825,13,0,23 26,1,100,,44826,13,0,23 26,1,100,,44839,13,,,1,100,,44827,13,0,23 26,1,100,,44828,13,0,23 26,1,100,,44840,13,,,1,70,,44815,13,0,7,1,30,,44833,13,0,27,1,70,,44834,13,0,27,1,81,,44845,13,,,1,19,,44816,13,0,7,1,30,,44829,13,0,23 26,1,100,,44830,13,0,23 26,1,100,,44831,13,0,23 26,1,100,,44841,13,,,1,100,,44842,13,,,1,100,,44832,13,0,23 26,1
300,'20260810',958,,44928,13,,,1,100,,44915,13,0,23 26,1,100,,44916,13,0,23 26,1,100,,44929,13,,,1,100,,44917,13,0,23 26,1,100,,44918,13,0,23 26,1,100,,44930,13,,,1,70,,44905,13,0,7,1,30,,44923,13,0,27,1,70,,44924,13,0,27,1,81,,44935,13,,,1,19,,44906,13,0,7,1,30,,44919,13,0,23 26,1,100,,44920,13,0,23 26,1,100,,44921,13,0,23 26,1,100,,44931,13,,,1,100,,44932,13,,,1,100,,44922,13,0,23 26,1
300,'20260811',958,,44968,13,,,1,100,,44955,13,0,23 26,1,100,,44956,13,0,23 26,1,100,,44969,13,,,1,100,,44957,13,0,23 26,1,100,,44958,13,0,23 26,1,100,,44970,13,,,1,70,,44945,13,0,7,1,30,,44963,13,0,27,1,70,,44964,13,0,27,1,81,,44975,13,,,1,19,,44946,13,0,7,1,30,,44959,13,0,23 26,1,100,,44960,13,0,23 26,1,100,,44961,13,0,23 26,1,100,,44971,13,,,1,100,,44972,13,,,1,100,,44962,13,0,23 26,1
300,'20260812',958,,45008,13,,,1,100,,44995,13,0,23 26,1,100,,44996,13,0,23 26,1,100,,45009,13,,,1,100,,44997,13,0,23 26,1,100,,44998,13,0,23 26,1,100,,45010,13,,,1,70,,44985,13,0,7,1,30,,45003,13,0,27,1,70,,45004,13,0,27,1,81,,45015,13,,,1,19,,44986,13,0,7,1,30,,44999,13,0,23 26,1,100,,45000,13,0,23 26,1,100,,45001,13,0,23 26,1,100,,45011,13,,,1,100,,45012,13,,,1,100,,45002,13,0,23 26,1
300,'20260813',958,,45048,13,,,1,100,,45035,13,0,23 26,1,100,,45036,13,0,23 26,1,100,,45049,13,,,1,100,,45037,13,0,23 26,1,100,,45038,13,0,23 26,1,100,,45050,13,,,1,70,,45025,13,0,7,1,30,,45043,13,0,27,1,70,,45044,13,0,27,1,81,,45055,13,,,1,19,,45026,13,0,7,1,30,,45039,13,0,23 26,1,100,,45040,13,0,23 26,1,100,,45041,13,0,23 26,1,100,,45051,13,,,1,100,,45052,13,,,1,100,,45042,13,0,23 26,1
300,'20260814',958,,45088,13,,,1,100,,45075,13,0,23 26,1,100,,45076,13,0,23 26,1,100,,45089,13,,,1,100,,45077,13,0,23 26,1,100,,45078,13,0,23 26,1,100,,45090,13,,,1,70,,45065,13,0,7,1,30,,45083,13,0,27,1,70,,45084,13,0,27,1,81,,45095,13,,,1,19,,45066,13,0,7,1,30,,45079,13,0,23 26,1,100,,45080,13,0,23 26,1,100,,45081,13,0,23 26,1,100,,45091,13,,,1,100,,45092,13,,,1,100,,45082,13,0,23 26,1
300,'20260817',958,,45178,13,,,1,100,,45165,13,0,23 26,1,100,,45166,13,0,23 26,1,100,,45179,13,,,1,100,,45167,13,0,23 26,1,100,,45168,13,0,23 26,1,100,,45180,13,,,1,70,,45155,13,0,7,1,30,,45173,13,0,27,1,70,,45174,13,0,27,1,81,,45185,13,,,1,19,,45156,13,0,7,1,30,,45169,13,0,23 26,1,100,,45170,13,0,23 26,1,100,,45171,13,0,23 26,1,100,,45181,13,,,1,100,,45182,13,,,1,100,,45172,13,0,23 26,1
300,'20260818',958,,45218,13,,,1,100,,45205,13,0,23 26,1,100,,45206,13,0,23 26,1,100,,45219,13,,,1,100,,45207,13,0,23 26,1,100,,45208,13,0,23 26,1,100,,45220,13,,,1,70,,45195,13,0,7,1,30,,45213,13,0,27,1,70,,45214,13,0,27,1,81,,45225,13,,,1,19,,45196,13,0,7,1,30,,45209,13,0,23 26,1,100,,45210,13,0,23 26,1,100,,45211,13,0,23 26,1,100,,45221,13,,,1,100,,45222,13,,,1,100,,45212,13,0,23 26,1
300,'20260819',958,,45258,13,,,1,100,,45245,13,0,23 26,1,100,,45246,13,0,23 26,1,100,,45259,13,,,1,100,,45247,13,0,23 26,1,100,,45248,13,0,23 26,1,100,,45260,13,,,1,70,,45235,13,0,7,1,30,,45253,13,0,27,1,70,,45254,13,0,27,1,81,,45265,13,,,1,19,,45236,13,0,7,1,30,,45249,13,0,23 26,1,100,,45250,13,0,23 26,1,100,,45251,13,0,23 26,1,100,,45261,13,,,1,100,,45262,13,,,1,100,,45252,13,0,23 26,1
300,'20260820',958,,45298,13,,,1,100,,45285,13,0,23 26,1,100,,45286,13,0,23 26,1,100,,45299,13,,,1,100,,45287,13,0,23 26,1,100,,45288,13,0,23 26,1,100,,45300,13,,,1,70,,45275,13,0,7,1,30,,45293,13,0,27,1,70,,45294,13,0,27,1,81,,45305,13,,,1,19,,45276,13,0,7,1,30,,45289,13,0,23 26,1,100,,45290,13,0,23 26,1,100,,45291,13,0,23 26,1,100,,45301,13,,,1,100,,45302,13,,,1,100,,45292,13,0,23 26,1
300,'20260821',958,,45338,13,,,1,100,,45325,13,0,23 26,1,100,,45326,13,0,23 26,1,100,,45339,13,,,1,100,,45327,13,0,23 26,1,100,,45328,13,0,23 26,1,100,,45340,13,,,1,70,,45315,13,0,7,1,30,,45333,13,0,27,1,70,,45334,13,0,27,1,81,,45345,13,,,1,19,,45316,13,0,7,1,30,,45329,13,0,23 26,1,100,,45330,13,0,23 26,1,100,,45331,13,0,23 26,1,100,,45341,13,,,1,100,,45342,13,,,1,100,,45332,13,0,23 26,1
300,'20260824',958,,45428,13,,,1,100,,45415,13,0,23 26,1,100,,45416,13,0,23 26,1,100,,45429,13,,,1,100,,45417,13,0,23 26,1,100,,45418,13,0,23 26,1,100,,45430,13,,,1,70,,45405,13,0,7,1,30,,45423,13,0,27,1,70,,45424,13,0,27,1,81,,45435,13,,,1,19,,45406,13,0,7,1,30,,45419,13,0,23 26,1,100,,45420,13,0,23 26,1,100,,45421,13,0,23 26,1,100,,45431,13,,,1,100,,45432,13,,,1,100,,45422,13,0,23 26,1
300,'20260825',958,,45468,13,,,1,100,,45455,13,0,23 26,1,100,,45456,13,0,23 26,1,100,,45469,13,,,1,100,,45457,13,0,23 26,1,100,,45458,13,0,23 26,1,100,,45470,13,,,1,70,,45445,13,0,7,1,30,,45463,13,0,27,1,70,,45464,13,0,27,1,81,,45475,13,,,1,19,,45446,13,0,7,1,30,,45459,13,0,23 26,1,100,,45460,13,0,23 26,1,100,,45461,13,0,23 26,1,100,,45471,13,,,1,100,,45472,13,,,1,100,,45462,13,0,23 26,1
300,'20260826',958,,45508,13,,,1,100,,45495,13,0,23 26,1,100,,45496,13,0,23 26,1,100,,45509,13,,,1,100,,45497,13,0,23 26,1,100,,45498,13,0,23 26,1,100,,45510,13,,,1,70,,45485,13,0,7,1,30,,45503,13,0,27,1,70,,45504,13,0,27,1,81,,45515,13,,,1,19,,45486,13,0,7,1,30,,45499,13,0,23 26,1,100,,45500,13,0,23 26,1,100,,45501,13,0,23 26,1,100,,45511,13,,,1,100,,45512,13,,,1,100,,45502,13,0,23 26,1
300,'20260827',958,,45548,13,,,1,100,,45535,13,0,23 26,1,100,,45536,13,0,23 26,1,100,,45549,13,,,1,100,,45537,13,0,23 26,1,100,,45538,13,0,23 26,1,100,,45550,13,,,1,70,,45525,13,0,7,1,30,,45543,13,0,27,1,70,,45544,13,0,27,1,81,,45555,13,,,1,19,,45526,13,0,7,1,30,,45539,13,0,23 26,1,100,,45540,13,0,23 26,1,100,,45541,13,0,23 26,1,100,,45551,13,,,1,100,,45552,13,,,1,100,,45542,13,0,23 26,1
300,'20260828',958,,45588,13,,,1,100,,45575,13,0,23 26,1,100,,45576,13,0,23 26,1,100,,45589,13,,,1,100,,45577,13,0,23 26,1,100,,45578,13,0,23 26,1,100,,45590,13,,,1,70,,45565,13,0,7,1,30,,45583,13,0,27,1,70,,45584,13,0,27,1,81,,45595,13,,,1,19,,45566,13,0,7,1,30,,45579,13,0,23 26,1,100,,45580,13,0,23 26,1,100,,45581,13,0,23 26,1,100,,45591,13,,,1,100,,45592,13,,,1,100,,45582,13,0,23 26,1
300,'20260831',958,,45678,13,,,1,100,,45665,13,0,23 26,1,100,,45666,13,0,23 26,1,100,,45679,13,,,1,100,,45667,13,0,23 26,1,100,,45668,13,0,23 26,1,100,,45680,13,,,1,70,,45655,13,0,7,1,30,,45673,13,0,27,1,70,,45674,13,0,27,1,81,,45685,13,,,1,19,,45656,13,0,7,1,30,,45669,13,0,23 26,1,100,,45670,13,0,23 26,1,100,,45671,13,0,23 26,1,100,,45681,13,,,1,100,,45682,13,,,1,100,,45672,13,0,23 26,1
300,'20260901',958,,45718,13,,,1,100,,45705,13,0,23 26,1,100,,45706,13,0,23 26,1,100,,45719,13,,,1,100,,45707,13,0,23 26,1,100,,45708,13,0,23 26,1,100,,45720,13,,,1,70,,45695,13,0,7,1,30,,45713,13,0,27,1,70,,45714,13,0,27,1,81,,45725,13,,,1,19,,45696,13,0,7,1,30,,45709,13,0,23 26,1,100,,45710,13,0,23 26,1,100,,45711,13,0,23 26,1,100,,45721,13,,,1,100,,45722,13,,,1,100,,45712,13,0,23 26,1
300,'20260902',958,,45758,13,,,1,100,,45745,13,0,23 26,1,100,,45746,13,0,23 26,1,100,,45759,13,,,1,100,,45747,13,0,23 26,1,100,,45748,13,0,23 26,1,100,,45760,13,,,1,70,,45735,13,0,7,1,30,,45753,13,0,27,1,70,,45754,13,0,27,1,81,,45765,13,,,1,19,,45736,13,0,7,1,30,,45749,13,0,23 26,1,100,,45750,13,0,23 26,1,100,,45751,13,0,23 26,1,100,,45761,13,,,1,100,,45762,13,,,1,100,,45752,13,0,23 26,1
300,'20260903',958,,45798,13,,,1,100,,45785,13,0,23 26,1,100,,45786,13,0,23 26,1,100,,45799,13,,,1,100,,45787,13,0,23 26,1,100,,45788,13,0,23 26,1,100,,45800,13,,,1,70,,45775,13,0,7,1,30,,45793,13,0,27,1,70,,45794,13,0,27,1,81,,45805,13,,,1,19,,45776,13,0,7,1,30,,45789,13,0,23 26,1,100,,45790,13,0,23 26,1,100,,45791,13,0,23 26,1,100,,45801,13,,,1,100,,45802,13,,,1,100,,45792,13,0,23 26,1
300,'20260904',958,,45838,13,,,1,100,,45825,13,0,23 26,1,100,,45826,13,0,23 26,1,100,,45839,13,,,1,100,,45827,13,0,23 26,1,100,,45828,13,0,23 26,1,100,,45840,13,,,1,70,,45815,13,0,7,1,30,,45833,13,0,27,1,70,,45834,13,0,27,1,81,,45845,13,,,1,19,,45816,13,0,7,1,30,,45829,13,0,23 26,1,100,,45830,13,0,23 26,1,100,,45831,13,0,23 26,1,100,,45841,13,,,1,100,,45842,13,,,1,100,,45832,13,0,23 26,1
301,'20260514',610,,23026,17,,,1,30,,23028,30,,,1,70,,23015,6,,,1,30,,22999,6,,,1,70,,23016,6,,,1,30,,23000,6,,,1,70,,23017,6,,,1,30,,23001,6,,,1,70,,23018,6,,,1,30,,23002,6,,,1,100,,23003,6,,,1,100,,23004,6,,,1,100,,23005,6,,,1,100,,23006,6,,,1,100,,23007,6,,,1,500,,23011,6,,,1,100,,23012,6,,,1,100,,23013,6,,,1,100,,23014,6,,,1
301,'20260515',610,,23066,17,,,1,30,,23068,30,,,1,70,,23055,6,,,1,30,,23039,6,,,1,70,,23056,6,,,1,30,,23040,6,,,1,70,,23057,6,,,1,30,,23041,6,,,1,70,,23058,6,,,1,30,,23042,6,,,1,100,,23043,6,,,1,100,,23044,6,,,1,100,,23045,6,,,1,100,,23046,6,,,1,100,,23047,6,,,1,500,,23051,6,,,1,100,,23052,6,,,1,100,,23053,6,,,1,100,,23054,6,,,1
301,'20260519',609,,23106,17,,,1,30,,23108,30,,,1,70,,23095,6,,,1,30,,23079,6,,,1,70,,23096,6,,,1,30,,23080,6,,,1,70,,23097,6,,,1,30,,23081,6,,,1,100,,23082,6,,,1,100,,23083,6,,,1,100,,23084,6,,,1,100,,23085,6,,,1,100,,23086,6,,,1,100,,23087,6,,,1,500,,23091,6,,,1,100,,23092,6,,,1,100,,23093,6,,,1,100,,23094,6,,,1
301,'20260520',610,,23146,17,,,1,30,,23148,30,,,1,70,,23135,6,,,1,30,,23119,6,,,1,70,,23136,6,,,1,30,,23120,6,,,1,70,,23137,6,,,1,30,,23121,6,,,1,70,,23138,6,,,1,30,,23122,6,,,1,100,,23123,6,,,1,100,,23124,6,,,1,100,,23125,6,,,1,100,,23126,6,,,1,100,,23127,6,,,1,500,,23131,6,,,1,100,,23132,6,,,1,100,,23133,6,,,1,100,,23134,6,,,1
301,'20260521',610,,23186,17,,,1,30,,23188,30,,,1,70,,23175,6,,,1,30,,23159,6,,,1,70,,23176,6,,,1,30,,23160,6,,,1,70,,23177,6,,,1,30,,23161,6,,,1,70,,23178,6,,,1,30,,23162,6,,,1,100,,23163,6,,,1,100,,23164,6,,,1,100,,23165,6,,,1,100,,23166,6,,,1,100,,23167,6,,,1,500,,23171,6,,,1,100,,23172,6,,,1,100,,23173,6,,,1,100,,23174,6,,,1
301,'20260522',610,,23226,17,,,1,30,,23228,30,,,1,70,,23215,6,,,1,30,,23199,6,,,1,70,,23216,6,,,1,30,,23200,6,,,1,70,,23217,6,,,1,30,,23201,6,,,1,70,,23218,6,,,1,30,,23202,6,,,1,100,,23203,6,,,1,100,,23204,6,,,1,100,,23205,6,,,1,100,,23206,6,,,1,100,,23207,6,,,1,500,,23211,6,,,1,100,,23212,6,,,1,100,,23213,6,,,1,100,,23214,6,,,1
301,'20260525',610,,23316,17,,,1,30,,23318,30,,,1,70,,23305,6,,,1,30,,23289,6,,,1,70,,23306,6,,,1,30,,23290,6,,,1,70,,23307,6,,,1,30,,23291,6,,,1,70,,23308,6,,,1,30,,23292,6,,,1,100,,23293,6,,,1,100,,23294,6,,,1,100,,23295,6,,,1,100,,23296,6,,,1,100,,23297,6,,,1,500,,23301,6,,,1,100,,23302,6,,,1,100,,23303,6,,,1,100,,23304,6,,,1
301,'20260526',610,,23356,17,,,1,30,,23358,30,,,1,70,,23345,6,,,1,30,,23329,6,,,1,70,,23346,6,,,1,30,,23330,6,,,1,70,,23347,6,,,1,30,,23331,6,,,1,70,,23348,6,,,1,30,,23332,6,,,1,100,,23333,6,,,1,100,,23334,6,,,1,100,,23335,6,,,1,100,,23336,6,,,1,100,,23337,6,,,1,500,,23341,6,,,1,100,,23342,6,,,1,100,,23343,6,,,1,100,,23344,6,,,1
301,'20260527',610,,23396,17,,,1,30,,23398,30,,,1,70,,23385,6,,,1,30,,23369,6,,,1,70,,23386,6,,,1,30,,23370,6,,,1,70,,23387,6,,,1,30,,23371,6,,,1,70,,23388,6,,,1,30,,23372,6,,,1,100,,23373,6,,,1,100,,23374,6,,,1,100,,23375,6,,,1,100,,23376,6,,,1,100,,23377,6,,,1,500,,23381,6,,,1,100,,23382,6,,,1,100,,23383,6,,,1,100,,23384,6,,,1
301,'20260528',610,,23436,17,,,1,30,,23438,30,,,1,70,,23425,6,,,1,30,,23409,6,,,1,70,,23426,6,,,1,30,,23410,6,,,1,70,,23427,6,,,1,30,,23411,6,,,1,70,,23428,6,,,1,30,,23412,6,,,1,100,,23413,6,,,1,100,,23414,6,,,1,100,,23415,6,,,1,100,,23416,6,,,1,100,,23417,6,,,1,500,,23421,6,,,1,100,,23422,6,,,1,100,,23423,6,,,1,100,,23424,6,,,1
301,'20260529',610,,23476,17,,,1,30,,23478,30,,,1,70,,23465,6,,,1,30,,23449,6,,,1,70,,23466,6,,,1,30,,23450,6,,,1,70,,23467,6,,,1,30,,23451,6,,,1,70,,23468,6,,,1,30,,23452,6,,,1,100,,23453,6,,,1,100,,23454,6,,,1,100,,23455,6,,,1,100,,23456,6,,,1,100,,23457,6,,,1,500,,23461,6,,,1,100,,23462,6,,,1,100,,23463,6,,,1,100,,23464,6,,,1
301,'20260601',610,,23566,17,,,1,30,,23568,30,,,1,70,,23555,6,,,1,30,,23539,6,,,1,70,,23556,6,,,1,30,,23540,6,,,1,70,,23557,6,,,1,30,,23541,6,,,1,70,,23558,6,,,1,30,,23542,6,,,1,100,,23543,6,,,1,100,,23544,6,,,1,100,,23545,6,,,1,100,,23546,6,,,1,100,,23547,6,,,1,500,,23551,6,,,1,100,,23552,6,,,1,100,,23553,6,,,1,100,,23554,6,,,1
301,'20260602',610,,23606,17,,,1,30,,23608,30,,,1,70,,23595,6,,,1,30,,23579,6,,,1,70,,23596,6,,,1,30,,23580,6,,,1,70,,23597,6,,,1,30,,23581,6,,,1,70,,23598,6,,,1,30,,23582,6,,,1,100,,23583,6,,,1,100,,23584,6,,,1,100,,23585,6,,,1,100,,23586,6,,,1,100,,23587,6,,,1,500,,23591,6,,,1,100,,23592,6,,,1,100,,23593,6,,,1,100,,23594,6,,,1
301,'20260603',610,,23646,17,,,1,30,,23648,30,,,1,70,,23635,6,,,1,30,,23619,6,,,1,70,,23636,6,,,1,30,,23620,6,,,1,70,,23637,6,,,1,30,,23621,6,,,1,70,,23638,6,,,1,30,,23622,6,,,1,100,,23623,6,,,1,100,,23624,6,,,1,100,,23625,6,,,1,100,,23626,6,,,1,100,,23627,6,,,1,500,,23631,6,,,1,100,,23632,6,,,1,100,,23633,6,,,1,100,,23634,6,,,1
301,'20260604',610,,23686,17,,,1,30,,23688,30,,,1,70,,23675,6,,,1,30,,23659,6,,,1,70,,23676,6,,,1,30,,23660,6,,,1,70,,23677,6,,,1,30,,23661,6,,,1,70,,23678,6,,,1,30,,23662,6,,,1,100,,23663,6,,,1,100,,23664,6,,,1,100,,23665,6,,,1,100,,23666,6,,,1,100,,23667,6,,,1,500,,23671,6,,,1,100,,23672,6,,,1,100,,23673,6,,,1,100,,23674,6,,,1
301,'20260605',610,,23726,17,,,1,30,,23728,30,,,1,70,,23715,6,,,1,30,,23699,6,,,1,70,,23716,6,,,1,30,,23700,6,,,1,70,,23717,6,,,1,30,,23701,6,,,1,70,,23718,6,,,1,30,,23702,6,,,1,100,,23703,6,,,1,100,,23704,6,,,1,100,,23705,6,,,1,100,,23706,6,,,1,100,,23707,6,,,1,500,,23711,6,,,1,100,,23712,6,,,1,100,,23713,6,,,1,100,,23714,6,,,1
301,'20260608',610,,23816,17,,,1,30,,23818,30,,,1,70,,23805,6,,,1,30,,23789,6,,,1,70,,23806,6,,,1,30,,23790,6,,,1,70,,23807,6,,,1,30,,23791,6,,,1,70,,23808,6,,,1,30,,23792,6,,,1,100,,23793,6,,,1,100,,23794,6,,,1,100,,23795,6,,,1,100,,23796,6,,,1,100,,23797,6,,,1,500,,23801,6,,,1,100,,23802,6,,,1,100,,23803,6,,,1,100,,23804,6,,,1
301,'20260609',610,,23856,17,,,1,30,,23858,30,,,1,70,,23845,6,,,1,30,,23829,6,,,1,70,,23846,6,,,1,30,,23830,6,,,1,70,,23847,6,,,1,30,,23831,6,,,1,70,,23848,6,,,1,30,,23832,6,,,1,100,,23833,6,,,1,100,,23834,6,,,1,100,,23835,6,,,1,100,,23836,6,,,1,100,,23837,6,,,1,500,,23841,6,,,1,100,,23842,6,,,1,100,,23843,6,,,1,100,,23844,6,,,1
301,'20260610',610,,23896,17,,,1,30,,23898,30,,,1,70,,23885,6,,,1,30,,23869,6,,,1,70,,23886,6,,,1,30,,23870,6,,,1,70,,23887,6,,,1,30,,23871,6,,,1,70,,23888,6,,,1,30,,23872,6,,,1,100,,23873,6,,,1,100,,23874,6,,,1,100,,23875,6,,,1,100,,23876,6,,,1,100,,23877,6,,,1,500,,23881,6,,,1,100,,23882,6,,,1,100,,23883,6,,,1,100,,23884,6,,,1
301,'20260611',610,,23936,17,,,1,30,,23938,30,,,1,70,,23925,6,,,1,30,,23909,6,,,1,70,,23926,6,,,1,30,,23910,6,,,1,70,,23927,6,,,1,30,,23911,6,,,1,70,,23928,6,,,1,30,,23912,6,,,1,100,,23913,6,,,1,100,,23914,6,,,1,100,,23915,6,,,1,100,,23916,6,,,1,100,,23917,6,,,1,500,,23921,6,,,1,100,,23922,6,,,1,100,,23923,6,,,1,100,,23924,6,,,1
301,'20260612',610,,23976,17,,,1,30,,23978,30,,,1,70,,23965,6,,,1,30,,23949,6,,,1,70,,23966,6,,,1,30,,23950,6,,,1,70,,23967,6,,,1,30,,23951,6,,,1,70,,23968,6,,,1,30,,23952,6,,,1,100,,23953,6,,,1,100,,23954,6,,,1,100,,23955,6,,,1,100,,23956,6,,,1,100,,23957,6,,,1,500,,23961,6,,,1,100,,23962,6,,,1,100,,23963,6,,,1,100,,23964,6,,,1
301,'20260615',610,,45923,17,,,1,30,,45925,30,,,1,70,,45912,6,,,1,30,,45896,6,,,1,70,,45913,6,,,1,30,,45897,6,,,1,70,,45914,6,,,1,30,,45898,6,,,1,70,,45915,6,,,1,30,,45899,6,,,1,100,,45900,6,,,1,100,,45901,6,,,1,100,,45902,6,,,1,100,,45903,6,,,1,100,,45904,6,,,1,500,,45908,6,,,1,100,,45909,6,,,1,100,,45910,6,,,1,100,,45911,6,,,1
301,'20260616',610,,45963,17,,,1,30,,45965,30,,,1,70,,45952,6,,,1,30,,45936,6,,,1,70,,45953,6,,,1,30,,45937,6,,,1,70,,45954,6,,,1,30,,45938,6,,,1,70,,45955,6,,,1,30,,45939,6,,,1,100,,45940,6,,,1,100,,45941,6,,,1,100,,45942,6,,,1,100,,45943,6,,,1,100,,45944,6,,,1,500,,45948,6,,,1,100,,45949,6,,,1,100,,45950,6,,,1,100,,45951,6,,,1
301,'20260617',610,,46003,17,,,1,30,,46005,30,,,1,70,,45992,6,,,1,30,,45976,6,,,1,70,,45993,6,,,1,30,,45977,6,,,1,70,,45994,6,,,1,30,,45978,6,,,1,70,,45995,6,,,1,30,,45979,6,,,1,100,,45980,6,,,1,100,,45981,6,,,1,100,,45982,6,,,1,100,,45983,6,,,1,100,,45984,6,,,1,500,,45988,6,,,1,100,,45989,6,,,1,100,,45990,6,,,1,100,,45991,6,,,1
301,'20260618',610,,46043,17,,,1,30,,46045,30,,,1,70,,46032,6,,,1,30,,46016,6,,,1,70,,46033,6,,,1,30,,46017,6,,,1,70,,46034,6,,,1,30,,46018,6,,,1,70,,46035,6,,,1,30,,46019,6,,,1,100,,46020,6,,,1,100,,46021,6,,,1,100,,46022,6,,,1,100,,46023,6,,,1,100,,46024,6,,,1,500,,46028,6,,,1,100,,46029,6,,,1,100,,46030,6,,,1,100,,46031,6,,,1
301,'20260619',610,,46083,17,,,1,30,,46085,30,,,1,70,,46072,6,,,1,30,,46056,6,,,1,70,,46073,6,,,1,30,,46057,6,,,1,70,,46074,6,,,1,30,,46058,6,,,1,70,,46075,6,,,1,30,,46059,6,,,1,100,,46060,6,,,1,100,,46061,6,,,1,100,,46062,6,,,1,100,,46063,6,,,1,100,,46064,6,,,1,500,,46068,6,,,1,100,,46069,6,,,1,100,,46070,6,,,1,100,,46071,6,,,1
301,'20260622',610,,46173,17,,,1,30,,46175,30,,,1,70,,46162,6,,,1,30,,46146,6,,,1,70,,46163,6,,,1,30,,46147,6,,,1,70,,46164,6,,,1,30,,46148,6,,,1,70,,46165,6,,,1,30,,46149,6,,,1,100,,46150,6,,,1,100,,46151,6,,,1,100,,46152,6,,,1,100,,46153,6,,,1,100,,46154,6,,,1,500,,46158,6,,,1,100,,46159,6,,,1,100,,46160,6,,,1,100,,46161,6,,,1
301,'20260623',610,,46213,17,,,1,30,,46215,30,,,1,70,,46202,6,,,1,30,,46186,6,,,1,70,,46203,6,,,1,30,,46187,6,,,1,70,,46204,6,,,1,30,,46188,6,,,1,70,,46205,6,,,1,30,,46189,6,,,1,100,,46190,6,,,1,100,,46191,6,,,1,100,,46192,6,,,1,100,,46193,6,,,1,100,,46194,6,,,1,500,,46198,6,,,1,100,,46199,6,,,1,100,,46200,6,,,1,100,,46201,6,,,1
301,'20260624',610,,46253,17,,,1,30,,46255,30,,,1,70,,46242,6,,,1,30,,46226,6,,,1,70,,46243,6,,,1,30,,46227,6,,,1,70,,46244,6,,,1,30,,46228,6,,,1,70,,46245,6,,,1,30,,46229,6,,,1,100,,46230,6,,,1,100,,46231,6,,,1,100,,46232,6,,,1,100,,46233,6,,,1,100,,46234,6,,,1,500,,46238,6,,,1,100,,46239,6,,,1,100,,46240,6,,,1,100,,46241,6,,,1
301,'20260625',610,,46293,17,,,1,30,,46295,30,,,1,70,,46282,6,,,1,30,,46266,6,,,1,70,,46283,6,,,1,30,,46267,6,,,1,70,,46284,6,,,1,30,,46268,6,,,1,70,,46285,6,,,1,30,,46269,6,,,1,100,,46270,6,,,1,100,,46271,6,,,1,100,,46272,6,,,1,100,,46273,6,,,1,100,,46274,6,,,1,500,,46278,6,,,1,100,,46279,6,,,1,100,,46280,6,,,1,100,,46281,6,,,1
301,'20260626',610,,46333,17,,,1,30,,46335,30,,,1,70,,46322,6,,,1,30,,46306,6,,,1,70,,46323,6,,,1,30,,46307,6,,,1,70,,46324,6,,,1,30,,46308,6,,,1,70,,46325,6,,,1,30,,46309,6,,,1,100,,46310,6,,,1,100,,46311,6,,,1,100,,46312,6,,,1,100,,46313,6,,,1,100,,46314,6,,,1,500,,46318,6,,,1,100,,46319,6,,,1,100,,46320,6,,,1,100,,46321,6,,,1
301,'20260629',610,,46423,17,,,1,30,,46425,30,,,1,70,,46412,6,,,1,30,,46396,6,,,1,70,,46413,6,,,1,30,,46397,6,,,1,70,,46414,6,,,1,30,,46398,6,,,1,70,,46415,6,,,1,30,,46399,6,,,1,100,,46400,6,,,1,100,,46401,6,,,1,100,,46402,6,,,1,100,,46403,6,,,1,100,,46404,6,,,1,500,,46408,6,,,1,100,,46409,6,,,1,100,,46410,6,,,1,100,,46411,6,,,1
301,'20260630',610,,46463,17,,,1,30,,46465,30,,,1,70,,46452,6,,,1,30,,46436,6,,,1,70,,46453,6,,,1,30,,46437,6,,,1,70,,46454,6,,,1,30,,46438,6,,,1,70,,46455,6,,,1,30,,46439,6,,,1,100,,46440,6,,,1,100,,46441,6,,,1,100,,46442,6,,,1,100,,46443,6,,,1,100,,46444,6,,,1,500,,46448,6,,,1,100,,46449,6,,,1,100,,46450,6,,,1,100,,46451,6,,,1
301,'20260702',610,,46528,17,,,1,30,,46530,30,,,1,70,,46517,6,,,1,30,,46501,6,,,1,70,,46518,6,,,1,30,,46502,6,,,1,70,,46519,6,,,1,30,,46503,6,,,1,70,,46520,6,,,1,30,,46504,6,,,1,100,,46505,6,,,1,100,,46506,6,,,1,100,,46507,6,,,1,100,,46508,6,,,1,100,,46509,6,,,1,500,,46513,6,,,1,100,,46514,6,,,1,100,,46515,6,,,1,100,,46516,6,,,1
301,'20260703',610,,46568,17,,,1,30,,46570,30,,,1,70,,46557,6,,,1,30,,46541,6,,,1,70,,46558,6,,,1,30,,46542,6,,,1,70,,46559,6,,,1,30,,46543,6,,,1,70,,46560,6,,,1,30,,46544,6,,,1,100,,46545,6,,,1,100,,46546,6,,,1,100,,46547,6,,,1,100,,46548,6,,,1,100,,46549,6,,,1,500,,46553,6,,,1,100,,46554,6,,,1,100,,46555,6,,,1,100,,46556,6,,,1
301,'20260706',610,,46658,17,,,1,30,,46660,30,,,1,70,,46647,6,,,1,30,,46631,6,,,1,70,,46648,6,,,1,30,,46632,6,,,1,70,,46649,6,,,1,30,,46633,6,,,1,70,,46650,6,,,1,30,,46634,6,,,1,100,,46635,6,,,1,100,,46636,6,,,1,100,,46637,6,,,1,100,,46638,6,,,1,100,,46639,6,,,1,500,,46643,6,,,1,100,,46644,6,,,1,100,,46645,6,,,1,100,,46646,6,,,1
301,'20260707',610,,46698,17,,,1,30,,46700,30,,,1,70,,46687,6,,,1,30,,46671,6,,,1,70,,46688,6,,,1,30,,46672,6,,,1,70,,46689,6,,,1,30,,46673,6,,,1,70,,46690,6,,,1,30,,46674,6,,,1,100,,46675,6,,,1,100,,46676,6,,,1,100,,46677,6,,,1,100,,46678,6,,,1,100,,46679,6,,,1,500,,46683,6,,,1,100,,46684,6,,,1,100,,46685,6,,,1,100,,46686,6,,,1
301,'20260708',610,,46738,17,,,1,30,,46740,30,,,1,70,,46727,6,,,1,30,,46711,6,,,1,70,,46728,6,,,1,30,,46712,6,,,1,70,,46729,6,,,1,30,,46713,6,,,1,70,,46730,6,,,1,30,,46714,6,,,1,100,,46715,6,,,1,100,,46716,6,,,1,100,,46717,6,,,1,100,,46718,6,,,1,100,,46719,6,,,1,500,,46723,6,,,1,100,,46724,6,,,1,100,,46725,6,,,1,100,,46726,6,,,1
301,'20260709',610,,46778,17,,,1,30,,46780,30,,,1,70,,46767,6,,,1,30,,46751,6,,,1,70,,46768,6,,,1,30,,46752,6,,,1,70,,46769,6,,,1,30,,46753,6,,,1,70,,46770,6,,,1,30,,46754,6,,,1,100,,46755,6,,,1,100,,46756,6,,,1,100,,46757,6,,,1,100,,46758,6,,,1,100,,46759,6,,,1,500,,46763,6,,,1,100,,46764,6,,,1,100,,46765,6,,,1,100,,46766,6,,,1
301,'20260710',610,,46818,17,,,1,30,,46820,30,,,1,70,,46807,6,,,1,30,,46791,6,,,1,70,,46808,6,,,1,30,,46792,6,,,1,70,,46809,6,,,1,30,,46793,6,,,1,70,,46810,6,,,1,30,,46794,6,,,1,100,,46795,6,,,1,100,,46796,6,,,1,100,,46797,6,,,1,100,,46798,6,,,1,100,,46799,6,,,1,500,,46803,6,,,1,100,,46804,6,,,1,100,,46805,6,,,1,100,,46806,6,,,1
301,'20260713',610,,46908,17,,,1,30,,46910,30,,,1,70,,46897,6,,,1,30,,46881,6,,,1,70,,46898,6,,,1,30,,46882,6,,,1,70,,46899,6,,,1,30,,46883,6,,,1,70,,46900,6,,,1,30,,46884,6,,,1,100,,46885,6,,,1,100,,46886,6,,,1,100,,46887,6,,,1,100,,46888,6,,,1,100,,46889,6,,,1,500,,46893,6,,,1,100,,46894,6,,,1,100,,46895,6,,,1,100,,46896,6,,,1
301,'20260714',610,,46948,17,,,1,30,,46950,30,,,1,70,,46937,6,,,1,30,,46921,6,,,1,70,,46938,6,,,1,30,,46922,6,,,1,70,,46939,6,,,1,30,,46923,6,,,1,70,,46940,6,,,1,30,,46924,6,,,1,100,,46925,6,,,1,100,,46926,6,,,1,100,,46927,6,,,1,100,,46928,6,,,1,100,,46929,6,,,1,500,,46933,6,,,1,100,,46934,6,,,1,100,,46935,6,,,1,100,,46936,6,,,1
301,'20260715',610,,46988,17,,,1,30,,46990,30,,,1,70,,46977,6,,,1,30,,46961,6,,,1,70,,46978,6,,,1,30,,46962,6,,,1,70,,46979,6,,,1,30,,46963,6,,,1,70,,46980,6,,,1,30,,46964,6,,,1,100,,46965,6,,,1,100,,46966,6,,,1,100,,46967,6,,,1,100,,46968,6,,,1,100,,46969,6,,,1,500,,46973,6,,,1,100,,46974,6,,,1,100,,46975,6,,,1,100,,46976,6,,,1
301,'20260716',610,,47028,17,,,1,30,,47030,30,,,1,70,,47017,6,,,1,30,,47001,6,,,1,70,,47018,6,,,1,30,,47002,6,,,1,70,,47019,6,,,1,30,,47003,6,,,1,70,,47020,6,,,1,30,,47004,6,,,1,100,,47005,6,,,1,100,,47006,6,,,1,100,,47007,6,,,1,100,,47008,6,,,1,100,,47009,6,,,1,500,,47013,6,,,1,100,,47014,6,,,1,100,,47015,6,,,1,100,,47016,6,,,1
301,'20260717',610,,47068,17,,,1,30,,47070,30,,,1,70,,47057,6,,,1,30,,47041,6,,,1,70,,47058,6,,,1,30,,47042,6,,,1,70,,47059,6,,,1,30,,47043,6,,,1,70,,47060,6,,,1,30,,47044,6,,,1,100,,47045,6,,,1,100,,47046,6,,,1,100,,47047,6,,,1,100,,47048,6,,,1,100,,47049,6,,,1,500,,47053,6,,,1,100,,47054,6,,,1,100,,47055,6,,,1,100,,47056,6,,,1
301,'20260720',610,,47158,17,,,1,30,,47160,30,,,1,70,,47147,6,,,1,30,,47131,6,,,1,70,,47148,6,,,1,30,,47132,6,,,1,70,,47149,6,,,1,30,,47133,6,,,1,70,,47150,6,,,1,30,,47134,6,,,1,100,,47135,6,,,1,100,,47136,6,,,1,100,,47137,6,,,1,100,,47138,6,,,1,100,,47139,6,,,1,500,,47143,6,,,1,100,,47144,6,,,1,100,,47145,6,,,1,100,,47146,6,,,1
301,'20260721',610,,47198,17,,,1,30,,47200,30,,,1,70,,47187,6,,,1,30,,47171,6,,,1,70,,47188,6,,,1,30,,47172,6,,,1,70,,47189,6,,,1,30,,47173,6,,,1,70,,47190,6,,,1,30,,47174,6,,,1,100,,47175,6,,,1,100,,47176,6,,,1,100,,47177,6,,,1,100,,47178,6,,,1,100,,47179,6,,,1,500,,47183,6,,,1,100,,47184,6,,,1,100,,47185,6,,,1,100,,47186,6,,,1
301,'20260722',610,,47238,17,,,1,30,,47240,30,,,1,70,,47227,6,,,1,30,,47211,6,,,1,70,,47228,6,,,1,30,,47212,6,,,1,70,,47229,6,,,1,30,,47213,6,,,1,70,,47230,6,,,1,30,,47214,6,,,1,100,,47215,6,,,1,100,,47216,6,,,1,100,,47217,6,,,1,100,,47218,6,,,1,100,,47219,6,,,1,500,,47223,6,,,1,100,,47224,6,,,1,100,,47225,6,,,1,100,,47226,6,,,1
301,'20260723',610,,47278,17,,,1,30,,47280,30,,,1,70,,47267,6,,,1,30,,47251,6,,,1,70,,47268,6,,,1,30,,47252,6,,,1,70,,47269,6,,,1,30,,47253,6,,,1,70,,47270,6,,,1,30,,47254,6,,,1,100,,47255,6,,,1,100,,47256,6,,,1,100,,47257,6,,,1,100,,47258,6,,,1,100,,47259,6,,,1,500,,47263,6,,,1,100,,47264,6,,,1,100,,47265,6,,,1,100,,47266,6,,,1
301,'20260724',610,,47318,17,,,1,30,,47320,30,,,1,70,,47307,6,,,1,30,,47291,6,,,1,70,,47308,6,,,1,30,,47292,6,,,1,70,,47309,6,,,1,30,,47293,6,,,1,70,,47310,6,,,1,30,,47294,6,,,1,100,,47295,6,,,1,100,,47296,6,,,1,100,,47297,6,,,1,100,,47298,6,,,1,100,,47299,6,,,1,500,,47303,6,,,1,100,,47304,6,,,1,100,,47305,6,,,1,100,,47306,6,,,1
301,'20260727',610,,47408,17,,,1,30,,47410,30,,,1,70,,47397,6,,,1,30,,47381,6,,,1,70,,47398,6,,,1,30,,47382,6,,,1,70,,47399,6,,,1,30,,47383,6,,,1,70,,47400,6,,,1,30,,47384,6,,,1,100,,47385,6,,,1,100,,47386,6,,,1,100,,47387,6,,,1,100,,47388,6,,,1,100,,47389,6,,,1,500,,47393,6,,,1,100,,47394,6,,,1,100,,47395,6,,,1,100,,47396,6,,,1
301,'20260728',610,,47448,17,,,1,30,,47450,30,,,1,70,,47437,6,,,1,30,,47421,6,,,1,70,,47438,6,,,1,30,,47422,6,,,1,70,,47439,6,,,1,30,,47423,6,,,1,70,,47440,6,,,1,30,,47424,6,,,1,100,,47425,6,,,1,100,,47426,6,,,1,100,,47427,6,,,1,100,,47428,6,,,1,100,,47429,6,,,1,500,,47433,6,,,1,100,,47434,6,,,1,100,,47435,6,,,1,100,,47436,6,,,1
301,'20260729',610,,47488,17,,,1,30,,47490,30,,,1,70,,47477,6,,,1,30,,47461,6,,,1,70,,47478,6,,,1,30,,47462,6,,,1,70,,47479,6,,,1,30,,47463,6,,,1,70,,47480,6,,,1,30,,47464,6,,,1,100,,47465,6,,,1,100,,47466,6,,,1,100,,47467,6,,,1,100,,47468,6,,,1,100,,47469,6,,,1,500,,47473,6,,,1,100,,47474,6,,,1,100,,47475,6,,,1,100,,47476,6,,,1
301,'20260730',610,,47528,17,,,1,30,,47530,30,,,1,70,,47517,6,,,1,30,,47501,6,,,1,70,,47518,6,,,1,30,,47502,6,,,1,70,,47519,6,,,1,30,,47503,6,,,1,70,,47520,6,,,1,30,,47504,6,,,1,100,,47505,6,,,1,100,,47506,6,,,1,100,,47507,6,,,1,100,,47508,6,,,1,100,,47509,6,,,1,500,,47513,6,,,1,100,,47514,6,,,1,100,,47515,6,,,1,100,,47516,6,,,1
301,'20260731',610,,47568,17,,,1,30,,47570,30,,,1,70,,47557,6,,,1,30,,47541,6,,,1,70,,47558,6,,,1,30,,47542,6,,,1,70,,47559,6,,,1,30,,47543,6,,,1,70,,47560,6,,,1,30,,47544,6,,,1,100,,47545,6,,,1,100,,47546,6,,,1,100,,47547,6,,,1,100,,47548,6,,,1,100,,47549,6,,,1,500,,47553,6,,,1,100,,47554,6,,,1,100,,47555,6,,,1,100,,47556,6,,,1
301,'20260803',610,,47658,17,,,1,30,,47660,30,,,1,70,,47647,6,,,1,30,,47631,6,,,1,70,,47648,6,,,1,30,,47632,6,,,1,70,,47649,6,,,1,30,,47633,6,,,1,70,,47650,6,,,1,30,,47634,6,,,1,100,,47635,6,,,1,100,,47636,6,,,1,100,,47637,6,,,1,100,,47638,6,,,1,100,,47639,6,,,1,500,,47643,6,,,1,100,,47644,6,,,1,100,,47645,6,,,1,100,,47646,6,,,1
301,'20260804',610,,47698,17,,,1,30,,47700,30,,,1,70,,47687,6,,,1,30,,47671,6,,,1,70,,47688,6,,,1,30,,47672,6,,,1,70,,47689,6,,,1,30,,47673,6,,,1,70,,47690,6,,,1,30,,47674,6,,,1,100,,47675,6,,,1,100,,47676,6,,,1,100,,47677,6,,,1,100,,47678,6,,,1,100,,47679,6,,,1,500,,47683,6,,,1,100,,47684,6,,,1,100,,47685,6,,,1,100,,47686,6,,,1
301,'20260805',610,,47738,17,,,1,30,,47740,30,,,1,70,,47727,6,,,1,30,,47711,6,,,1,70,,47728,6,,,1,30,,47712,6,,,1,70,,47729,6,,,1,30,,47713,6,,,1,70,,47730,6,,,1,30,,47714,6,,,1,100,,47715,6,,,1,100,,47716,6,,,1,100,,47717,6,,,1,100,,47718,6,,,1,100,,47719,6,,,1,500,,47723,6,,,1,100,,47724,6,,,1,100,,47725,6,,,1,100,,47726,6,,,1
301,'20260806',610,,47778,17,,,1,30,,47780,30,,,1,70,,47767,6,,,1,30,,47751,6,,,1,70,,47768,6,,,1,30,,47752,6,,,1,70,,47769,6,,,1,30,,47753,6,,,1,70,,47770,6,,,1,30,,47754,6,,,1,100,,47755,6,,,1,100,,47756,6,,,1,100,,47757,6,,,1,100,,47758,6,,,1,100,,47759,6,,,1,500,,47763,6,,,1,100,,47764,6,,,1,100,,47765,6,,,1,100,,47766,6,,,1
301,'20260807',610,,47818,17,,,1,30,,47820,30,,,1,70,,47807,6,,,1,30,,47791,6,,,1,70,,47808,6,,,1,30,,47792,6,,,1,70,,47809,6,,,1,30,,47793,6,,,1,70,,47810,6,,,1,30,,47794,6,,,1,100,,47795,6,,,1,100,,47796,6,,,1,100,,47797,6,,,1,100,,47798,6,,,1,100,,47799,6,,,1,500,,47803,6,,,1,100,,47804,6,,,1,100,,47805,6,,,1,100,,47806,6,,,1
301,'20260810',610,,47908,17,,,1,30,,47910,30,,,1,70,,47897,6,,,1,30,,47881,6,,,1,70,,47898,6,,,1,30,,47882,6,,,1,70,,47899,6,,,1,30,,47883,6,,,1,70,,47900,6,,,1,30,,47884,6,,,1,100,,47885,6,,,1,100,,47886,6,,,1,100,,47887,6,,,1,100,,47888,6,,,1,100,,47889,6,,,1,500,,47893,6,,,1,100,,47894,6,,,1,100,,47895,6,,,1,100,,47896,6,,,1
301,'20260811',610,,47948,17,,,1,30,,47950,30,,,1,70,,47937,6,,,1,30,,47921,6,,,1,70,,47938,6,,,1,30,,47922,6,,,1,70,,47939,6,,,1,30,,47923,6,,,1,70,,47940,6,,,1,30,,47924,6,,,1,100,,47925,6,,,1,100,,47926,6,,,1,100,,47927,6,,,1,100,,47928,6,,,1,100,,47929,6,,,1,500,,47933,6,,,1,100,,47934,6,,,1,100,,47935,6,,,1,100,,47936,6,,,1
301,'20260812',610,,47988,17,,,1,30,,47990,30,,,1,70,,47977,6,,,1,30,,47961,6,,,1,70,,47978,6,,,1,30,,47962,6,,,1,70,,47979,6,,,1,30,,47963,6,,,1,70,,47980,6,,,1,30,,47964,6,,,1,100,,47965,6,,,1,100,,47966,6,,,1,100,,47967,6,,,1,100,,47968,6,,,1,100,,47969,6,,,1,500,,47973,6,,,1,100,,47974,6,,,1,100,,47975,6,,,1,100,,47976,6,,,1
301,'20260813',610,,48028,17,,,1,30,,48030,30,,,1,70,,48017,6,,,1,30,,48001,6,,,1,70,,48018,6,,,1,30,,48002,6,,,1,70,,48019,6,,,1,30,,48003,6,,,1,70,,48020,6,,,1,30,,48004,6,,,1,100,,48005,6,,,1,100,,48006,6,,,1,100,,48007,6,,,1,100,,48008,6,,,1,100,,48009,6,,,1,500,,48013,6,,,1,100,,48014,6,,,1,100,,48015,6,,,1,100,,48016,6,,,1
301,'20260814',610,,48068,17,,,1,30,,48070,30,,,1,70,,48057,6,,,1,30,,48041,6,,,1,70,,48058,6,,,1,30,,48042,6,,,1,70,,48059,6,,,1,30,,48043,6,,,1,70,,48060,6,,,1,30,,48044,6,,,1,100,,48045,6,,,1,100,,48046,6,,,1,100,,48047,6,,,1,100,,48048,6,,,1,100,,48049,6,,,1,500,,48053,6,,,1,100,,48054,6,,,1,100,,48055,6,,,1,100,,48056,6,,,1
301,'20260817',610,,48158,17,,,1,30,,48160,30,,,1,70,,48147,6,,,1,30,,48131,6,,,1,70,,48148,6,,,1,30,,48132,6,,,1,70,,48149,6,,,1,30,,48133,6,,,1,70,,48150,6,,,1,30,,48134,6,,,1,100,,48135,6,,,1,100,,48136,6,,,1,100,,48137,6,,,1,100,,48138,6,,,1,100,,48139,6,,,1,500,,48143,6,,,1,100,,48144,6,,,1,100,,48145,6,,,1,100,,48146,6,,,1
301,'20260818',610,,48198,17,,,1,30,,48200,30,,,1,70,,48187,6,,,1,30,,48171,6,,,1,70,,48188,6,,,1,30,,48172,6,,,1,70,,48189,6,,,1,30,,48173,6,,,1,70,,48190,6,,,1,30,,48174,6,,,1,100,,48175,6,,,1,100,,48176,6,,,1,100,,48177,6,,,1,100,,48178,6,,,1,100,,48179,6,,,1,500,,48183,6,,,1,100,,48184,6,,,1,100,,48185,6,,,1,100,,48186,6,,,1
301,'20260819',610,,48238,17,,,1,30,,48240,30,,,1,70,,48227,6,,,1,30,,48211,6,,,1,70,,48228,6,,,1,30,,48212,6,,,1,70,,48229,6,,,1,30,,48213,6,,,1,70,,48230,6,,,1,30,,48214,6,,,1,100,,48215,6,,,1,100,,48216,6,,,1,100,,48217,6,,,1,100,,48218,6,,,1,100,,48219,6,,,1,500,,48223,6,,,1,100,,48224,6,,,1,100,,48225,6,,,1,100,,48226,6,,,1
301,'20260820',610,,48278,17,,,1,30,,48280,30,,,1,70,,48267,6,,,1,30,,48251,6,,,1,70,,48268,6,,,1,30,,48252,6,,,1,70,,48269,6,,,1,30,,48253,6,,,1,70,,48270,6,,,1,30,,48254,6,,,1,100,,48255,6,,,1,100,,48256,6,,,1,100,,48257,6,,,1,100,,48258,6,,,1,100,,48259,6,,,1,500,,48263,6,,,1,100,,48264,6,,,1,100,,48265,6,,,1,100,,48266,6,,,1
301,'20260821',610,,48318,17,,,1,30,,48320,30,,,1,70,,48307,6,,,1,30,,48291,6,,,1,70,,48308,6,,,1,30,,48292,6,,,1,70,,48309,6,,,1,30,,48293,6,,,1,70,,48310,6,,,1,30,,48294,6,,,1,100,,48295,6,,,1,100,,48296,6,,,1,100,,48297,6,,,1,100,,48298,6,,,1,100,,48299,6,,,1,500,,48303,6,,,1,100,,48304,6,,,1,100,,48305,6,,,1,100,,48306,6,,,1
301,'20260824',610,,48408,17,,,1,30,,48410,30,,,1,70,,48397,6,,,1,30,,48381,6,,,1,70,,48398,6,,,1,30,,48382,6,,,1,70,,48399,6,,,1,30,,48383,6,,,1,70,,48400,6,,,1,30,,48384,6,,,1,100,,48385,6,,,1,100,,48386,6,,,1,100,,48387,6,,,1,100,,48388,6,,,1,100,,48389,6,,,1,500,,48393,6,,,1,100,,48394,6,,,1,100,,48395,6,,,1,100,,48396,6,,,1
301,'20260825',610,,48448,17,,,1,30,,48450,30,,,1,70,,48437,6,,,1,30,,48421,6,,,1,70,,48438,6,,,1,30,,48422,6,,,1,70,,48439,6,,,1,30,,48423,6,,,1,70,,48440,6,,,1,30,,48424,6,,,1,100,,48425,6,,,1,100,,48426,6,,,1,100,,48427,6,,,1,100,,48428,6,,,1,100,,48429,6,,,1,500,,48433,6,,,1,100,,48434,6,,,1,100,,48435,6,,,1,100,,48436,6,,,1
301,'20260826',610,,48488,17,,,1,30,,48490,30,,,1,70,,48477,6,,,1,30,,48461,6,,,1,70,,48478,6,,,1,30,,48462,6,,,1,70,,48479,6,,,1,30,,48463,6,,,1,70,,48480,6,,,1,30,,48464,6,,,1,100,,48465,6,,,1,100,,48466,6,,,1,100,,48467,6,,,1,100,,48468,6,,,1,100,,48469,6,,,1,500,,48473,6,,,1,100,,48474,6,,,1,100,,48475,6,,,1,100,,48476,6,,,1
301,'20260827',610,,48528,17,,,1,30,,48530,30,,,1,70,,48517,6,,,1,30,,48501,6,,,1,70,,48518,6,,,1,30,,48502,6,,,1,70,,48519,6,,,1,30,,48503,6,,,1,70,,48520,6,,,1,30,,48504,6,,,1,100,,48505,6,,,1,100,,48506,6,,,1,100,,48507,6,,,1,100,,48508,6,,,1,100,,48509,6,,,1,500,,48513,6,,,1,100,,48514,6,,,1,100,,48515,6,,,1,100,,48516,6,,,1
301,'20260828',610,,48568,17,,,1,30,,48570,30,,,1,70,,48557,6,,,1,30,,48541,6,,,1,70,,48558,6,,,1,30,,48542,6,,,1,70,,48559,6,,,1,30,,48543,6,,,1,70,,48560,6,,,1,30,,48544,6,,,1,100,,48545,6,,,1,100,,48546,6,,,1,100,,48547,6,,,1,100,,48548,6,,,1,100,,48549,6,,,1,500,,48553,6,,,1,100,,48554,6,,,1,100,,48555,6,,,1,100,,48556,6,,,1
301,'20260831',610,,48658,17,,,1,30,,48660,30,,,1,70,,48647,6,,,1,30,,48631,6,,,1,70,,48648,6,,,1,30,,48632,6,,,1,70,,48649,6,,,1,30,,48633,6,,,1,70,,48650,6,,,1,30,,48634,6,,,1,100,,48635,6,,,1,100,,48636,6,,,1,100,,48637,6,,,1,100,,48638,6,,,1,100,,48639,6,,,1,500,,48643,6,,,1,100,,48644,6,,,1,100,,48645,6,,,1,100,,48646,6,,,1
301,'20260901',610,,48698,17,,,1,30,,48700,30,,,1,70,,48687,6,,,1,30,,48671,6,,,1,70,,48688,6,,,1,30,,48672,6,,,1,70,,48689,6,,,1,30,,48673,6,,,1,70,,48690,6,,,1,30,,48674,6,,,1,100,,48675,6,,,1,100,,48676,6,,,1,100,,48677,6,,,1,100,,48678,6,,,1,100,,48679,6,,,1,500,,48683,6,,,1,100,,48684,6,,,1,100,,48685,6,,,1,100,,48686,6,,,1
301,'20260902',610,,48738,17,,,1,30,,48740,30,,,1,70,,48727,6,,,1,30,,48711,6,,,1,70,,48728,6,,,1,30,,48712,6,,,1,70,,48729,6,,,1,30,,48713,6,,,1,70,,48730,6,,,1,30,,48714,6,,,1,100,,48715,6,,,1,100,,48716,6,,,1,100,,48717,6,,,1,100,,48718,6,,,1,100,,48719,6,,,1,500,,48723,6,,,1,100,,48724,6,,,1,100,,48725,6,,,1,100,,48726,6,,,1
301,'20260903',610,,48778,17,,,1,30,,48780,30,,,1,70,,48767,6,,,1,30,,48751,6,,,1,70,,48768,6,,,1,30,,48752,6,,,1,70,,48769,6,,,1,30,,48753,6,,,1,70,,48770,6,,,1,30,,48754,6,,,1,100,,48755,6,,,1,100,,48756,6,,,1,100,,48757,6,,,1,100,,48758,6,,,1,100,,48759,6,,,1,500,,48763,6,,,1,100,,48764,6,,,1,100,,48765,6,,,1,100,,48766,6,,,1
301,'20260904',610,,48818,17,,,1,30,,48820,30,,,1,70,,48807,6,,,1,30,,48791,6,,,1,70,,48808,6,,,1,30,,48792,6,,,1,70,,48809,6,,,1,30,,48793,6,,,1,70,,48810,6,,,1,30,,48794,6,,,1,100,,48795,6,,,1,100,,48796,6,,,1,100,,48797,6,,,1,100,,48798,6,,,1,100,,48799,6,,,1,500,,48803,6,,,1,100,,48804,6,,,1,100,,48805,6,,,1,100,,48806,6,,,1
