200,'20260722',1603,,41940,19,,,1,30,,41941,19,,,1,15,,41942,19,,,1,55,,41943,19,,,1,15,,41944,19,,,1,15,,41945,19,,,1,15,,41946,19,,,1,70,,41947,19,,,1,30,,41948,19,,,1,85,,41949,19,,,1
200,'20260723',1603,,41950,19,,,1,30,,41951,19,,,1,15,,41952,19,,,1,55,,41953,19,,,1,15,,41954,19,,,1,15,,41955,19,,,1,15,,41956,19,,,1,70,,41957,19,,,1,30,,41958,19,,,1,85,,41959,19,,,1
200,'20260724',1603,,41960,19,,,1,30,,41961,19,,,1,15,,41962,19,,,1,55,,41963,19,,,1,15,,41964,19,,,1,15,,41965,19,,,1,15,,41966,19,,,1,70,,41967,19,,,1,30,,41968,19,,,1,85,,41969,19,,,1
200,'20260727',1603,,41970,19,,,1,30,,41971,19,,,1,15,,41972,19,,,1,55,,41973,19,,,1,15,,41974,19,,,1,15,,41975,19,,,1,15,,41976,19,,,1,70,,41977,19,,,1,30,,41978,19,,,1,85,,41979,19,,,1
200,'20260728',1603,,41980,19,,,1,30,,41981,19,,,1,15,,41982,19,,,1,55,,41983,19,,,1,15,,41984,19,,,1,15,,41985,19,,,1,15,,41986,19,,,1,70,,41987,19,,,1,30,,41988,19,,,1,85,,41989,19,,,1
200,'20260729',1603,,41990,19,,,1,30,,41991,19,,,1,15,,41992,19,,,1,55,,41993,19,,,1,15,,41994,19,,,1,15,,41995,19,,,1,15,,41996,19,,,1,70,,41997,19,,,1,30,,41998,19,,,1,85,,41999,19,,,1
200,'20260730',1603,,42000,19,,,1,30,,42001,19,,,1,15,,42002,19,,,1,55,,42003,19,,,1,15,,42004,19,,,1,15,,42005,19,,,1,15,,42006,19,,,1,70,,42007,19,,,1,30,,42008,19,,,1,85,,42009,19,,,1
200,'20260731',1603,,42010,19,,,1,30,,42011,19,,,1,15,,42012,19,,,1,55,,42013,19,,,1,15,,42014,19,,,1,15,,42015,19,,,1,15,,42016,19,,,1,70,,42017,19,,,1,30,,42018,19,,,1,85,,42019,19,,,1
200,'20260804',1603,,42030,19,,,1,30,,42031,19,,,1,15,,42032,19,,,1,55,,42033,19,,,1,15,,42034,19,,,1,15,,42035,19,,,1,15,,42036,19,,,1,70,,42037,19,,,1,30,,42038,19,,,1,85,,42039,19,,,1
200,'20260805',1603,,42040,19,,,1,30,,42041,19,,,1,15,,42042,19,,,1,55,,42043,19,,,1,15,,42044,19,,,1,15,,42045,19,,,1,15,,42046,19,,,1,70,,42047,19,,,1,30,,42048,19,,,1,85,,42049,19,,,1
200,'20260806',1603,,42050,19,,,1,30,,42051,19,,,1,15,,42052,19,,,1,55,,42053,19,,,1,15,,42054,19,,,1,15,,42055,19,,,1,15,,42056,19,,,1,70,,42057,19,,,1,30,,42058,19,,,1,85,,42059,19,,,1
200,'20260807',1603,,42060,19,,,1,30,,42061,19,,,1,15,,42062,19,,,1,55,,42063,19,,,1,15,,42064,19,,,1,15,,42065,19,,,1,15,,42066,19,,,1,70,,42067,19,,,1,30,,42068,19,,,1,85,,42069,19,,,1
200,'20260810',1603,,64795,19,,,1,30,,64796,19,,,1,15,,64797,19,,,1,55,,64798,19,,,1,15,,64799,19,,,1,15,,64800,19,,,1,15,,64801,19,,,1,70,,64802,19,,,1,30,,64803,19,,,1,85,,64804,19,,,1
200,'20260811',1603,,42080,19,,,1,30,,42081,19,,,1,15,,42082,19,,,1,55,,42083,19,,,1,15,,42084,19,,,1,15,,42085,19,,,1,15,,42086,19,,,1,70,,42087,19,,,1,30,,42088,19,,,1,85,,42089,19,,,1
200,'20260812',1603,,42090,19,,,1,30,,42091,19,,,1,15,,42092,19,,,1,55,,42093,19,,,1,15,,42094,19,,,1,15,,42095,19,,,1,15,,42096,19,,,1,70,,42097,19,,,1,30,,42098,19,,,1,85,,42099,19,,,1
200,'20260813',1603,,42100,19,,,1,30,,42101,19,,,1,15,,42102,19,,,1,55,,42103,19,,,1,15,,42104,19,,,1,15,,42105,19,,,1,15,,42106,19,,,1,70,,42107,19,,,1,30,,42108,19,,,1,85,,42109,19,,,1
200,'20260814',1603,,42110,19,,,1,30,,42111,19,,,1,15,,42112,19,,,1,55,,42113,19,,,1,15,,42114,19,,,1,15,,42115,19,,,1,15,,42116,19,,,1,70,,42117,19,,,1,30,,42118,19,,,1,85,,42119,19,,,1
200,'20260817',1603,,64805,19,,,1,30,,64806,19,,,1,15,,64807,19,,,1,55,,64808,19,,,1,15,,64809,19,,,1,15,,64810,19,,,1,15,,64811,19,,,1,70,,64812,19,,,1,30,,64813,19,,,1,85,,64814,19,,,1
200,'20260818',1603,,42130,19,,,1,30,,42131,19,,,1,15,,42132,19,,,1,55,,42133,19,,,1,15,,42134,19,,,1,15,,42135,19,,,1,15,,42136,19,,,1,70,,42137,19,,,1,30,,42138,19,,,1,85,,42139,19,,,1
200,'20260819',1603,,42140,19,,,1,30,,42141,19,,,1,15,,42142,19,,,1,55,,42143,19,,,1,15,,42144,19,,,1,15,,42145,19,,,1,15,,42146,19,,,1,70,,42147,19,,,1,30,,42148,19,,,1,85,,42149,19,,,1
200,'20260820',1603,,42150,19,,,1,30,,42151,19,,,1,15,,42152,19,,,1,55,,42153,19,,,1,15,,42154,19,,,1,15,,42155,19,,,1,15,,42156,19,,,1,70,,42157,19,,,1,30,,42158,19,,,1,85,,42159,19,,,1
200,'20260821',1603,,42160,19,,,1,30,,42161,19,,,1,15,,42162,19,,,1,55,,42163,19,,,1,15,,42164,19,,,1,15,,42165,19,,,1,15,,42166,19,,,1,70,,42167,19,,,1,30,,42168,19,,,1,85,,42169,19,,,1
200,'20260824',1603,,64815,19,,,1,30,,64816,19,,,1,15,,64817,19,,,1,55,,64818,19,,,1,15,,64819,19,,,1,15,,64820,19,,,1,15,,64821,19,,,1,70,,64822,19,,,1,30,,64823,19,,,1,85,,64824,19,,,1
200,'20260825',1603,,42180,19,,,1,30,,42181,19,,,1,15,,42182,19,,,1,55,,42183,19,,,1,15,,42184,19,,,1,15,,42185,19,,,1,15,,42186,19,,,1,70,,42187,19,,,1,30,,42188,19,,,1,85,,42189,19,,,1
200,'20260826',1603,,42190,19,,,1,30,,42191,19,,,1,15,,42192,19,,,1,55,,42193,19,,,1,15,,42194,19,,,1,15,,42195,19,,,1,15,,42196,19,,,1,70,,42197,19,,,1,30,,42198,19,,,1,85,,42199,19,,,1
200,'20260827',1603,,42200,19,,,1,30,,42201,19,,,1,15,,42202,19,,,1,55,,42203,19,,,1,15,,42204,19,,,1,15,,42205,19,,,1,15,,42206,19,,,1,70,,42207,19,,,1,30,,42208,19,,,1,85,,42209,19,,,1
200,'20260828',1603,,42210,19,,,1,30,,42211,19,,,1,15,,42212,19,,,1,55,,42213,19,,,1,15,,42214,19,,,1,15,,42215,19,,,1,15,,42216,19,,,1,70,,42217,19,,,1,30,,42218,19,,,1,85,,42219,19,,,1
200,'20260831',1603,,64825,19,,,1,30,,64826,19,,,1,15,,64827,19,,,1,55,,64828,19,,,1,15,,64829,19,,,1,15,,64830,19,,,1,15,,64831,19,,,1,70,,64832,19,,,1,30,,64833,19,,,1,85,,64834,19,,,1
200,'20260901',1603,,42230,19,,,1,30,,42231,19,,,1,15,,42232,19,,,1,55,,42233,19,,,1,15,,42234,19,,,1,15,,42235,19,,,1,15,,42236,19,,,1,70,,42237,19,,,1,30,,42238,19,,,1,85,,42239,19,,,1
200,'20260902',1603,,42240,19,,,1,30,,42241,19,,,1,15,,42242,19,,,1,55,,42243,19,,,1,15,,42244,19,,,1,15,,42245,19,,,1,15,,42246,19,,,1,70,,42247,19,,,1,30,,42248,19,,,1,85,,42249,19,,,1
200,'20260903',1603,,42250,19,,,1,30,,42251,19,,,1,15,,42252,19,,,1,55,,42253,19,,,1,15,,42254,19,,,1,15,,42255,19,,,1,15,,42256,19,,,1,70,,42257,19,,,1,30,,42258,19,,,1,85,,42259,19,,,1
200,'20260904',1603,,42260,19,,,1,30,,42261,19,,,1,15,,42262,19,,,1,55,,42263,19,,,1,15,,42264,19,,,1,15,,42265,19,,,1,15,,42266,19,,,1,70,,42267,19,,,1,30,,42268,19,,,1,85,,42269,19,,,1
201,'20260722',636,,42530,17,,,1,70,,42531,17,,,1,15,,42532,17,,,1,15,,42533,17,,,1,15,,42534,17,,,1,55,,42535,17,,,1,15,,42536,17,,,1,15,,42537,17,,,1,15,,42538,17,,,1,55,,42539,17,,,1
201,'20260723',636,,42540,17,,,1,70,,42541,17,,,1,15,,42542,17,,,1,15,,42543,17,,,1,15,,42544,17,,,1,55,,42545,17,,,1,15,,42546,17,,,1,15,,42547,17,,,1,15,,42548,17,,,1,55,,42549,17,,,1
201,'20260724',636,,42550,17,,,1,70,,42551,17,,,1,15,,42552,17,,,1,15,,42553,17,,,1,15,,42554,17,,,1,55,,42555,17,,,1,15,,42556,17,,,1,15,,42557,17,,,1,15,,42558,17,,,1,55,,42559,17,,,1
201,'20260727',636,,42560,17,,,1,70,,42561,17,,,1,15,,42562,17,,,1,15,,42563,17,,,1,15,,42564,17,,,1,55,,42565,17,,,1,15,,42566,17,,,1,15,,42567,17,,,1,15,,42568,17,,,1,55,,42569,17,,,1
201,'20260728',636,,42570,17,,,1,70,,42571,17,,,1,15,,42572,17,,,1,15,,42573,17,,,1,15,,42574,17,,,1,55,,42575,17,,,1,15,,42576,17,,,1,15,,42577,17,,,1,15,,42578,17,,,1,55,,42579,17,,,1
201,'20260729',636,,42580,17,,,1,70,,42581,17,,,1,15,,42582,17,,,1,15,,42583,17,,,1,15,,42584,17,,,1,55,,42585,17,,,1,15,,42586,17,,,1,15,,42587,17,,,1,15,,42588,17,,,1,55,,42589,17,,,1
201,'20260730',636,,42590,17,,,1,70,,42591,17,,,1,15,,42592,17,,,1,15,,42593,17,,,1,15,,42594,17,,,1,55,,42595,17,,,1,15,,42596,17,,,1,15,,42597,17,,,1,15,,42598,17,,,1,55,,42599,17,,,1
201,'20260731',636,,42600,17,,,1,70,,42601,17,,,1,15,,42602,17,,,1,15,,42603,17,,,1,15,,42604,17,,,1,55,,42605,17,,,1,15,,42606,17,,,1,15,,42607,17,,,1,15,,42608,17,,,1,55,,42609,17,,,1
201,'20260804',636,,42620,17,,,1,70,,42621,17,,,1,15,,42622,17,,,1,15,,42623,17,,,1,15,,42624,17,,,1,55,,42625,17,,,1,15,,42626,17,,,1,15,,42627,17,,,1,15,,42628,17,,,1,55,,42629,17,,,1
201,'20260805',636,,42630,17,,,1,70,,42631,17,,,1,15,,42632,17,,,1,15,,42633,17,,,1,15,,42634,17,,,1,55,,42635,17,,,1,15,,42636,17,,,1,15,,42637,17,,,1,15,,42638,17,,,1,55,,42639,17,,,1
201,'20260806',636,,42640,17,,,1,70,,42641,17,,,1,15,,42642,17,,,1,15,,42643,17,,,1,15,,42644,17,,,1,55,,42645,17,,,1,15,,42646,17,,,1,15,,42647,17,,,1,15,,42648,17,,,1,55,,42649,17,,,1
201,'20260807',636,,42650,17,,,1,70,,42651,17,,,1,15,,42652,17,,,1,15,,42653,17,,,1,15,,42654,17,,,1,55,,42655,17,,,1,15,,42656,17,,,1,15,,42657,17,,,1,15,,42658,17,,,1,55,,42659,17,,,1
201,'20260810',636,,64835,17,,,1,70,,64836,17,,,1,15,,64837,17,,,1,15,,64838,17,,,1,15,,64839,17,,,1,55,,64840,17,,,1,15,,64841,17,,,1,15,,64842,17,,,1,15,,64843,17,,,1,55,,64844,17,,,1
201,'20260811',636,,42670,17,,,1,70,,42671,17,,,1,15,,42672,17,,,1,15,,42673,17,,,1,15,,42674,17,,,1,55,,42675,17,,,1,15,,42676,17,,,1,15,,42677,17,,,1,15,,42678,17,,,1,55,,42679,17,,,1
201,'20260812',636,,42680,17,,,1,70,,42681,17,,,1,15,,42682,17,,,1,15,,42683,17,,,1,15,,42684,17,,,1,55,,42685,17,,,1,15,,42686,17,,,1,15,,42687,17,,,1,15,,42688,17,,,1,55,,42689,17,,,1
201,'20260813',636,,42690,17,,,1,70,,42691,17,,,1,15,,42692,17,,,1,15,,42693,17,,,1,15,,42694,17,,,1,55,,42695,17,,,1,15,,42696,17,,,1,15,,42697,17,,,1,15,,42698,17,,,1,55,,42699,17,,,1
201,'20260814',636,,42700,17,,,1,70,,42701,17,,,1,15,,42702,17,,,1,15,,42703,17,,,1,15,,42704,17,,,1,55,,42705,17,,,1,15,,42706,17,,,1,15,,42707,17,,,1,15,,42708,17,,,1,55,,42709,17,,,1
201,'20260817',636,,64845,17,,,1,70,,64846,17,,,1,15,,64847,17,,,1,15,,64848,17,,,1,15,,64849,17,,,1,55,,64850,17,,,1,15,,64851,17,,,1,15,,64852,17,,,1,15,,64853,17,,,1,55,,64854,17,,,1
201,'20260818',636,,42720,17,,,1,70,,42721,17,,,1,15,,42722,17,,,1,15,,42723,17,,,1,15,,42724,17,,,1,55,,42725,17,,,1,15,,42726,17,,,1,15,,42727,17,,,1,15,,42728,17,,,1,55,,42729,17,,,1
201,'20260819',636,,42730,17,,,1,70,,42731,17,,,1,15,,42732,17,,,1,15,,42733,17,,,1,15,,42734,17,,,1,55,,42735,17,,,1,15,,42736,17,,,1,15,,42737,17,,,1,15,,42738,17,,,1,55,,42739,17,,,1
201,'20260820',636,,42740,17,,,1,70,,42741,17,,,1,15,,42742,17,,,1,15,,42743,17,,,1,15,,42744,17,,,1,55,,42745,17,,,1,15,,42746,17,,,1,15,,42747,17,,,1,15,,42748,17,,,1,55,,42749,17,,,1
201,'20260821',636,,42750,17,,,1,70,,42751,17,,,1,15,,42752,17,,,1,15,,42753,17,,,1,15,,42754,17,,,1,55,,42755,17,,,1,15,,42756,17,,,1,15,,42757,17,,,1,15,,42758,17,,,1,55,,42759,17,,,1
201,'20260824',636,,64855,17,,,1,70,,64856,17,,,1,15,,64857,17,,,1,15,,64858,17,,,1,15,,64859,17,,,1,55,,64860,17,,,1,15,,64861,17,,,1,15,,64862,17,,,1,15,,64863,17,,,1,55,,64864,17,,,1
201,'20260825',636,,42770,17,,,1,70,,42771,17,,,1,15,,42772,17,,,1,15,,42773,17,,,1,15,,42774,17,,,1,55,,42775,17,,,1,15,,42776,17,,,1,15,,42777,17,,,1,15,,42778,17,,,1,55,,42779,17,,,1
201,'20260826',636,,42780,17,,,1,70,,42781,17,,,1,15,,42782,17,,,1,15,,42783,17,,,1,15,,42784,17,,,1,55,,42785,17,,,1,15,,42786,17,,,1,15,,42787,17,,,1,15,,42788,17,,,1,55,,42789,17,,,1
201,'20260827',636,,42790,17,,,1,70,,42791,17,,,1,15,,42792,17,,,1,15,,42793,17,,,1,15,,42794,17,,,1,55,,42795,17,,,1,15,,42796,17,,,1,15,,42797,17,,,1,15,,42798,17,,,1,55,,42799,17,,,1
201,'20260828',636,,42800,17,,,1,70,,42801,17,,,1,15,,42802,17,,,1,15,,42803,17,,,1,15,,42804,17,,,1,55,,42805,17,,,1,15,,42806,17,,,1,15,,42807,17,,,1,15,,42808,17,,,1,55,,42809,17,,,1
201,'20260831',636,,64865,17,,,1,70,,64866,17,,,1,15,,64867,17,,,1,15,,64868,17,,,1,15,,64869,17,,,1,55,,64870,17,,,1,15,,64871,17,,,1,15,,64872,17,,,1,15,,64873,17,,,1,55,,64874,17,,,1
201,'20260901',636,,42820,17,,,1,70,,42821,17,,,1,15,,42822,17,,,1,15,,42823,17,,,1,15,,42824,17,,,1,55,,42825,17,,,1,15,,42826,17,,,1,15,,42827,17,,,1,15,,42828,17,,,1,55,,42829,17,,,1
201,'20260902',636,,42830,17,,,1,70,,42831,17,,,1,15,,42832,17,,,1,15,,42833,17,,,1,15,,42834,17,,,1,55,,42835,17,,,1,15,,42836,17,,,1,15,,42837,17,,,1,15,,42838,17,,,1,55,,42839,17,,,1
201,'20260903',636,,42840,17,,,1,70,,42841,17,,,1,15,,42842,17,,,1,15,,42843,17,,,1,15,,42844,17,,,1,55,,42845,17,,,1,15,,42846,17,,,1,15,,42847,17,,,1,15,,42848,17,,,1,55,,42849,17,,,1
201,'20260904',636,,42850,17,,,1,70,,42851,17,,,1,15,,42852,17,,,1,15,,42853,17,,,1,15,,42854,17,,,1,55,,42855,17,,,1,15,,42856,17,,,1,15,,42857,17,,,1,15,,42858,17,,,1,55,,42859,17,,,1
