300,'20260722',1928,,63784,51,4,,1
300,'20260723',1928,,63785,51,4,,1
300,'20260724',1928,,63786,51,4,,1
300,'20260727',1933,,63789,51,4,,1
300,'20260728',1933,,63790,51,4,,1
300,'20260729',1928,,63791,51,4,,1
300,'20260730',1928,,63792,51,4,,1
300,'20260731',1928,,63793,51,4,,1
300,'20260801',1116,,63794,49,4,,1
300,'20260802',1116,,63795,49,4,,1
300,'20260803',1116,,64171,49,4,,1
300,'20260804',1928,,63797,51,4,,1
300,'20260805',1928,,63798,51,4,,1
300,'20260806',1928,,63799,51,4,,1
300,'20260807',1928,,63800,51,4,,1
300,'20260808',1116,,63801,49,4,,1
300,'20260809',1116,,63802,49,4,,1
300,'20260810',1928,,64905,51,4,,1
300,'20260811',1928,,63804,51,4,,1
300,'20260812',1928,,63805,51,4,,1
300,'20260813',1928,,63806,51,4,,1
300,'20260814',1928,,63807,51,4,,1
300,'20260815',1116,,63808,49,4,,1
300,'20260816',1116,,63809,49,4,,1
300,'20260817',1928,,64936,51,4,,1
300,'20260818',1928,,63811,51,4,,1
300,'20260819',1928,,63812,51,4,,1
300,'20260820',1928,,63813,51,4,,1
300,'20260821',1928,,63814,51,4,,1
300,'20260822',1116,,63815,49,4,,1
300,'20260823',1116,,63816,49,4,,1
300,'20260824',1928,,64967,51,4,,1
300,'20260825',1928,,63818,51,4,,1
300,'20260826',1928,,63819,51,4,,1
300,'20260827',1928,,63820,51,4,,1
300,'20260828',1928,,63821,51,4,,1
300,'20260829',1116,,63822,49,4,,1
300,'20260830',1116,,63823,49,4,,1
300,'20260831',1928,,64998,51,4,,1
300,'20260901',1928,,63825,51,4,,1
300,'20260902',1928,,63826,51,4,,1
300,'20260903',1928,,63827,51,4,,1
300,'20260904',1928,,63828,51,4,,1
301,'20260722',616,,63845,1,,,1
301,'20260723',616,,63846,1,,,1
301,'20260724',616,,63847,1,,,1
301,'20260727',611,,63850,1,,,1
301,'20260728',611,,63851,1,,,1
301,'20260729',616,,63852,1,,,1
301,'20260730',616,,63853,1,,,1
301,'20260731',616,,63854,1,,,1
301,'20260801',1816,,63855,1,,,1
301,'20260802',1816,,63856,1,,,1
301,'20260803',1816,,64257,1,,,1
301,'20260804',616,,63858,1,,,1
301,'20260805',616,,63859,1,,,1
301,'20260806',616,,63860,1,,,1
301,'20260807',616,,63861,1,,,1
301,'20260808',1816,,63862,1,,,1
301,'20260809',1816,,63863,1,,,1
301,'20260810',616,,65030,1,,,1
301,'20260811',616,,63865,1,,,1
301,'20260812',616,,63866,1,,,1
301,'20260813',616,,63867,1,,,1
301,'20260814',616,,63868,1,,,1
301,'20260815',1816,,63869,1,,,1
301,'20260816',1816,,63870,1,,,1
301,'20260817',616,,65062,1,,,1
301,'20260818',616,,63872,1,,,1
301,'20260819',616,,63873,1,,,1
301,'20260820',616,,63874,1,,,1
301,'20260821',616,,63875,1,,,1
301,'20260822',1816,,63876,1,,,1
301,'20260823',1816,,63877,1,,,1
301,'20260824',616,,65094,1,,,1
301,'20260825',616,,63879,1,,,1
301,'20260826',616,,63880,1,,,1
301,'20260827',616,,63881,1,,,1
301,'20260828',616,,63882,1,,,1
301,'20260829',1816,,63883,1,,,1
301,'20260830',1816,,63884,1,,,1
301,'20260831',616,,65126,1,,,1
301,'20260901',616,,63886,1,,,1
301,'20260902',616,,63887,1,,,1
301,'20260903',616,,63888,1,,,1
301,'20260904',616,,63889,1,,,1
