100,9021,1,0
100,9022,2,0
100,9031,3,0
100,9033,4,0
100,9111,5,0
100,9121,6,0
100,9131,7,0
100,9141,8,0
100,9151,9,0
100,9161,10,0
100,9171,11,0
100,100001,12,0
100,9181,13,1
101,9181,1,0
101,100001,2,0
101,9171,3,0
101,9161,4,0
101,9151,5,0
101,9141,6,0
101,9131,7,0
101,9121,8,0
101,9111,9,0
101,9033,10,0
101,9031,11,0
101,9022,12,0
101,9021,13,1
200,9021,1,0
200,9032,2,0
200,9113,3,0
200,9114,4,0
200,9123,5,0
200,9211,6,0
200,9221,7,0
200,9231,8,0
200,9241,9,1
201,9241,1,0
201,9231,2,0
201,9221,3,0
201,9211,4,0
201,9123,5,0
201,9114,6,0
201,9113,7,0
201,9032,8,0
201,9021,9,1
300,9021,1,0
300,9023,2,0
300,9041,3,0
300,9042,4,0
300,9311,5,0
300,9321,6,0
300,9331,7,0
300,9341,8,0
300,9351,9,0
300,9371,10,0
300,9391,11,0
300,9271,12,1
301,9271,1,0
301,9391,2,0
301,9371,3,0
301,9351,4,0
301,9341,5,0
301,9331,6,0
301,9321,7,0
301,9311,8,0
301,9042,9,0
301,9041,10,0
301,9023,11,0
301,9021,12,1
500,9021,1,0
500,100006,2,0
500,9191,3,0
500,9614,4,0
500,9613,5,0
500,9621,6,0
500,9631,7,0
500,9641,8,0
500,9441,9,0
500,9651,10,0
500,9681,11,0
500,9691,12,1
501,9691,1,0
501,9681,2,0
501,9651,3,0
501,9441,4,0
501,9641,5,0
501,9631,6,0
501,9621,7,0
501,9613,8,0
501,9614,9,0
501,9191,10,0
501,100006,11,0
501,9021,12,1
600,9021,1,0
600,9051,2,0
600,9052,3,0
600,9601,4,0
600,9612,5,0
600,2629,6,1
601,2629,1,0
601,9612,2,0
601,9601,3,0
601,9052,4,0
601,9051,5,0
601,9021,6,1
700,9021,1,0
700,9061,2,0
700,9062,3,0
700,9771,4,0
700,9071,5,0
700,9701,6,0
700,9712,7,0
700,9722,8,0
700,9721,9,0
700,9731,10,0
700,9741,11,0
700,9742,12,1
701,9742,1,0
701,9741,2,0
701,9731,3,0
701,9721,4,0
701,9722,5,0
701,9712,6,0
701,9701,7,0
701,9071,8,0
701,9771,9,0
701,9061,10,0
701,9021,11,1
900,9021,1,0
900,9061,2,0
900,9062,3,0
900,9063,4,0
900,9081,5,0
900,9091,6,0
900,9911,7,0
900,9921,8,0
900,9939,9,0
900,9941,10,1
901,9941,1,0
901,9939,2,0
901,9921,3,0
901,9911,4,0
901,9091,5,0
901,9081,6,0
901,9063,7,0
901,9062,8,0
901,9061,9,0
901,9021,10,1
